[Header]
TITLE,MPMS RSO Measurement
BYAPP,MPMS Measurement,1.1,Summary
FILEOPENTIME, 1473207970.408000 9/7/2016, 12:26:10 PM

INFO, APPNAME, MPMS MultiVu Application, Revision 1.61,  Build 082

INFO, NAME, A344
INFO, WEIGHT, 10.500
INFO, AREA, 1.000
INFO, LENGTH, 1.000
INFO, SHAPE, 0
INFO, COMMENT, m = 0.0105g
INFO, SEQUENCE FILE: 7T_hysteresis_sweep_hi_res_zero_n4.seq


INFO, BACKGROUND DATA FILE:, None


STARTUPAXIS,X,4,LINEAR,AUTO,0.000000,0.000000
STARTUPAXIS,Y1,5,LINEAR,AUTO,0.000000,0.000000


STARTUPGROUP,Longitudinal
FIELDGROUP,Longitudinal,1,2,3,4,5,6,7,8,9,10,11,19,20,21,22,23,35
FIELDGROUP,Transverse,1,2,3,4,12,13,14,15,16,17,18,24,25,26,27,28,35

PLOT_APPEARANCE,ALL,HORZ_GRID_ON,VERT_GRID_ON,MARKERS_AND_LINES

[Data]
Time,Comment,Field (Oe),Temperature (K),Long Moment (emu),Long Scan Std Dev,Long Offset (cm),Long Offset Std Dev,Long Algorithm,Long Reg Fit,Long Reg Factor,Trans Moment (emu),Trans Scan Std Dev,Trans Offset (cm),Trans Offset Std Dev,Trans Algorithm,Trans Reg Fit,Trans Reg Factor,Long Moment [w/o ABS] (emu),Long Scan Std Dev [w/o ABS],Long Offset [w/o ABS] (cm),Long Offset Std Dev [w/o ABS],Long Reg Fit [w/o ABS],Trans Moment [w/o ABS] (emu),Trans Scan Std Dev [w/o ABS],Trans Offset [w/o ABS] (cm),Trans Offset Std Dev [w/o ABS],Trans Reg Fit [w/o ABS],RSO Position (deg),Amplitude (cm),Frequency,Cycles to Average,Scans per Measurement,Delta Temp (K),Error,EC Comp. Running,Using ABS,
1473207970.390,,7.000000e+004,6.511670e+001,8.051596e-004,0.000000e+000,1.877518e-002,0.000000e+000,3,9.335524e-001,1.825000e+000,,,,,,,,,,,,,,,,,,0,5.000000e+000,5.000000e-001,2,1,1.027679e-002,0,1,0,
1473207981.798,,7.000000e+004,6.510231e+001,8.117750e-004,0.000000e+000,1.750023e-002,0.000000e+000,3,9.333159e-001,1.825000e+000,,,,,,,,,,,,,,,,,,0,5.000000e+000,5.000000e-001,2,1,1.849365e-002,0,1,0,
1473207994.813,,7.000000e+004,6.508278e+001,8.076628e-004,0.000000e+000,1.621431e-002,0.000000e+000,3,9.365619e-001,1.825000e+000,,,,,,,,,,,,,,,,,,0,5.000000e+000,5.000000e-001,2,1,2.056122e-002,0,1,0,
1473208006.697,,7.000000e+004,6.506429e+001,8.066658e-004,0.000000e+000,1.983816e-002,0.000000e+000,3,9.331464e-001,1.825000e+000,,,,,,,,,,,,,,,,,,0,5.000000e+000,5.000000e-001,2,1,1.641846e-002,0,1,0,
1473208177.427,,6.000000e+004,6.500682e+001,7.918032e-004,0.000000e+000,1.762882e-002,0.000000e+000,3,9.310101e-001,1.825000e+000,,,,,,,,,,,,,,,,,,0,5.000000e+000,5.000000e-001,2,1,4.112244e-003,0,1,0,
1473208191.587,,6.000000e+004,6.500682e+001,7.958946e-004,0.000000e+000,1.824257e-002,0.000000e+000,3,9.256405e-001,1.825000e+000,,,,,,,,,,,,,,,,,,0,5.000000e+000,5.000000e-001,2,1,4.112244e-003,0,1,0,
1473208205.659,,6.000000e+004,6.499759e+001,7.924283e-004,0.000000e+000,1.381264e-002,0.000000e+000,3,9.296206e-001,1.825000e+000,,,,,,,,,,,,,,,,,,0,5.000000e+000,5.000000e-001,2,1,2.052307e-003,0,1,0,
1473208217.904,,6.000000e+004,6.499862e+001,7.964672e-004,0.000000e+000,1.639400e-002,0.000000e+000,3,9.305713e-001,1.825000e+000,,,,,,,,,,,,,,,,,,0,5.000000e+000,5.000000e-001,2,1,0.000000e+000,0,1,0,
1473208378.883,,5.000000e+004,6.499657e+001,7.696551e-004,0.000000e+000,1.585888e-002,0.000000e+000,3,9.302241e-001,1.825000e+000,,,,,,,,,,,,,,,,,,0,5.000000e+000,5.000000e-001,2,1,4.089355e-003,0,0,0,
1473208391.847,,5.000000e+004,6.499350e+001,7.641316e-004,0.000000e+000,1.256126e-002,0.000000e+000,3,9.307430e-001,1.825000e+000,,,,,,,,,,,,,,,,,,0,5.000000e+000,5.000000e-001,2,1,6.134033e-003,0,0,0,
1473208405.561,,5.000000e+004,6.499350e+001,7.702065e-004,0.000000e+000,1.454617e-002,0.000000e+000,3,9.267142e-001,1.825000e+000,,,,,,,,,,,,,,,,,,0,5.000000e+000,5.000000e-001,2,1,6.134033e-003,0,0,0,
1473208417.275,,5.000000e+004,6.499658e+001,7.704132e-004,0.000000e+000,1.340446e-002,0.000000e+000,3,9.309933e-001,1.825000e+000,,,,,,,,,,,,,,,,,,0,5.000000e+000,5.000000e-001,2,1,8.201599e-003,0,0,0,
1473208585.759,,4.000000e+004,6.499350e+001,7.376029e-004,0.000000e+000,1.354400e-002,0.000000e+000,3,9.284933e-001,1.825000e+000,,,,,,,,,,,,,,,,,,0,5.000000e+000,5.000000e-001,2,1,2.052307e-003,0,0,0,
1473208597.993,,4.000000e+004,6.499965e+001,7.393768e-004,0.000000e+000,1.190557e-002,0.000000e+000,3,9.307875e-001,1.825000e+000,,,,,,,,,,,,,,,,,,0,5.000000e+000,5.000000e-001,2,1,2.059937e-003,0,0,0,
1473208610.957,,4.000000e+004,6.500683e+001,7.404051e-004,0.000000e+000,1.297929e-002,0.000000e+000,3,9.303504e-001,1.825000e+000,,,,,,,,,,,,,,,,,,0,5.000000e+000,5.000000e-001,2,1,8.209229e-003,0,0,0,
1473208623.421,,4.000000e+004,6.499760e+001,7.385839e-004,0.000000e+000,1.239498e-002,0.000000e+000,3,9.295549e-001,1.825000e+000,,,,,,,,,,,,,,,,,,0,5.000000e+000,5.000000e-001,2,1,1.024628e-002,0,0,0,
1473208788.331,,3.000000e+004,6.499965e+001,7.041115e-004,0.000000e+000,1.211085e-002,0.000000e+000,3,9.271703e-001,1.825000e+000,,,,,,,,,,,,,,,,,,0,5.000000e+000,5.000000e-001,2,1,2.059937e-003,0,0,0,
1473208800.903,,3.000000e+004,6.499760e+001,7.020400e-004,0.000000e+000,1.155651e-002,0.000000e+000,3,9.273086e-001,1.825000e+000,,,,,,,,,,,,,,,,,,0,5.000000e+000,5.000000e-001,2,1,1.024628e-002,0,0,0,
1473208814.621,,3.000000e+004,6.500067e+001,7.020474e-004,0.000000e+000,1.152446e-002,0.000000e+000,3,9.270701e-001,1.825000e+000,,,,,,,,,,,,,,,,,,0,5.000000e+000,5.000000e-001,2,1,4.104614e-003,0,0,0,
1473208827.842,,3.000000e+004,6.499863e+001,7.020967e-004,0.000000e+000,1.156992e-002,0.000000e+000,3,9.271026e-001,1.825000e+000,,,,,,,,,,,,,,,,,,0,5.000000e+000,5.000000e-001,2,1,8.193970e-003,0,0,0,
1473208990.321,,2.000000e+004,6.499657e+001,6.486674e-004,0.000000e+000,1.007422e-002,0.000000e+000,3,9.225362e-001,1.825000e+000,,,,,,,,,,,,,,,,,,0,5.000000e+000,5.000000e-001,2,1,0.000000e+000,0,0,0,
1473209003.573,,2.000000e+004,6.499863e+001,6.489002e-004,0.000000e+000,9.846354e-003,0.000000e+000,3,9.226573e-001,1.825000e+000,,,,,,,,,,,,,,,,,,0,5.000000e+000,5.000000e-001,2,1,4.112244e-003,0,0,0,
1473209016.288,,2.000000e+004,6.500170e+001,6.486319e-004,0.000000e+000,1.009589e-002,0.000000e+000,3,9.225984e-001,1.825000e+000,,,,,,,,,,,,,,,,,,0,5.000000e+000,5.000000e-001,2,1,2.044678e-003,0,0,0,
1473209027.001,,2.000000e+004,6.499759e+001,6.487718e-004,0.000000e+000,1.003151e-002,0.000000e+000,3,9.227604e-001,1.825000e+000,,,,,,,,,,,,,,,,,,0,5.000000e+000,5.000000e-001,2,1,2.052307e-003,0,0,0,
1473209183.984,,1.000000e+004,6.499554e+001,5.616971e-004,0.000000e+000,7.823550e-003,0.000000e+000,3,9.126822e-001,1.825000e+000,,,,,,,,,,,,,,,,,,0,5.000000e+000,5.000000e-001,2,1,2.037048e-003,0,1,0,
1473209197.198,,1.000000e+004,6.499248e+001,5.613384e-004,0.000000e+000,7.699015e-003,0.000000e+000,3,9.126514e-001,1.825000e+000,,,,,,,,,,,,,,,,,,0,5.000000e+000,5.000000e-001,2,1,2.049255e-002,0,1,0,
1473209209.913,,1.000000e+004,6.499657e+001,5.618220e-004,0.000000e+000,7.684956e-003,0.000000e+000,3,9.130831e-001,1.825000e+000,,,,,,,,,,,,,,,,,,0,5.000000e+000,5.000000e-001,2,1,0.000000e+000,0,1,0,
1473209222.128,,1.000000e+004,6.500171e+001,5.616687e-004,0.000000e+000,7.877965e-003,0.000000e+000,3,9.127519e-001,1.825000e+000,,,,,,,,,,,,,,,,,,0,5.000000e+000,5.000000e-001,2,1,1.027679e-002,0,1,0,
1473209348.603,,9.000000e+003,6.500376e+001,5.486428e-004,0.000000e+000,7.996641e-003,0.000000e+000,3,9.112087e-001,1.825000e+000,,,,,,,,,,,,,,,,,,0,5.000000e+000,5.000000e-001,2,1,6.164551e-003,0,1,0,
1473209361.583,,9.000000e+003,6.500478e+001,5.489801e-004,0.000000e+000,7.431113e-003,0.000000e+000,3,9.121794e-001,1.825000e+000,,,,,,,,,,,,,,,,,,0,5.000000e+000,5.000000e-001,2,1,8.201599e-003,0,1,0,
1473209373.304,,9.000000e+003,6.500375e+001,5.486679e-004,0.000000e+000,7.873263e-003,0.000000e+000,3,9.110676e-001,1.825000e+000,,,,,,,,,,,,,,,,,,0,5.000000e+000,5.000000e-001,2,1,2.044678e-003,0,1,0,
1473209386.518,,9.000000e+003,6.499759e+001,5.486049e-004,0.000000e+000,7.446117e-003,0.000000e+000,3,9.115155e-001,1.825000e+000,,,,,,,,,,,,,,,,,,0,5.000000e+000,5.000000e-001,2,1,2.052307e-003,0,1,0,
1473209512.247,,7.000000e+003,6.500786e+001,5.197691e-004,0.000000e+000,7.358816e-003,0.000000e+000,3,9.076211e-001,1.825000e+000,,,,,,,,,,,,,,,,,,0,5.000000e+000,5.000000e-001,2,1,2.037048e-003,0,1,0,
1473209524.904,,7.000000e+003,6.500273e+001,5.205020e-004,0.000000e+000,5.776872e-003,0.000000e+000,3,9.082125e-001,1.825000e+000,,,,,,,,,,,,,,,,,,0,5.000000e+000,5.000000e-001,2,1,8.224487e-003,0,1,0,
1473209536.726,,7.000000e+003,6.500169e+001,5.197260e-004,0.000000e+000,6.966282e-003,0.000000e+000,3,9.073491e-001,1.825000e+000,,,,,,,,,,,,,,,,,,0,5.000000e+000,5.000000e-001,2,1,6.149292e-003,0,1,0,
1473209548.441,,7.000000e+003,6.500478e+001,5.195148e-004,0.000000e+000,6.877702e-003,0.000000e+000,3,9.078069e-001,1.825000e+000,,,,,,,,,,,,,,,,,,0,5.000000e+000,5.000000e-001,2,1,4.119873e-003,0,1,0,
1473209672.674,,5.000000e+003,6.500682e+001,4.823051e-004,0.000000e+000,6.516920e-003,0.000000e+000,3,9.028646e-001,1.825000e+000,,,,,,,,,,,,,,,,,,0,5.000000e+000,5.000000e-001,2,1,4.112244e-003,0,1,0,
1473209684.638,,5.000000e+003,6.500169e+001,4.830053e-004,0.000000e+000,7.318637e-003,0.000000e+000,3,9.021378e-001,1.825000e+000,,,,,,,,,,,,,,,,,,0,5.000000e+000,5.000000e-001,2,1,6.149292e-003,0,1,0,
1473209698.103,,5.000000e+003,6.499965e+001,4.830715e-004,0.000000e+000,5.069405e-003,0.000000e+000,3,9.021758e-001,1.825000e+000,,,,,,,,,,,,,,,,,,0,5.000000e+000,5.000000e-001,2,1,2.059937e-003,0,1,0,
1473209710.571,,5.000000e+003,6.500171e+001,4.829345e-004,0.000000e+000,6.518258e-003,0.000000e+000,3,9.026090e-001,1.825000e+000,,,,,,,,,,,,,,,,,,0,5.000000e+000,5.000000e-001,2,1,1.845551e-002,0,1,0,
1473209836.555,,3.000000e+003,6.499863e+001,4.324315e-004,0.000000e+000,4.450628e-003,0.000000e+000,3,8.958237e-001,1.825000e+000,,,,,,,,,,,,,,,,,,0,5.000000e+000,5.000000e-001,2,1,4.112244e-003,0,1,0,
1473209850.770,,3.000000e+003,6.499863e+001,4.368327e-004,0.000000e+000,2.577722e-002,0.000000e+000,3,8.410573e-001,1.825000e+000,,,,,,,,,,,,,,,,,,0,5.000000e+000,5.000000e-001,2,1,4.112244e-003,0,1,0,
1473209862.243,,3.000000e+003,6.500067e+001,4.326596e-004,0.000000e+000,5.882980e-003,0.000000e+000,3,8.959444e-001,1.825000e+000,,,,,,,,,,,,,,,,,,0,5.000000e+000,5.000000e-001,2,1,8.201599e-003,0,0,0,
1473209875.457,,3.000000e+003,6.500375e+001,4.320373e-004,0.000000e+000,6.189639e-003,0.000000e+000,3,8.969404e-001,1.825000e+000,,,,,,,,,,,,,,,,,,0,5.000000e+000,5.000000e-001,2,1,2.044678e-003,0,0,0,
1473210003.933,,1.000000e+003,6.499657e+001,3.498966e-004,0.000000e+000,8.716806e-003,0.000000e+000,3,8.990988e-001,1.825000e+000,,,,,,,,,,,,,,,,,,0,5.000000e+000,5.000000e-001,2,1,4.089355e-003,0,0,0,
1473210016.401,,1.000000e+003,6.499554e+001,3.503548e-004,0.000000e+000,6.224139e-003,0.000000e+000,3,9.012131e-001,1.825000e+000,,,,,,,,,,,,,,,,,,0,5.000000e+000,5.000000e-001,2,1,2.037048e-003,0,0,0,
1473210028.880,,1.000000e+003,6.499760e+001,3.503981e-004,0.000000e+000,6.961522e-003,0.000000e+000,3,9.028136e-001,1.825000e+000,,,,,,,,,,,,,,,,,,0,5.000000e+000,5.000000e-001,2,1,6.149292e-003,0,0,0,
1473210042.344,,1.000000e+003,6.499657e+001,3.504592e-004,0.000000e+000,5.185315e-003,0.000000e+000,3,9.020769e-001,1.825000e+000,,,,,,,,,,,,,,,,,,0,5.000000e+000,5.000000e-001,2,1,0.000000e+000,0,0,0,
1473210170.320,,7.000000e+002,6.499555e+001,3.323031e-004,0.000000e+000,8.689634e-003,0.000000e+000,3,9.096721e-001,1.825000e+000,,,,,,,,,,,,,,,,,,0,5.000000e+000,5.000000e-001,2,1,1.434326e-002,0,0,0,
1473210183.784,,7.000000e+002,6.499862e+001,3.305781e-004,0.000000e+000,8.555864e-003,0.000000e+000,3,9.084029e-001,1.825000e+000,,,,,,,,,,,,,,,,,,0,5.000000e+000,5.000000e-001,2,1,0.000000e+000,0,0,0,
1473210195.538,,7.000000e+002,6.499965e+001,3.307871e-004,0.000000e+000,8.941534e-003,0.000000e+000,3,9.105616e-001,1.825000e+000,,,,,,,,,,,,,,,,,,0,5.000000e+000,5.000000e-001,2,1,2.059937e-003,0,0,0,
1473210208.765,,7.000000e+002,6.500068e+001,3.302392e-004,0.000000e+000,9.645496e-003,0.000000e+000,3,9.083602e-001,1.825000e+000,,,,,,,,,,,,,,,,,,0,5.000000e+000,5.000000e-001,2,1,0.000000e+000,0,0,0,
1473210325.493,,6.000000e+002,6.500273e+001,3.234027e-004,0.000000e+000,8.030240e-003,0.000000e+000,3,9.157558e-001,1.825000e+000,,,,,,,,,,,,,,,,,,0,5.000000e+000,5.000000e-001,2,1,8.224487e-003,0,0,0,
1473210338.458,,6.000000e+002,6.499862e+001,3.220490e-004,0.000000e+000,8.921403e-003,0.000000e+000,3,9.145373e-001,1.825000e+000,,,,,,,,,,,,,,,,,,0,5.000000e+000,5.000000e-001,2,1,0.000000e+000,0,0,0,
1473210351.468,,6.000000e+002,6.499554e+001,3.226463e-004,0.000000e+000,8.723532e-003,0.000000e+000,3,9.153255e-001,1.825000e+000,,,,,,,,,,,,,,,,,,0,5.000000e+000,5.000000e-001,2,1,2.037048e-003,0,0,0,
1473210365.703,,6.000000e+002,6.499556e+001,3.229219e-004,0.000000e+000,8.502546e-003,0.000000e+000,3,9.153849e-001,1.825000e+000,,,,,,,,,,,,,,,,,,0,5.000000e+000,5.000000e-001,2,1,1.024628e-002,0,0,0,
1473210486.428,,5.000000e+002,6.499554e+001,3.128954e-004,0.000000e+000,1.058259e-002,0.000000e+000,3,9.195847e-001,1.825000e+000,,,,,,,,,,,,,,,,,,0,5.000000e+000,5.000000e-001,2,1,2.037048e-003,0,0,0,
1473210498.144,,5.000000e+002,6.499863e+001,3.138845e-004,0.000000e+000,1.137411e-002,0.000000e+000,3,9.187660e-001,1.825000e+000,,,,,,,,,,,,,,,,,,0,5.000000e+000,5.000000e-001,2,1,4.112244e-003,0,0,0,
1473210510.358,,5.000000e+002,6.500069e+001,3.142984e-004,0.000000e+000,1.015574e-002,0.000000e+000,3,9.216130e-001,1.825000e+000,,,,,,,,,,,,,,,,,,0,5.000000e+000,5.000000e-001,2,1,1.231384e-002,0,0,0,
1473210524.072,,5.000000e+002,6.499657e+001,3.133321e-004,0.000000e+000,9.308334e-003,0.000000e+000,3,9.213007e-001,1.825000e+000,,,,,,,,,,,,,,,,,,0,5.000000e+000,5.000000e-001,2,1,0.000000e+000,0,0,0,
1473210642.550,,4.000000e+002,6.499760e+001,3.038625e-004,0.000000e+000,7.754392e-003,0.000000e+000,3,9.288302e-001,1.825000e+000,,,,,,,,,,,,,,,,,,0,5.000000e+000,5.000000e-001,2,1,1.024628e-002,0,0,0,
1473210657.764,,4.000000e+002,6.500170e+001,3.032882e-004,0.000000e+000,1.143336e-002,0.000000e+000,3,9.274662e-001,1.825000e+000,,,,,,,,,,,,,,,,,,0,5.000000e+000,5.000000e-001,2,1,2.044678e-003,0,0,0,
1473210670.729,,4.000000e+002,6.500375e+001,3.030617e-004,0.000000e+000,1.167331e-002,0.000000e+000,3,9.269216e-001,1.825000e+000,,,,,,,,,,,,,,,,,,0,5.000000e+000,5.000000e-001,2,1,2.044678e-003,0,0,0,
1473210685.193,,4.000000e+002,6.499862e+001,3.028503e-004,0.000000e+000,1.143596e-002,0.000000e+000,3,9.281591e-001,1.825000e+000,,,,,,,,,,,,,,,,,,0,5.000000e+000,5.000000e-001,2,1,0.000000e+000,0,1,0,
1473210806.119,,3.000000e+002,6.499248e+001,2.885433e-004,0.000000e+000,1.155514e-002,0.000000e+000,3,9.378479e-001,1.825000e+000,,,,,,,,,,,,,,,,,,0,5.000000e+000,5.000000e-001,2,1,8.186340e-003,0,1,0,
1473210817.941,,3.000000e+002,6.500581e+001,2.900579e-004,0.000000e+000,1.257673e-002,0.000000e+000,3,9.372369e-001,1.825000e+000,,,,,,,,,,,,,,,,,,0,5.000000e+000,5.000000e-001,2,1,1.025391e-002,0,1,0,
1473210840.661,,3.000000e+002,6.499862e+001,2.898639e-004,0.000000e+000,1.223798e-002,0.000000e+000,3,9.377692e-001,1.825000e+000,,,,,,,,,,,,,,,,,,0,5.000000e+000,5.000000e-001,2,1,0.000000e+000,0,1,0,
1473210852.625,,3.000000e+002,6.499760e+001,2.900791e-004,0.000000e+000,1.252094e-002,0.000000e+000,3,9.381101e-001,1.825000e+000,,,,,,,,,,,,,,,,,,0,5.000000e+000,5.000000e-001,2,1,1.433563e-002,0,1,0,
1473210972.110,,2.000000e+002,6.500067e+001,2.708072e-004,0.000000e+000,1.235241e-002,0.000000e+000,3,9.501281e-001,1.825000e+000,,,,,,,,,,,,,,,,,,0,5.000000e+000,5.000000e-001,2,1,4.104614e-003,0,1,0,
1473210984.505,,2.000000e+002,6.500272e+001,2.704140e-004,0.000000e+000,1.255824e-002,0.000000e+000,3,9.448676e-001,1.825000e+000,,,,,,,,,,,,,,,,,,0,5.000000e+000,5.000000e-001,2,1,4.089355e-003,0,1,0,
1473210996.577,,2.000000e+002,6.500068e+001,2.708693e-004,0.000000e+000,1.184175e-002,0.000000e+000,3,9.481648e-001,1.825000e+000,,,,,,,,,,,,,,,,,,0,5.000000e+000,5.000000e-001,2,1,0.000000e+000,0,1,0,
1473211009.476,,2.000000e+002,6.500067e+001,2.701354e-004,0.000000e+000,1.363010e-002,0.000000e+000,3,9.500030e-001,1.825000e+000,,,,,,,,,,,,,,,,,,0,5.000000e+000,5.000000e-001,2,1,4.104614e-003,0,1,0,
1473211119.058,,1.800000e+002,6.500376e+001,2.648488e-004,0.000000e+000,1.295110e-002,0.000000e+000,3,9.512786e-001,1.825000e+000,,,,,,,,,,,,,,,,,,0,5.000000e+000,5.000000e-001,2,1,6.164551e-003,0,1,0,
1473211132.522,,1.800000e+002,6.500272e+001,2.646955e-004,0.000000e+000,1.355624e-002,0.000000e+000,3,9.518749e-001,1.825000e+000,,,,,,,,,,,,,,,,,,0,5.000000e+000,5.000000e-001,2,1,4.089355e-003,0,1,0,
1473211144.790,,1.800000e+002,6.500478e+001,2.648221e-004,0.000000e+000,1.349405e-002,0.000000e+000,3,9.515907e-001,1.825000e+000,,,,,,,,,,,,,,,,,,0,5.000000e+000,5.000000e-001,2,1,4.119873e-003,0,1,0,
1473211156.755,,1.800000e+002,6.500170e+001,2.650081e-004,0.000000e+000,1.394298e-002,0.000000e+000,3,9.513588e-001,1.825000e+000,,,,,,,,,,,,,,,,,,0,5.000000e+000,5.000000e-001,2,1,2.044678e-003,0,1,0,
1473211265.484,,1.600000e+002,6.500786e+001,2.592843e-004,0.000000e+000,1.437897e-002,0.000000e+000,3,9.540102e-001,1.825000e+000,,,,,,,,,,,,,,,,,,0,5.000000e+000,5.000000e-001,2,1,2.664948e-002,0,1,0,
1473211279.449,,1.600000e+002,6.499760e+001,2.595689e-004,0.000000e+000,1.279409e-002,0.000000e+000,3,9.569488e-001,1.825000e+000,,,,,,,,,,,,,,,,,,0,5.000000e+000,5.000000e-001,2,1,6.149292e-003,0,1,0,
1473211292.413,,1.600000e+002,6.500067e+001,2.590454e-004,0.000000e+000,1.416257e-002,0.000000e+000,3,9.540285e-001,1.825000e+000,,,,,,,,,,,,,,,,,,0,5.000000e+000,5.000000e-001,2,1,4.104614e-003,0,1,0,
1473211305.127,,1.600000e+002,6.500170e+001,2.588241e-004,0.000000e+000,1.424393e-002,0.000000e+000,3,9.542612e-001,1.825000e+000,,,,,,,,,,,,,,,,,,0,5.000000e+000,5.000000e-001,2,1,2.044678e-003,0,1,0,
1473211416.101,,1.400000e+002,6.499862e+001,2.515159e-004,0.000000e+000,1.593994e-002,0.000000e+000,3,9.547564e-001,1.825000e+000,,,,,,,,,,,,,,,,,,0,5.000000e+000,5.000000e-001,2,1,0.000000e+000,0,0,0,
1473211430.816,,1.400000e+002,6.499657e+001,2.520147e-004,0.000000e+000,1.380695e-002,0.000000e+000,3,9.582922e-001,1.825000e+000,,,,,,,,,,,,,,,,,,0,5.000000e+000,5.000000e-001,2,1,0.000000e+000,0,0,0,
1473211443.800,,1.400000e+002,6.499657e+001,2.527609e-004,0.000000e+000,1.587431e-002,0.000000e+000,3,9.570884e-001,1.825000e+000,,,,,,,,,,,,,,,,,,0,5.000000e+000,5.000000e-001,2,1,4.089355e-003,0,0,0,
1473211455.957,,1.400000e+002,6.499657e+001,2.529746e-004,0.000000e+000,1.303484e-002,0.000000e+000,3,9.578838e-001,1.825000e+000,,,,,,,,,,,,,,,,,,0,5.000000e+000,5.000000e-001,2,1,4.089355e-003,0,0,0,
1473211565.044,,1.200000e+002,6.500682e+001,2.435696e-004,0.000000e+000,1.200058e-002,0.000000e+000,3,9.606873e-001,1.825000e+000,,,,,,,,,,,,,,,,,,0,5.000000e+000,5.000000e-001,2,1,1.640320e-002,0,0,0,
1473211580.009,,1.200000e+002,6.499863e+001,2.445450e-004,0.000000e+000,1.399034e-002,0.000000e+000,3,9.611996e-001,1.825000e+000,,,,,,,,,,,,,,,,,,0,5.000000e+000,5.000000e-001,2,1,8.193970e-003,0,0,0,
1473211592.473,,1.200000e+002,6.499453e+001,2.443014e-004,0.000000e+000,1.442055e-002,0.000000e+000,3,9.585027e-001,1.825000e+000,,,,,,,,,,,,,,,,,,0,5.000000e+000,5.000000e-001,2,1,0.000000e+000,0,0,0,
1473211607.437,,1.200000e+002,6.499965e+001,2.433711e-004,0.000000e+000,1.435913e-002,0.000000e+000,3,9.563538e-001,1.825000e+000,,,,,,,,,,,,,,,,,,0,5.000000e+000,5.000000e-001,2,1,6.156921e-003,0,0,0,
1473211723.699,,1.000000e+002,6.499759e+001,2.337311e-004,0.000000e+000,1.576035e-002,0.000000e+000,3,9.615778e-001,1.825000e+000,,,,,,,,,,,,,,,,,,0,5.000000e+000,5.000000e-001,2,1,2.052307e-003,0,0,0,
1473211737.913,,1.000000e+002,6.499965e+001,2.346946e-004,0.000000e+000,1.348361e-002,0.000000e+000,3,9.642947e-001,1.825000e+000,,,,,,,,,,,,,,,,,,0,5.000000e+000,5.000000e-001,2,1,6.156921e-003,0,0,0,
1473211753.128,,1.000000e+002,6.499965e+001,2.337363e-004,0.000000e+000,1.489093e-002,0.000000e+000,3,9.632060e-001,1.825000e+000,,,,,,,,,,,,,,,,,,0,5.000000e+000,5.000000e-001,2,1,6.156921e-003,0,0,0,
1473211767.092,,1.000000e+002,6.499759e+001,2.342402e-004,0.000000e+000,1.454154e-002,0.000000e+000,3,9.636797e-001,1.825000e+000,,,,,,,,,,,,,,,,,,0,5.000000e+000,5.000000e-001,2,1,2.052307e-003,0,0,0,
1473211875.321,,8.000000e+001,6.500067e+001,2.210049e-004,0.000000e+000,1.377367e-002,0.000000e+000,3,9.643618e-001,1.825000e+000,,,,,,,,,,,,,,,,,,0,5.000000e+000,5.000000e-001,2,1,4.104614e-003,0,0,0,
1473211889.058,,8.000000e+001,6.499965e+001,2.204258e-004,0.000000e+000,1.531613e-002,0.000000e+000,3,9.661490e-001,1.825000e+000,,,,,,,,,,,,,,,,,,0,5.000000e+000,5.000000e-001,2,1,2.059937e-003,0,0,0,
1473211901.549,,8.000000e+001,6.499759e+001,2.218963e-004,0.000000e+000,1.329103e-002,0.000000e+000,3,9.674604e-001,1.825000e+000,,,,,,,,,,,,,,,,,,0,5.000000e+000,5.000000e-001,2,1,2.052307e-003,0,0,0,
1473211914.513,,8.000000e+001,6.499965e+001,2.211864e-004,0.000000e+000,1.498891e-002,0.000000e+000,3,9.639713e-001,1.825000e+000,,,,,,,,,,,,,,,,,,0,5.000000e+000,5.000000e-001,2,1,2.059937e-003,0,0,0,
1473212028.668,,6.000000e+001,6.499146e+001,2.018859e-004,0.000000e+000,1.638445e-002,0.000000e+000,3,9.687598e-001,1.825000e+000,,,,,,,,,,,,,,,,,,0,5.000000e+000,5.000000e-001,2,1,6.149292e-003,0,0,0,
1473212041.990,,6.000000e+001,6.499863e+001,2.022212e-004,0.000000e+000,1.435727e-002,0.000000e+000,3,9.712135e-001,1.825000e+000,,,,,,,,,,,,,,,,,,0,5.000000e+000,5.000000e-001,2,1,4.112244e-003,0,0,0,
1473212054.954,,6.000000e+001,6.499863e+001,2.019336e-004,0.000000e+000,1.607158e-002,0.000000e+000,3,9.697821e-001,1.825000e+000,,,,,,,,,,,,,,,,,,0,5.000000e+000,5.000000e-001,2,1,4.112244e-003,0,0,0,
1473212067.924,,6.000000e+001,6.499554e+001,2.028559e-004,0.000000e+000,1.388614e-002,0.000000e+000,3,9.709685e-001,1.825000e+000,,,,,,,,,,,,,,,,,,0,5.000000e+000,5.000000e-001,2,1,2.037048e-003,0,0,0,
1473212182.154,,4.000000e+001,6.498940e+001,1.726942e-004,0.000000e+000,1.633500e-002,0.000000e+000,3,9.697715e-001,1.825000e+000,,,,,,,,,,,,,,,,,,0,5.000000e+000,5.000000e-001,2,1,1.433563e-002,0,0,0,
1473212195.118,,4.000000e+001,6.500169e+001,1.726331e-004,0.000000e+000,1.317073e-002,0.000000e+000,3,9.747533e-001,1.825000e+000,,,,,,,,,,,,,,,,,,0,5.000000e+000,5.000000e-001,2,1,6.149292e-003,0,0,0,
1473212210.366,,4.000000e+001,6.500273e+001,1.730399e-004,0.000000e+000,1.396223e-002,0.000000e+000,3,9.733044e-001,1.825000e+000,,,,,,,,,,,,,,,,,,0,5.000000e+000,5.000000e-001,2,1,8.224487e-003,0,0,0,
1473212223.580,,4.000000e+001,6.499864e+001,1.731972e-004,0.000000e+000,1.386019e-002,0.000000e+000,3,9.745342e-001,1.825000e+000,,,,,,,,,,,,,,,,,,0,5.000000e+000,5.000000e-001,2,1,1.641083e-002,0,0,0,
1473212334.361,,2.000000e+001,6.500990e+001,1.071493e-004,0.000000e+000,1.123998e-002,0.000000e+000,3,9.818591e-001,1.825000e+000,,,,,,,,,,,,,,,,,,0,5.000000e+000,5.000000e-001,2,1,1.844788e-002,0,1,0,
1473212346.575,,2.000000e+001,6.499248e+001,1.082233e-004,0.000000e+000,1.427043e-002,0.000000e+000,3,9.738359e-001,1.825000e+000,,,,,,,,,,,,,,,,,,0,5.000000e+000,5.000000e-001,2,1,4.096985e-003,0,1,0,
1473212359.540,,2.000000e+001,6.500169e+001,1.085507e-004,0.000000e+000,1.127147e-002,0.000000e+000,3,9.802833e-001,1.825000e+000,,,,,,,,,,,,,,,,,,0,5.000000e+000,5.000000e-001,2,1,6.149292e-003,0,1,0,
1473212372.055,,2.000000e+001,6.500683e+001,1.095785e-004,0.000000e+000,1.066771e-002,0.000000e+000,3,9.771671e-001,1.825000e+000,,,,,,,,,,,,,,,,,,0,5.000000e+000,5.000000e-001,2,1,1.229858e-002,0,1,0,
1473212479.284,,0.000000e+000,6.500272e+001,-1.236314e-004,0.000000e+000,2.371955e-002,0.000000e+000,3,9.820008e-001,1.825000e+000,,,,,,,,,,,,,,,,,,0,5.000000e+000,5.000000e-001,2,1,0.000000e+000,0,1,0,
1473212491.001,,0.000000e+000,6.500375e+001,-1.250019e-004,0.000000e+000,2.029061e-002,0.000000e+000,3,9.783788e-001,1.825000e+000,,,,,,,,,,,,,,,,,,0,5.000000e+000,5.000000e-001,2,1,2.044678e-003,0,1,0,
1473212503.215,,0.000000e+000,6.500169e+001,-1.243206e-004,0.000000e+000,2.016575e-002,0.000000e+000,3,9.792590e-001,1.825000e+000,,,,,,,,,,,,,,,,,,0,5.000000e+000,5.000000e-001,2,1,6.149292e-003,0,1,0,
1473212514.625,,0.000000e+000,6.500169e+001,-1.234430e-004,0.000000e+000,2.126115e-002,0.000000e+000,3,9.777050e-001,1.825000e+000,,,,,,,,,,,,,,,,,,0,5.000000e+000,5.000000e-001,2,1,6.149292e-003,0,1,0,
1473212625.971,,-2.000000e+001,6.500067e+001,-1.812206e-004,0.000000e+000,1.919083e-002,0.000000e+000,3,9.777591e-001,1.825000e+000,,,,,,,,,,,,,,,,,,0,5.000000e+000,5.000000e-001,2,1,4.104614e-003,0,1,0,
1473212639.436,,-2.000000e+001,6.500478e+001,-1.789739e-004,0.000000e+000,1.950370e-002,0.000000e+000,3,9.587659e-001,1.825000e+000,,,,,,,,,,,,,,,,,,0,5.000000e+000,5.000000e-001,2,1,4.119873e-003,0,1,0,
1473212652.841,,-2.000000e+001,6.500273e+001,-1.810845e-004,0.000000e+000,1.770534e-002,0.000000e+000,3,9.790290e-001,1.825000e+000,,,,,,,,,,,,,,,,,,0,5.000000e+000,5.000000e-001,2,1,8.224487e-003,0,1,0,
1473212663.664,,-2.000000e+001,6.500478e+001,-1.807979e-004,0.000000e+000,1.862669e-002,0.000000e+000,3,9.785399e-001,1.825000e+000,,,,,,,,,,,,,,,,,,0,5.000000e+000,5.000000e-001,2,1,1.231384e-002,0,1,0,
1473212771.643,,-4.000000e+001,6.500170e+001,-2.081819e-004,0.000000e+000,1.628433e-002,0.000000e+000,3,9.736739e-001,1.825000e+000,,,,,,,,,,,,,,,,,,0,5.000000e+000,5.000000e-001,2,1,2.044678e-003,0,1,0,
1473212784.357,,-4.000000e+001,6.500376e+001,-2.079423e-004,0.000000e+000,1.880092e-002,0.000000e+000,3,9.745940e-001,1.825000e+000,,,,,,,,,,,,,,,,,,0,5.000000e+000,5.000000e-001,2,1,6.164551e-003,0,1,0,
1473212796.571,,-4.000000e+001,6.500376e+001,-2.075543e-004,0.000000e+000,1.827276e-002,0.000000e+000,3,9.752529e-001,1.825000e+000,,,,,,,,,,,,,,,,,,0,5.000000e+000,5.000000e-001,2,1,6.164551e-003,0,1,0,
1473212808.035,,-4.000000e+001,6.500068e+001,-2.079168e-004,0.000000e+000,1.727184e-002,0.000000e+000,3,9.763479e-001,1.825000e+000,,,,,,,,,,,,,,,,,,0,5.000000e+000,5.000000e-001,2,1,0.000000e+000,0,1,0,
1473212923.777,,-6.000000e+001,6.500272e+001,-2.258257e-004,0.000000e+000,1.643211e-002,0.000000e+000,3,9.701205e-001,1.825000e+000,,,,,,,,,,,,,,,,,,0,5.000000e+000,5.000000e-001,2,1,4.089355e-003,0,1,0,
1473212938.492,,-6.000000e+001,6.500478e+001,-2.253379e-004,0.000000e+000,1.664246e-002,0.000000e+000,3,9.722474e-001,1.825000e+000,,,,,,,,,,,,,,,,,,0,5.000000e+000,5.000000e-001,2,1,4.119873e-003,0,0,0,
1473212952.706,,-6.000000e+001,6.500170e+001,-2.255293e-004,0.000000e+000,1.681261e-002,0.000000e+000,3,9.717338e-001,1.825000e+000,,,,,,,,,,,,,,,,,,0,5.000000e+000,5.000000e-001,2,1,2.044678e-003,0,0,0,
1473212964.731,,-6.000000e+001,6.499658e+001,-2.256640e-004,0.000000e+000,1.642370e-002,0.000000e+000,3,9.721302e-001,1.825000e+000,,,,,,,,,,,,,,,,,,0,5.000000e+000,5.000000e-001,2,1,8.201599e-003,0,0,0,
1473213074.988,,-8.000000e+001,6.499554e+001,-2.372018e-004,0.000000e+000,1.668148e-002,0.000000e+000,3,9.711643e-001,1.825000e+000,,,,,,,,,,,,,,,,,,0,5.000000e+000,5.000000e-001,2,1,2.037048e-003,0,0,0,
1473213088.202,,-8.000000e+001,6.499658e+001,-2.384530e-004,0.000000e+000,1.644064e-002,0.000000e+000,3,9.687160e-001,1.825000e+000,,,,,,,,,,,,,,,,,,0,5.000000e+000,5.000000e-001,2,1,8.201599e-003,0,0,0,
1473213102.917,,-8.000000e+001,6.498837e+001,-2.375983e-004,0.000000e+000,1.634279e-002,0.000000e+000,3,9.687714e-001,1.825000e+000,,,,,,,,,,,,,,,,,,0,5.000000e+000,5.000000e-001,2,1,1.638794e-002,0,0,0,
1473213117.381,,-8.000000e+001,6.500067e+001,-2.368642e-004,0.000000e+000,1.727517e-002,0.000000e+000,3,9.723099e-001,1.825000e+000,,,,,,,,,,,,,,,,,,0,5.000000e+000,5.000000e-001,2,1,8.201599e-003,0,0,0,
1473213225.355,,-1.000000e+002,6.498735e+001,-2.464834e-004,0.000000e+000,1.621009e-002,0.000000e+000,3,9.656332e-001,1.825000e+000,,,,,,,,,,,,,,,,,,0,5.000000e+000,5.000000e-001,2,1,1.844025e-002,0,0,0,
1473213239.820,,-1.000000e+002,6.499350e+001,-2.483969e-004,0.000000e+000,1.584493e-002,0.000000e+000,3,9.635357e-001,1.825000e+000,,,,,,,,,,,,,,,,,,0,5.000000e+000,5.000000e-001,2,1,6.134033e-003,0,0,0,
1473213254.987,,-1.000000e+002,6.500581e+001,-2.477465e-004,0.000000e+000,1.470729e-002,0.000000e+000,3,9.665155e-001,1.825000e+000,,,,,,,,,,,,,,,,,,0,5.000000e+000,5.000000e-001,2,1,2.255249e-002,0,0,0,
1473213268.007,,-1.000000e+002,6.499657e+001,-2.473901e-004,0.000000e+000,1.582787e-002,0.000000e+000,3,9.635265e-001,1.825000e+000,,,,,,,,,,,,,,,,,,0,5.000000e+000,5.000000e-001,2,1,0.000000e+000,0,0,0,
1473213376.344,,-1.200000e+002,6.499657e+001,-2.559978e-004,0.000000e+000,1.413655e-002,0.000000e+000,3,9.624758e-001,1.825000e+000,,,,,,,,,,,,,,,,,,0,5.000000e+000,5.000000e-001,2,1,4.089355e-003,0,0,0,
1473213389.309,,-1.200000e+002,6.501297e+001,-2.558231e-004,0.000000e+000,1.582093e-002,0.000000e+000,3,9.604721e-001,1.825000e+000,,,,,,,,,,,,,,,,,,0,5.000000e+000,5.000000e-001,2,1,1.641083e-002,0,0,0,
1473213402.523,,-1.200000e+002,6.499657e+001,-2.557230e-004,0.000000e+000,1.698501e-002,0.000000e+000,3,9.584419e-001,1.825000e+000,,,,,,,,,,,,,,,,,,0,5.000000e+000,5.000000e-001,2,1,4.089355e-003,0,0,0,
1473213416.668,,-1.200000e+002,6.499554e+001,-2.553464e-004,0.000000e+000,1.394230e-002,0.000000e+000,3,9.627768e-001,1.825000e+000,,,,,,,,,,,,,,,,,,0,5.000000e+000,5.000000e-001,2,1,2.037048e-003,0,0,0,
1473213525.500,,-1.400000e+002,6.499759e+001,-2.624486e-004,0.000000e+000,1.449181e-002,0.000000e+000,3,9.605031e-001,1.825000e+000,,,,,,,,,,,,,,,,,,0,5.000000e+000,5.000000e-001,2,1,2.052307e-003,0,0,0,
1473213538.754,,-1.400000e+002,6.499965e+001,-2.617001e-004,0.000000e+000,1.488974e-002,0.000000e+000,3,9.602303e-001,1.825000e+000,,,,,,,,,,,,,,,,,,0,5.000000e+000,5.000000e-001,2,1,2.059937e-003,0,0,0,
1473213552.468,,-1.400000e+002,6.499965e+001,-2.620645e-004,0.000000e+000,1.345487e-002,0.000000e+000,3,9.575152e-001,1.825000e+000,,,,,,,,,,,,,,,,,,0,5.000000e+000,5.000000e-001,2,1,6.156921e-003,0,0,0,
1473213564.182,,-1.400000e+002,6.500170e+001,-2.623742e-004,0.000000e+000,1.416849e-002,0.000000e+000,3,9.577403e-001,1.825000e+000,,,,,,,,,,,,,,,,,,0,5.000000e+000,5.000000e-001,2,1,2.044678e-003,0,0,0,
1473213677.411,,-1.600000e+002,6.499657e+001,-2.674175e-004,0.000000e+000,1.679793e-002,0.000000e+000,3,9.547602e-001,1.825000e+000,,,,,,,,,,,,,,,,,,0,5.000000e+000,5.000000e-001,2,1,4.089355e-003,0,0,0,
1473213690.876,,-1.600000e+002,6.500067e+001,-2.681161e-004,0.000000e+000,1.370589e-002,0.000000e+000,3,9.561402e-001,1.825000e+000,,,,,,,,,,,,,,,,,,0,5.000000e+000,5.000000e-001,2,1,8.201599e-003,0,0,0,
1473213706.840,,-1.600000e+002,6.499863e+001,-2.681662e-004,0.000000e+000,1.398832e-002,0.000000e+000,3,9.552636e-001,1.825000e+000,,,,,,,,,,,,,,,,,,0,5.000000e+000,5.000000e-001,2,1,4.112244e-003,0,0,0,
1473213719.805,,-1.600000e+002,6.499862e+001,-2.681727e-004,0.000000e+000,1.597830e-002,0.000000e+000,3,9.545962e-001,1.825000e+000,,,,,,,,,,,,,,,,,,0,5.000000e+000,5.000000e-001,2,1,0.000000e+000,0,0,0,
1473213835.029,,-1.800000e+002,6.499350e+001,-2.732710e-004,0.000000e+000,1.463094e-002,0.000000e+000,3,9.497749e-001,1.825000e+000,,,,,,,,,,,,,,,,,,0,5.000000e+000,5.000000e-001,2,1,2.052307e-003,0,1,0,
1473213847.493,,-1.800000e+002,6.499554e+001,-2.733011e-004,0.000000e+000,1.381968e-002,0.000000e+000,3,9.523691e-001,1.825000e+000,,,,,,,,,,,,,,,,,,0,5.000000e+000,5.000000e-001,2,1,6.141663e-003,0,1,0,
1473213860.504,,-1.800000e+002,6.499863e+001,-2.735479e-004,0.000000e+000,1.348840e-002,0.000000e+000,3,9.545883e-001,1.825000e+000,,,,,,,,,,,,,,,,,,0,5.000000e+000,5.000000e-001,2,1,8.193970e-003,0,1,0,
1473213873.968,,-1.800000e+002,6.499658e+001,-2.730420e-004,0.000000e+000,1.444034e-002,0.000000e+000,3,9.527946e-001,1.825000e+000,,,,,,,,,,,,,,,,,,0,5.000000e+000,5.000000e-001,2,1,2.051544e-002,0,1,0,
1473213986.197,,-2.000000e+002,6.499863e+001,-2.777865e-004,0.000000e+000,1.527914e-002,0.000000e+000,3,9.499452e-001,1.825000e+000,,,,,,,,,,,,,,,,,,0,5.000000e+000,5.000000e-001,2,1,4.112244e-003,0,1,0,
1473213998.662,,-2.000000e+002,6.499965e+001,-2.783344e-004,0.000000e+000,1.334431e-002,0.000000e+000,3,9.515534e-001,1.825000e+000,,,,,,,,,,,,,,,,,,0,5.000000e+000,5.000000e-001,2,1,6.156921e-003,0,1,0,
1473214012.126,,-2.000000e+002,6.500272e+001,-2.774275e-004,0.000000e+000,1.405846e-002,0.000000e+000,3,9.504480e-001,1.825000e+000,,,,,,,,,,,,,,,,,,0,5.000000e+000,5.000000e-001,2,1,4.089355e-003,0,1,0,
1473214024.133,,-2.000000e+002,6.500272e+001,-2.776553e-004,0.000000e+000,1.322213e-002,0.000000e+000,3,9.501584e-001,1.825000e+000,,,,,,,,,,,,,,,,,,0,5.000000e+000,5.000000e-001,2,1,4.089355e-003,0,1,0,
1473214137.357,,-3.000000e+002,6.500478e+001,-2.950245e-004,0.000000e+000,1.143117e-002,0.000000e+000,3,9.403672e-001,1.825000e+000,,,,,,,,,,,,,,,,,,0,5.000000e+000,5.000000e-001,2,1,4.119873e-003,0,1,0,
1473214150.021,,-3.000000e+002,6.500478e+001,-2.945460e-004,0.000000e+000,1.136531e-002,0.000000e+000,3,9.395267e-001,1.825000e+000,,,,,,,,,,,,,,,,,,0,5.000000e+000,5.000000e-001,2,1,4.119873e-003,0,1,0,
1473214162.278,,-3.000000e+002,6.499863e+001,-2.946796e-004,0.000000e+000,1.169687e-002,0.000000e+000,3,9.401988e-001,1.825000e+000,,,,,,,,,,,,,,,,,,0,5.000000e+000,5.000000e-001,2,1,8.193970e-003,0,1,0,
1473214174.136,,-3.000000e+002,6.499863e+001,-2.946374e-004,0.000000e+000,1.275652e-002,0.000000e+000,3,9.389438e-001,1.825000e+000,,,,,,,,,,,,,,,,,,0,5.000000e+000,5.000000e-001,2,1,8.193970e-003,0,1,0,
1473214297.131,,-4.000000e+002,6.500067e+001,-3.070179e-004,0.000000e+000,1.219777e-002,0.000000e+000,3,9.291644e-001,1.825000e+000,,,,,,,,,,,,,,,,,,0,5.000000e+000,5.000000e-001,2,1,8.201599e-003,0,1,0,
1473214311.846,,-4.000000e+002,6.499863e+001,-3.067806e-004,0.000000e+000,1.174384e-002,0.000000e+000,3,9.293168e-001,1.825000e+000,,,,,,,,,,,,,,,,,,0,5.000000e+000,5.000000e-001,2,1,4.112244e-003,0,1,0,
1473214325.310,,-4.000000e+002,6.499657e+001,-3.066555e-004,0.000000e+000,1.223673e-002,0.000000e+000,3,9.290563e-001,1.825000e+000,,,,,,,,,,,,,,,,,,0,5.000000e+000,5.000000e-001,2,1,4.089355e-003,0,1,0,
1473214337.024,,-4.000000e+002,6.499862e+001,-3.063714e-004,0.000000e+000,1.166270e-002,0.000000e+000,3,9.291872e-001,1.825000e+000,,,,,,,,,,,,,,,,,,0,5.000000e+000,5.000000e-001,2,1,0.000000e+000,0,1,0,
1473214456.296,,-5.000000e+002,6.499554e+001,-3.164590e-004,0.000000e+000,1.005625e-002,0.000000e+000,3,9.217793e-001,1.825000e+000,,,,,,,,,,,,,,,,,,0,5.000000e+000,5.000000e-001,2,1,6.141663e-003,0,1,0,
1473214483.806,,-5.000000e+002,6.499965e+001,-3.169557e-004,0.000000e+000,1.131684e-002,0.000000e+000,3,9.220503e-001,1.825000e+000,,,,,,,,,,,,,,,,,,0,5.000000e+000,5.000000e-001,2,1,6.156921e-003,0,1,0,
1473214497.770,,-5.000000e+002,6.499863e+001,-3.173664e-004,0.000000e+000,1.084490e-002,0.000000e+000,3,9.221954e-001,1.825000e+000,,,,,,,,,,,,,,,,,,0,5.000000e+000,5.000000e-001,2,1,8.193970e-003,0,0,0,
1473214510.485,,-5.000000e+002,6.499863e+001,-3.169555e-004,0.000000e+000,9.763684e-003,0.000000e+000,3,9.223866e-001,1.825000e+000,,,,,,,,,,,,,,,,,,0,5.000000e+000,5.000000e-001,2,1,4.112244e-003,0,0,0,
1473214624.714,,-6.000000e+002,6.499862e+001,-3.260489e-004,0.000000e+000,9.790896e-003,0.000000e+000,3,9.167472e-001,1.825000e+000,,,,,,,,,,,,,,,,,,0,5.000000e+000,5.000000e-001,2,1,0.000000e+000,0,0,0,
1473214637.678,,-6.000000e+002,6.499657e+001,-3.248537e-004,0.000000e+000,1.035392e-002,0.000000e+000,3,9.146807e-001,1.825000e+000,,,,,,,,,,,,,,,,,,0,5.000000e+000,5.000000e-001,2,1,4.089355e-003,0,0,0,
1473214649.643,,-6.000000e+002,6.499760e+001,-3.252379e-004,0.000000e+000,1.121778e-002,0.000000e+000,3,9.145780e-001,1.825000e+000,,,,,,,,,,,,,,,,,,0,5.000000e+000,5.000000e-001,2,1,6.149292e-003,0,0,0,
1473214663.107,,-6.000000e+002,6.499453e+001,-3.255203e-004,0.000000e+000,9.886635e-003,0.000000e+000,3,9.156302e-001,1.825000e+000,,,,,,,,,,,,,,,,,,0,5.000000e+000,5.000000e-001,2,1,0.000000e+000,0,0,0,
1473214784.280,,-7.000000e+002,6.499248e+001,-3.322286e-004,0.000000e+000,7.892751e-003,0.000000e+000,3,9.107618e-001,1.825000e+000,,,,,,,,,,,,,,,,,,0,5.000000e+000,5.000000e-001,2,1,8.186340e-003,0,0,0,
1473214796.361,,-7.000000e+002,6.499657e+001,-3.333202e-004,0.000000e+000,9.345276e-003,0.000000e+000,3,9.108220e-001,1.825000e+000,,,,,,,,,,,,,,,,,,0,5.000000e+000,5.000000e-001,2,1,4.089355e-003,0,0,0,
1473214809.880,,-7.000000e+002,6.499965e+001,-3.331523e-004,0.000000e+000,8.738169e-003,0.000000e+000,3,9.110887e-001,1.825000e+000,,,,,,,,,,,,,,,,,,0,5.000000e+000,5.000000e-001,2,1,2.059937e-003,0,0,0,
1473214823.905,,-7.000000e+002,6.499863e+001,-3.331106e-004,0.000000e+000,9.006161e-003,0.000000e+000,3,9.112138e-001,1.825000e+000,,,,,,,,,,,,,,,,,,0,5.000000e+000,5.000000e-001,2,1,4.112244e-003,0,0,0,
1473214938.321,,-1.000000e+003,6.499965e+001,-3.520251e-004,0.000000e+000,9.200071e-003,0.000000e+000,3,9.017703e-001,1.825000e+000,,,,,,,,,,,,,,,,,,0,5.000000e+000,5.000000e-001,2,1,6.156921e-003,0,0,0,
1473214951.416,,-1.000000e+003,6.499759e+001,-3.516066e-004,0.000000e+000,8.078452e-003,0.000000e+000,3,9.027483e-001,1.825000e+000,,,,,,,,,,,,,,,,,,0,5.000000e+000,5.000000e-001,2,1,2.052307e-003,0,0,0,
1473214965.880,,-1.000000e+003,6.499965e+001,-3.514781e-004,0.000000e+000,7.687789e-003,0.000000e+000,3,9.032665e-001,1.825000e+000,,,,,,,,,,,,,,,,,,0,5.000000e+000,5.000000e-001,2,1,2.059937e-003,0,0,0,
1473214979.095,,-1.000000e+003,6.499965e+001,-3.514766e-004,0.000000e+000,7.879598e-003,0.000000e+000,3,9.026822e-001,1.825000e+000,,,,,,,,,,,,,,,,,,0,5.000000e+000,5.000000e-001,2,1,2.059937e-003,0,0,0,
1473215101.570,,-3.000000e+003,6.499759e+001,-4.324864e-004,0.000000e+000,7.044381e-003,0.000000e+000,3,8.965755e-001,1.825000e+000,,,,,,,,,,,,,,,,,,0,5.000000e+000,5.000000e-001,2,1,2.052307e-003,0,0,0,
1473215114.488,,-3.000000e+003,6.499965e+001,-4.336775e-004,0.000000e+000,5.864598e-003,0.000000e+000,3,8.978724e-001,1.825000e+000,,,,,,,,,,,,,,,,,,0,5.000000e+000,5.000000e-001,2,1,2.059937e-003,0,0,0,
1473215127.505,,-3.000000e+003,6.499863e+001,-4.332044e-004,0.000000e+000,6.427673e-003,0.000000e+000,3,8.959753e-001,1.825000e+000,,,,,,,,,,,,,,,,,,0,5.000000e+000,5.000000e-001,2,1,8.193970e-003,0,0,0,
1473215139.828,,-3.000000e+003,6.499554e+001,-4.333406e-004,0.000000e+000,5.807030e-003,0.000000e+000,3,8.969005e-001,1.825000e+000,,,,,,,,,,,,,,,,,,0,5.000000e+000,5.000000e-001,2,1,2.037048e-003,0,0,0,
1473215263.053,,-5.000000e+003,6.499760e+001,-4.834477e-004,0.000000e+000,6.667444e-003,0.000000e+000,3,9.025477e-001,1.825000e+000,,,,,,,,,,,,,,,,,,0,5.000000e+000,5.000000e-001,2,1,6.149292e-003,0,0,0,
1473215274.962,,-5.000000e+003,6.499248e+001,-4.834774e-004,0.000000e+000,6.653225e-003,0.000000e+000,3,9.026326e-001,1.825000e+000,,,,,,,,,,,,,,,,,,0,5.000000e+000,5.000000e-001,2,1,4.096985e-003,0,0,0,
1473215287.060,,-5.000000e+003,6.499452e+001,-4.834553e-004,0.000000e+000,6.708317e-003,0.000000e+000,3,9.024132e-001,1.825000e+000,,,,,,,,,,,,,,,,,,0,5.000000e+000,5.000000e-001,2,1,2.048492e-002,0,0,0,
1473215300.052,,-5.000000e+003,6.499863e+001,-4.834307e-004,0.000000e+000,6.586673e-003,0.000000e+000,3,9.025089e-001,1.825000e+000,,,,,,,,,,,,,,,,,,0,5.000000e+000,5.000000e-001,2,1,1.229095e-002,0,0,0,
1473215424.781,,-7.000000e+003,6.500887e+001,-5.199739e-004,0.000000e+000,7.392902e-003,0.000000e+000,3,9.078114e-001,1.825000e+000,,,,,,,,,,,,,,,,,,0,5.000000e+000,5.000000e-001,2,1,2.461243e-002,0,1,0,
1473215438.298,,-7.000000e+003,6.499452e+001,-5.205014e-004,0.000000e+000,7.440920e-003,0.000000e+000,3,9.076346e-001,1.825000e+000,,,,,,,,,,,,,,,,,,0,5.000000e+000,5.000000e-001,2,1,4.089355e-003,0,1,0,
1473215449.763,,-7.000000e+003,6.499759e+001,-5.199580e-004,0.000000e+000,7.402983e-003,0.000000e+000,3,9.079826e-001,1.825000e+000,,,,,,,,,,,,,,,,,,0,5.000000e+000,5.000000e-001,2,1,2.052307e-003,0,1,0,
1473215461.227,,-7.000000e+003,6.499554e+001,-5.203499e-004,0.000000e+000,7.566060e-003,0.000000e+000,3,9.078488e-001,1.825000e+000,,,,,,,,,,,,,,,,,,0,5.000000e+000,5.000000e-001,2,1,6.141663e-003,0,1,0,
1473215586.702,,-9.000000e+003,6.499554e+001,-5.493138e-004,0.000000e+000,8.253375e-003,0.000000e+000,3,9.117871e-001,1.825000e+000,,,,,,,,,,,,,,,,,,0,5.000000e+000,5.000000e-001,2,1,2.037048e-003,0,1,0,
1473215599.961,,-9.000000e+003,6.499965e+001,-5.493958e-004,0.000000e+000,8.391277e-003,0.000000e+000,3,9.117776e-001,1.825000e+000,,,,,,,,,,,,,,,,,,0,5.000000e+000,5.000000e-001,2,1,2.059937e-003,0,1,0,
1473215613.675,,-9.000000e+003,6.500272e+001,-5.490487e-004,0.000000e+000,8.285617e-003,0.000000e+000,3,9.117052e-001,1.825000e+000,,,,,,,,,,,,,,,,,,0,5.000000e+000,5.000000e-001,2,1,4.089355e-003,0,1,0,
1473215626.141,,-9.000000e+003,6.500887e+001,-5.493498e-004,0.000000e+000,7.667567e-003,0.000000e+000,3,9.123172e-001,1.825000e+000,,,,,,,,,,,,,,,,,,0,5.000000e+000,5.000000e-001,2,1,1.229858e-002,0,1,0,
1473215749.121,,-1.000000e+004,6.500478e+001,-5.609181e-004,0.000000e+000,9.419792e-003,0.000000e+000,3,9.135555e-001,1.825000e+000,,,,,,,,,,,,,,,,,,0,5.000000e+000,5.000000e-001,2,1,4.119873e-003,0,1,0,
1473215762.335,,-1.000000e+004,6.500376e+001,-5.611858e-004,0.000000e+000,8.823211e-003,0.000000e+000,3,9.139594e-001,1.825000e+000,,,,,,,,,,,,,,,,,,0,5.000000e+000,5.000000e-001,2,1,6.164551e-003,0,1,0,
1473215773.557,,-1.000000e+004,6.500170e+001,-5.612954e-004,0.000000e+000,9.475634e-003,0.000000e+000,3,9.133391e-001,1.825000e+000,,,,,,,,,,,,,,,,,,0,5.000000e+000,5.000000e-001,2,1,2.044678e-003,0,1,0,
1473215785.722,,-1.000000e+004,6.500169e+001,-5.614172e-004,0.000000e+000,8.118417e-003,0.000000e+000,3,9.135923e-001,1.825000e+000,,,,,,,,,,,,,,,,,,0,5.000000e+000,5.000000e-001,2,1,6.149292e-003,0,1,0,
1473215942.559,,-2.000000e+004,6.499863e+001,-6.491332e-004,0.000000e+000,8.144309e-003,0.000000e+000,3,9.226030e-001,1.825000e+000,,,,,,,,,,,,,,,,,,0,5.000000e+000,5.000000e-001,2,1,8.193970e-003,0,1,0,
1473215953.023,,-2.000000e+004,6.499350e+001,-6.470519e-004,0.000000e+000,1.002798e-002,0.000000e+000,3,9.226318e-001,1.825000e+000,,,,,,,,,,,,,,,,,,0,5.000000e+000,5.000000e-001,2,1,2.052307e-003,0,1,0,
1473215964.537,,-2.000000e+004,6.499554e+001,-6.514195e-004,0.000000e+000,1.417109e-002,0.000000e+000,3,9.231116e-001,1.825000e+000,,,,,,,,,,,,,,,,,,0,5.000000e+000,5.000000e-001,2,1,6.141663e-003,0,1,0,
1473215977.001,,-2.000000e+004,6.499965e+001,-6.508894e-004,0.000000e+000,9.481546e-003,0.000000e+000,3,9.163609e-001,1.825000e+000,,,,,,,,,,,,,,,,,,0,5.000000e+000,5.000000e-001,2,1,2.059937e-003,0,1,0,
1473216139.984,,-3.000000e+004,6.499452e+001,-7.022639e-004,0.000000e+000,1.423394e-002,0.000000e+000,3,9.294498e-001,1.825000e+000,,,,,,,,,,,,,,,,,,0,5.000000e+000,5.000000e-001,2,1,2.048492e-002,0,1,0,
1473216153.198,,-3.000000e+004,6.500068e+001,-7.022351e-004,0.000000e+000,1.239584e-002,0.000000e+000,3,9.259871e-001,1.825000e+000,,,,,,,,,,,,,,,,,,0,5.000000e+000,5.000000e-001,2,1,0.000000e+000,0,0,0,
1473216166.662,,-3.000000e+004,6.500170e+001,-7.011393e-004,0.000000e+000,1.180575e-002,0.000000e+000,3,9.257092e-001,1.825000e+000,,,,,,,,,,,,,,,,,,0,5.000000e+000,5.000000e-001,2,1,2.044678e-003,0,0,0,
1473216179.169,,-3.000000e+004,6.500067e+001,-7.024602e-004,0.000000e+000,9.546325e-003,0.000000e+000,3,9.294542e-001,1.825000e+000,,,,,,,,,,,,,,,,,,0,5.000000e+000,5.000000e-001,2,1,4.104614e-003,0,0,0,
1473216344.592,,-4.000000e+004,6.499965e+001,-7.397612e-004,0.000000e+000,1.390235e-002,0.000000e+000,3,9.289824e-001,1.825000e+000,,,,,,,,,,,,,,,,,,0,5.000000e+000,5.000000e-001,2,1,1.023865e-002,0,0,0,
1473216357.664,,-4.000000e+004,6.499760e+001,-7.406275e-004,0.000000e+000,1.478795e-002,0.000000e+000,3,9.284731e-001,1.825000e+000,,,,,,,,,,,,,,,,,,0,5.000000e+000,5.000000e-001,2,1,6.149292e-003,0,0,0,
1473216372.879,,-4.000000e+004,6.499759e+001,-7.375845e-004,0.000000e+000,1.274300e-002,0.000000e+000,3,9.313171e-001,1.825000e+000,,,,,,,,,,,,,,,,,,0,5.000000e+000,5.000000e-001,2,1,2.052307e-003,0,0,0,
1473216386.343,,-4.000000e+004,6.499965e+001,-7.395024e-004,0.000000e+000,1.424090e-002,0.000000e+000,3,9.292695e-001,1.825000e+000,,,,,,,,,,,,,,,,,,0,5.000000e+000,5.000000e-001,2,1,2.059937e-003,0,0,0,
1473216586.655,,-5.000000e+004,6.499965e+001,-7.690603e-004,0.000000e+000,1.496570e-002,0.000000e+000,3,9.319291e-001,1.825000e+000,,,,,,,,,,,,,,,,,,0,5.000000e+000,5.000000e-001,2,1,1.023865e-002,0,0,0,
1473216599.621,,-5.000000e+004,6.499453e+001,-7.689249e-004,0.000000e+000,1.517780e-002,0.000000e+000,3,9.317129e-001,1.825000e+000,,,,,,,,,,,,,,,,,,0,5.000000e+000,5.000000e-001,2,1,0.000000e+000,0,0,0,
1473216612.348,,-5.000000e+004,6.500272e+001,-7.688256e-004,0.000000e+000,1.514845e-002,0.000000e+000,3,9.315264e-001,1.825000e+000,,,,,,,,,,,,,,,,,,0,5.000000e+000,5.000000e-001,2,1,1.231384e-002,0,0,0,
1473216624.315,,-5.000000e+004,6.499863e+001,-7.686932e-004,0.000000e+000,1.502620e-002,0.000000e+000,3,9.316077e-001,1.825000e+000,,,,,,,,,,,,,,,,,,0,5.000000e+000,5.000000e-001,2,1,4.112244e-003,0,0,0,
1473216794.313,,-6.000000e+004,6.500785e+001,-7.910689e-004,0.000000e+000,1.596919e-002,0.000000e+000,3,9.323426e-001,1.825000e+000,,,,,,,,,,,,,,,,,,0,5.000000e+000,5.000000e-001,2,1,1.434326e-002,0,0,0,
1473216807.779,,-6.000000e+004,6.500067e+001,-7.911850e-004,0.000000e+000,1.586461e-002,0.000000e+000,3,9.325925e-001,1.825000e+000,,,,,,,,,,,,,,,,,,0,5.000000e+000,5.000000e-001,2,1,8.201599e-003,0,0,0,
1473216822.744,,-6.000000e+004,6.500273e+001,-7.911424e-004,0.000000e+000,1.587763e-002,0.000000e+000,3,9.326202e-001,1.825000e+000,,,,,,,,,,,,,,,,,,0,5.000000e+000,5.000000e-001,2,1,1.640320e-002,0,0,0,
1473216835.208,,-6.000000e+004,6.499965e+001,-7.911661e-004,0.000000e+000,1.597069e-002,0.000000e+000,3,9.326135e-001,1.825000e+000,,,,,,,,,,,,,,,,,,0,5.000000e+000,5.000000e-001,2,1,1.023865e-002,0,0,0,
1473217010.906,,-7.000000e+004,6.499452e+001,-8.081453e-004,0.000000e+000,1.749900e-002,0.000000e+000,3,9.342191e-001,1.825000e+000,,,,,,,,,,,,,,,,,,0,5.000000e+000,5.000000e-001,2,1,8.186340e-003,0,1,0,
1473217024.370,,-7.000000e+004,6.498838e+001,-8.103041e-004,0.000000e+000,1.663023e-002,0.000000e+000,3,9.323673e-001,1.825000e+000,,,,,,,,,,,,,,,,,,0,5.000000e+000,5.000000e-001,2,1,8.193970e-003,0,1,0,
1473217035.115,,-7.000000e+004,6.499350e+001,-8.091939e-004,0.000000e+000,1.786209e-002,0.000000e+000,3,9.319194e-001,1.825000e+000,,,,,,,,,,,,,,,,,,0,5.000000e+000,5.000000e-001,2,1,1.844025e-002,0,1,0,
1473217046.329,,-7.000000e+004,6.500067e+001,-8.101261e-004,0.000000e+000,1.723670e-002,0.000000e+000,3,9.332917e-001,1.825000e+000,,,,,,,,,,,,,,,,,,0,5.000000e+000,5.000000e-001,2,1,4.104614e-003,0,1,0,
1473217223.064,,-6.000000e+004,6.500581e+001,-7.899256e-004,0.000000e+000,1.583093e-002,0.000000e+000,3,9.302559e-001,1.825000e+000,,,,,,,,,,,,,,,,,,0,5.000000e+000,5.000000e-001,2,1,1.025391e-002,0,1,0,
1473217234.830,,-6.000000e+004,6.499862e+001,-7.917433e-004,0.000000e+000,1.496457e-002,0.000000e+000,3,9.316626e-001,1.825000e+000,,,,,,,,,,,,,,,,,,0,5.000000e+000,5.000000e-001,2,1,0.000000e+000,0,1,0,
1473217246.294,,-6.000000e+004,6.500067e+001,-7.912132e-004,0.000000e+000,1.608260e-002,0.000000e+000,3,9.341025e-001,1.825000e+000,,,,,,,,,,,,,,,,,,0,5.000000e+000,5.000000e-001,2,1,4.104614e-003,0,1,0,
1473217258.946,,-6.000000e+004,6.500272e+001,-7.914032e-004,0.000000e+000,1.450563e-002,0.000000e+000,3,9.311388e-001,1.825000e+000,,,,,,,,,,,,,,,,,,0,5.000000e+000,5.000000e-001,2,1,0.000000e+000,0,1,0,
1473217420.283,,-5.000000e+004,6.501196e+001,-7.663810e-004,0.000000e+000,1.414176e-002,0.000000e+000,3,9.312989e-001,1.825000e+000,,,,,,,,,,,,,,,,,,0,5.000000e+000,5.000000e-001,2,1,2.044678e-003,0,1,0,
1473217432.947,,-5.000000e+004,6.500272e+001,-7.709636e-004,0.000000e+000,1.589059e-002,0.000000e+000,3,9.292035e-001,1.825000e+000,,,,,,,,,,,,,,,,,,0,5.000000e+000,5.000000e-001,2,1,4.089355e-003,0,1,0,
1473217444.769,,-5.000000e+004,6.500375e+001,-7.692603e-004,0.000000e+000,1.608670e-002,0.000000e+000,3,9.261912e-001,1.825000e+000,,,,,,,,,,,,,,,,,,0,5.000000e+000,5.000000e-001,2,1,2.044678e-003,0,1,0,
1473217457.514,,-5.000000e+004,6.500477e+001,-7.655675e-004,0.000000e+000,1.221565e-002,0.000000e+000,3,9.267432e-001,1.825000e+000,,,,,,,,,,,,,,,,,,0,5.000000e+000,5.000000e-001,2,1,0.000000e+000,0,1,0,
1473217625.998,,-4.000000e+004,6.499657e+001,-7.399676e-004,0.000000e+000,1.387776e-002,0.000000e+000,3,9.314840e-001,1.825000e+000,,,,,,,,,,,,,,,,,,0,5.000000e+000,5.000000e-001,2,1,1.638794e-002,0,1,0,
1473217639.713,,-4.000000e+004,6.500272e+001,-7.405269e-004,0.000000e+000,1.360824e-002,0.000000e+000,3,9.270723e-001,1.825000e+000,,,,,,,,,,,,,,,,,,0,5.000000e+000,5.000000e-001,2,1,4.089355e-003,0,1,0,
1473217652.227,,-4.000000e+004,6.499862e+001,-7.371532e-004,0.000000e+000,1.574144e-002,0.000000e+000,3,9.321383e-001,1.825000e+000,,,,,,,,,,,,,,,,,,0,5.000000e+000,5.000000e-001,2,1,0.000000e+000,0,1,0,
1473217665.236,,-4.000000e+004,6.500067e+001,-7.412878e-004,0.000000e+000,1.423777e-002,0.000000e+000,3,9.295887e-001,1.825000e+000,,,,,,,,,,,,,,,,,,0,5.000000e+000,5.000000e-001,2,1,4.104614e-003,0,1,0,
1473217829.220,,-3.000000e+004,6.499657e+001,-7.037510e-004,0.000000e+000,9.660809e-003,0.000000e+000,3,9.283993e-001,1.825000e+000,,,,,,,,,,,,,,,,,,0,5.000000e+000,5.000000e-001,2,1,4.089355e-003,0,1,0,
1473217842.731,,-3.000000e+004,6.499453e+001,-7.015140e-004,0.000000e+000,1.018246e-002,0.000000e+000,3,9.253258e-001,1.825000e+000,,,,,,,,,,,,,,,,,,0,5.000000e+000,5.000000e-001,2,1,0.000000e+000,0,1,0,
1473217855.945,,-3.000000e+004,6.499965e+001,-6.998602e-004,0.000000e+000,1.240286e-002,0.000000e+000,3,9.268349e-001,1.825000e+000,,,,,,,,,,,,,,,,,,0,5.000000e+000,5.000000e-001,2,1,6.156921e-003,0,1,0,
1473217871.193,,-3.000000e+004,6.500272e+001,-7.012411e-004,0.000000e+000,1.051802e-002,0.000000e+000,3,9.276708e-001,1.825000e+000,,,,,,,,,,,,,,,,,,0,5.000000e+000,5.000000e-001,2,1,0.000000e+000,0,1,0,
1473218035.432,,-2.000000e+004,6.499965e+001,-6.481645e-004,0.000000e+000,9.509814e-003,0.000000e+000,3,9.217608e-001,1.825000e+000,,,,,,,,,,,,,,,,,,0,5.000000e+000,5.000000e-001,2,1,6.156921e-003,0,1,0,
1473218048.897,,-2.000000e+004,6.500170e+001,-6.482119e-004,0.000000e+000,9.189427e-003,0.000000e+000,3,9.215727e-001,1.825000e+000,,,,,,,,,,,,,,,,,,0,5.000000e+000,5.000000e-001,2,1,2.044678e-003,0,1,0,
1473218061.361,,-2.000000e+004,6.500067e+001,-6.483885e-004,0.000000e+000,8.787790e-003,0.000000e+000,3,9.233965e-001,1.825000e+000,,,,,,,,,,,,,,,,,,0,5.000000e+000,5.000000e-001,2,1,4.104614e-003,0,1,0,
1473218075.376,,-2.000000e+004,6.499965e+001,-6.483370e-004,0.000000e+000,9.567757e-003,0.000000e+000,3,9.241246e-001,1.825000e+000,,,,,,,,,,,,,,,,,,0,5.000000e+000,5.000000e-001,2,1,2.059937e-003,0,1,0,
1473218237.108,,-1.000000e+004,6.499657e+001,-5.605093e-004,0.000000e+000,6.267308e-003,0.000000e+000,3,9.132046e-001,1.825000e+000,,,,,,,,,,,,,,,,,,0,5.000000e+000,5.000000e-001,2,1,0.000000e+000,0,1,0,
1473218250.573,,-1.000000e+004,6.500272e+001,-5.614711e-004,0.000000e+000,5.948361e-003,0.000000e+000,3,9.125267e-001,1.825000e+000,,,,,,,,,,,,,,,,,,0,5.000000e+000,5.000000e-001,2,1,0.000000e+000,0,1,0,
1473218263.080,,-1.000000e+004,6.500068e+001,-5.609380e-004,0.000000e+000,5.658540e-003,0.000000e+000,3,9.133502e-001,1.825000e+000,,,,,,,,,,,,,,,,,,0,5.000000e+000,5.000000e-001,2,1,0.000000e+000,0,1,0,
1473218275.294,,-1.000000e+004,6.499863e+001,-5.612134e-004,0.000000e+000,6.103710e-003,0.000000e+000,3,9.131252e-001,1.825000e+000,,,,,,,,,,,,,,,,,,0,5.000000e+000,5.000000e-001,2,1,4.112244e-003,0,1,0,
1473218398.269,,-9.000000e+003,6.499759e+001,-5.486960e-004,0.000000e+000,5.764175e-003,0.000000e+000,3,9.133068e-001,1.825000e+000,,,,,,,,,,,,,,,,,,0,5.000000e+000,5.000000e-001,2,1,2.052307e-003,0,1,0,
1473218413.234,,-9.000000e+003,6.499759e+001,-5.493234e-004,0.000000e+000,5.609266e-003,0.000000e+000,3,9.111379e-001,1.825000e+000,,,,,,,,,,,,,,,,,,0,5.000000e+000,5.000000e-001,2,1,2.052307e-003,0,1,0,
1473218425.737,,-9.000000e+003,6.499657e+001,-5.485368e-004,0.000000e+000,5.709005e-003,0.000000e+000,3,9.118360e-001,1.825000e+000,,,,,,,,,,,,,,,,,,0,5.000000e+000,5.000000e-001,2,1,4.089355e-003,0,1,0,
1473218437.701,,-9.000000e+003,6.499657e+001,-5.484612e-004,0.000000e+000,5.317295e-003,0.000000e+000,3,9.121443e-001,1.825000e+000,,,,,,,,,,,,,,,,,,0,5.000000e+000,5.000000e-001,2,1,4.089355e-003,0,1,0,
1473218557.676,,-7.000000e+003,6.499863e+001,-5.201730e-004,0.000000e+000,4.962878e-003,0.000000e+000,3,9.083022e-001,1.825000e+000,,,,,,,,,,,,,,,,,,0,5.000000e+000,5.000000e-001,2,1,4.112244e-003,0,1,0,
1473218570.927,,-7.000000e+003,6.500068e+001,-5.195743e-004,0.000000e+000,5.351414e-003,0.000000e+000,3,9.074487e-001,1.825000e+000,,,,,,,,,,,,,,,,,,0,5.000000e+000,5.000000e-001,2,1,0.000000e+000,0,1,0,
1473218582.891,,-7.000000e+003,6.499760e+001,-5.200032e-004,0.000000e+000,4.325076e-003,0.000000e+000,3,9.076707e-001,1.825000e+000,,,,,,,,,,,,,,,,,,0,5.000000e+000,5.000000e-001,2,1,6.149292e-003,0,1,0,
1473218597.605,,-7.000000e+003,6.499862e+001,-5.188202e-004,0.000000e+000,5.010443e-003,0.000000e+000,3,9.084971e-001,1.825000e+000,,,,,,,,,,,,,,,,,,0,5.000000e+000,5.000000e-001,2,1,0.000000e+000,0,1,0,
1473218716.333,,-5.000000e+003,6.500170e+001,-4.827844e-004,0.000000e+000,4.477875e-003,0.000000e+000,3,9.012623e-001,1.825000e+000,,,,,,,,,,,,,,,,,,0,5.000000e+000,5.000000e-001,2,1,2.044678e-003,0,1,0,
1473218730.548,,-5.000000e+003,6.500170e+001,-4.826306e-004,0.000000e+000,4.656826e-003,0.000000e+000,3,9.030874e-001,1.825000e+000,,,,,,,,,,,,,,,,,,0,5.000000e+000,5.000000e-001,2,1,2.044678e-003,0,1,0,
1473218745.277,,-5.000000e+003,6.499863e+001,-4.829875e-004,0.000000e+000,4.131156e-003,0.000000e+000,3,9.027811e-001,1.825000e+000,,,,,,,,,,,,,,,,,,0,5.000000e+000,5.000000e-001,2,1,4.112244e-003,0,1,0,
1473218758.491,,-5.000000e+003,6.499965e+001,-4.825800e-004,0.000000e+000,4.403895e-003,0.000000e+000,3,9.028454e-001,1.825000e+000,,,,,,,,,,,,,,,,,,0,5.000000e+000,5.000000e-001,2,1,6.156921e-003,0,1,0,
1473218877.005,,-3.000000e+003,6.500067e+001,-4.329796e-004,0.000000e+000,3.896021e-003,0.000000e+000,3,8.960745e-001,1.825000e+000,,,,,,,,,,,,,,,,,,0,5.000000e+000,5.000000e-001,2,1,4.104614e-003,0,1,0,
1473218890.470,,-3.000000e+003,6.500068e+001,-4.323211e-004,0.000000e+000,4.709199e-003,0.000000e+000,3,8.961065e-001,1.825000e+000,,,,,,,,,,,,,,,,,,0,5.000000e+000,5.000000e-001,2,1,0.000000e+000,0,1,0,
1473218903.434,,-3.000000e+003,6.499452e+001,-4.319047e-004,0.000000e+000,3.458932e-003,0.000000e+000,3,8.963283e-001,1.825000e+000,,,,,,,,,,,,,,,,,,0,5.000000e+000,5.000000e-001,2,1,8.186340e-003,0,1,0,
1473218918.648,,-3.000000e+003,6.500273e+001,-4.320593e-004,0.000000e+000,3.697090e-003,0.000000e+000,3,8.963098e-001,1.825000e+000,,,,,,,,,,,,,,,,,,0,5.000000e+000,5.000000e-001,2,1,8.224487e-003,0,1,0,
1473219044.128,,-1.000000e+003,6.499759e+001,-3.504722e-004,0.000000e+000,5.259819e-003,0.000000e+000,3,9.037383e-001,1.825000e+000,,,,,,,,,,,,,,,,,,0,5.000000e+000,5.000000e-001,2,1,2.052307e-003,0,1,0,
1473219059.398,,-1.000000e+003,6.500067e+001,-3.495236e-004,0.000000e+000,5.154380e-003,0.000000e+000,3,9.043538e-001,1.825000e+000,,,,,,,,,,,,,,,,,,0,5.000000e+000,5.000000e-001,2,1,4.104614e-003,0,1,0,
1473219071.112,,-1.000000e+003,6.499965e+001,-3.495372e-004,0.000000e+000,5.934584e-003,0.000000e+000,3,9.017587e-001,1.825000e+000,,,,,,,,,,,,,,,,,,0,5.000000e+000,5.000000e-001,2,1,2.059937e-003,0,1,0,
1473219083.576,,-1.000000e+003,6.500170e+001,-3.495998e-004,0.000000e+000,5.809863e-003,0.000000e+000,3,9.027355e-001,1.825000e+000,,,,,,,,,,,,,,,,,,0,5.000000e+000,5.000000e-001,2,1,2.044678e-003,0,1,0,
1473219211.052,,-7.000000e+002,6.499043e+001,-3.317155e-004,0.000000e+000,8.904488e-003,0.000000e+000,3,9.090986e-001,1.825000e+000,,,,,,,,,,,,,,,,,,0,5.000000e+000,5.000000e-001,2,1,1.228333e-002,0,1,0,
1473219224.266,,-7.000000e+002,6.499759e+001,-3.295197e-004,0.000000e+000,7.496777e-003,0.000000e+000,3,9.099374e-001,1.825000e+000,,,,,,,,,,,,,,,,,,0,5.000000e+000,5.000000e-001,2,1,2.052307e-003,0,1,0,
1473219237.496,,-7.000000e+002,6.499759e+001,-3.297372e-004,0.000000e+000,7.480073e-003,0.000000e+000,3,9.096746e-001,1.825000e+000,,,,,,,,,,,,,,,,,,0,5.000000e+000,5.000000e-001,2,1,2.052307e-003,0,1,0,
1473219250.711,,-7.000000e+002,6.500375e+001,-3.302855e-004,0.000000e+000,7.820291e-003,0.000000e+000,3,9.089364e-001,1.825000e+000,,,,,,,,,,,,,,,,,,0,5.000000e+000,5.000000e-001,2,1,2.044678e-003,0,1,0,
1473219372.190,,-6.000000e+002,6.499452e+001,-3.223693e-004,0.000000e+000,6.191525e-003,0.000000e+000,3,9.173646e-001,1.825000e+000,,,,,,,,,,,,,,,,,,0,5.000000e+000,5.000000e-001,2,1,1.639557e-002,0,1,0,
1473219384.654,,-6.000000e+002,6.500272e+001,-3.223901e-004,0.000000e+000,8.592024e-003,0.000000e+000,3,9.160454e-001,1.825000e+000,,,,,,,,,,,,,,,,,,0,5.000000e+000,5.000000e-001,2,1,0.000000e+000,0,1,0,
1473219398.118,,-6.000000e+002,6.499657e+001,-3.220378e-004,0.000000e+000,7.734163e-003,0.000000e+000,3,9.147017e-001,1.825000e+000,,,,,,,,,,,,,,,,,,0,5.000000e+000,5.000000e-001,2,1,4.089355e-003,0,1,0,
1473219409.614,,-6.000000e+002,6.499965e+001,-3.219222e-004,0.000000e+000,7.491051e-003,0.000000e+000,3,9.141022e-001,1.825000e+000,,,,,,,,,,,,,,,,,,0,5.000000e+000,5.000000e-001,2,1,2.059937e-003,0,1,0,
1473219531.839,,-5.000000e+002,6.499657e+001,-3.137043e-004,0.000000e+000,8.455889e-003,0.000000e+000,3,9.185693e-001,1.825000e+000,,,,,,,,,,,,,,,,,,0,5.000000e+000,5.000000e-001,2,1,0.000000e+000,0,1,0,
1473219544.303,,-5.000000e+002,6.499554e+001,-3.126633e-004,0.000000e+000,9.071517e-003,0.000000e+000,3,9.203343e-001,1.825000e+000,,,,,,,,,,,,,,,,,,0,5.000000e+000,5.000000e-001,2,1,2.037048e-003,0,1,0,
1473219558.517,,-5.000000e+002,6.499862e+001,-3.136764e-004,0.000000e+000,8.788054e-003,0.000000e+000,3,9.218999e-001,1.825000e+000,,,,,,,,,,,,,,,,,,0,5.000000e+000,5.000000e-001,2,1,0.000000e+000,0,1,0,
1473219573.982,,-5.000000e+002,6.499759e+001,-3.140432e-004,0.000000e+000,7.550109e-003,0.000000e+000,3,9.216773e-001,1.825000e+000,,,,,,,,,,,,,,,,,,0,5.000000e+000,5.000000e-001,2,1,2.052307e-003,0,1,0,
1473219694.461,,-4.000000e+002,6.499248e+001,-3.035957e-004,0.000000e+000,9.325201e-003,0.000000e+000,3,9.272835e-001,1.825000e+000,,,,,,,,,,,,,,,,,,0,5.000000e+000,5.000000e-001,2,1,8.186340e-003,0,1,0,
1473219706.695,,-4.000000e+002,6.500272e+001,-3.028819e-004,0.000000e+000,1.164465e-002,0.000000e+000,3,9.276831e-001,1.825000e+000,,,,,,,,,,,,,,,,,,0,5.000000e+000,5.000000e-001,2,1,1.231384e-002,0,1,0,
1473219718.424,,-4.000000e+002,6.499965e+001,-3.035954e-004,0.000000e+000,8.546103e-003,0.000000e+000,3,9.281974e-001,1.825000e+000,,,,,,,,,,,,,,,,,,0,5.000000e+000,5.000000e-001,2,1,2.059937e-003,0,1,0,
1473219732.388,,-4.000000e+002,6.500170e+001,-3.026012e-004,0.000000e+000,9.130451e-003,0.000000e+000,3,9.290879e-001,1.825000e+000,,,,,,,,,,,,,,,,,,0,5.000000e+000,5.000000e-001,2,1,2.044678e-003,0,1,0,
1473219852.863,,-3.000000e+002,6.499863e+001,-2.893029e-004,0.000000e+000,1.293922e-002,0.000000e+000,3,9.327359e-001,1.825000e+000,,,,,,,,,,,,,,,,,,0,5.000000e+000,5.000000e-001,2,1,4.112244e-003,0,1,0,
1473219866.514,,-3.000000e+002,6.499965e+001,-2.894558e-004,0.000000e+000,1.066804e-002,0.000000e+000,3,9.377209e-001,1.825000e+000,,,,,,,,,,,,,,,,,,0,5.000000e+000,5.000000e-001,2,1,6.156921e-003,0,1,0,
1473219880.337,,-3.000000e+002,6.500478e+001,-2.888116e-004,0.000000e+000,1.136946e-002,0.000000e+000,3,9.378009e-001,1.825000e+000,,,,,,,,,,,,,,,,,,0,5.000000e+000,5.000000e-001,2,1,1.231384e-002,0,1,0,
1473219892.992,,-3.000000e+002,6.500375e+001,-2.899386e-004,0.000000e+000,1.039979e-002,0.000000e+000,3,9.395247e-001,1.825000e+000,,,,,,,,,,,,,,,,,,0,5.000000e+000,5.000000e-001,2,1,2.044678e-003,0,1,0,
1473220006.080,,-2.000000e+002,6.499863e+001,-2.697533e-004,0.000000e+000,1.226489e-002,0.000000e+000,3,9.502511e-001,1.825000e+000,,,,,,,,,,,,,,,,,,0,5.000000e+000,5.000000e-001,2,1,8.193970e-003,0,1,0,
1473220018.855,,-2.000000e+002,6.500682e+001,-2.699403e-004,0.000000e+000,1.439738e-002,0.000000e+000,3,9.467721e-001,1.825000e+000,,,,,,,,,,,,,,,,,,0,5.000000e+000,5.000000e-001,2,1,1.640320e-002,0,1,0,
1473220033.099,,-2.000000e+002,6.499965e+001,-2.695840e-004,0.000000e+000,1.076047e-002,0.000000e+000,3,9.485559e-001,1.825000e+000,,,,,,,,,,,,,,,,,,0,5.000000e+000,5.000000e-001,2,1,2.059937e-003,0,1,0,
1473220046.813,,-2.000000e+002,6.499863e+001,-2.701123e-004,0.000000e+000,1.151832e-002,0.000000e+000,3,9.492883e-001,1.825000e+000,,,,,,,,,,,,,,,,,,0,5.000000e+000,5.000000e-001,2,1,4.112244e-003,0,1,0,
1473220158.037,,-1.800000e+002,6.500375e+001,-2.650311e-004,0.000000e+000,1.337524e-002,0.000000e+000,3,9.510896e-001,1.825000e+000,,,,,,,,,,,,,,,,,,0,5.000000e+000,5.000000e-001,2,1,1.026154e-002,0,1,0,
1473220172.252,,-1.800000e+002,6.499453e+001,-2.651172e-004,0.000000e+000,1.209735e-002,0.000000e+000,3,9.532619e-001,1.825000e+000,,,,,,,,,,,,,,,,,,0,5.000000e+000,5.000000e-001,2,1,0.000000e+000,0,1,0,
1473220187.996,,-1.800000e+002,6.499760e+001,-2.648267e-004,0.000000e+000,1.169380e-002,0.000000e+000,3,9.528607e-001,1.825000e+000,,,,,,,,,,,,,,,,,,0,5.000000e+000,5.000000e-001,2,1,6.149292e-003,0,1,0,
1473220199.711,,-1.800000e+002,6.500273e+001,-2.650330e-004,0.000000e+000,1.399677e-002,0.000000e+000,3,9.507248e-001,1.825000e+000,,,,,,,,,,,,,,,,,,0,5.000000e+000,5.000000e-001,2,1,8.224487e-003,0,1,0,
1473220310.746,,-1.600000e+002,6.500170e+001,-2.593741e-004,0.000000e+000,1.121612e-002,0.000000e+000,3,9.559719e-001,1.825000e+000,,,,,,,,,,,,,,,,,,0,5.000000e+000,5.000000e-001,2,1,2.044678e-003,0,1,0,
1473220326.210,,-1.600000e+002,6.499554e+001,-2.593820e-004,0.000000e+000,1.373710e-002,0.000000e+000,3,9.549466e-001,1.825000e+000,,,,,,,,,,,,,,,,,,0,5.000000e+000,5.000000e-001,2,1,6.141663e-003,0,1,0,
1473220338.424,,-1.600000e+002,6.500068e+001,-2.584455e-004,0.000000e+000,1.349558e-002,0.000000e+000,3,9.545008e-001,1.825000e+000,,,,,,,,,,,,,,,,,,0,5.000000e+000,5.000000e-001,2,1,0.000000e+000,0,1,0,
1473220350.139,,-1.600000e+002,6.499965e+001,-2.592216e-004,0.000000e+000,1.254116e-002,0.000000e+000,3,9.556460e-001,1.825000e+000,,,,,,,,,,,,,,,,,,0,5.000000e+000,5.000000e-001,2,1,2.059937e-003,0,1,0,
1473220459.113,,-1.400000e+002,6.500170e+001,-2.528366e-004,0.000000e+000,1.460666e-002,0.000000e+000,3,9.521202e-001,1.825000e+000,,,,,,,,,,,,,,,,,,0,5.000000e+000,5.000000e-001,2,1,2.044678e-003,0,1,0,
1473220469.584,,-1.400000e+002,6.499759e+001,-2.520372e-004,0.000000e+000,1.289244e-002,0.000000e+000,3,9.573855e-001,1.825000e+000,,,,,,,,,,,,,,,,,,0,5.000000e+000,5.000000e-001,2,1,2.052307e-003,0,1,0,
1473220482.322,,-1.400000e+002,6.500068e+001,-2.526697e-004,0.000000e+000,1.265034e-002,0.000000e+000,3,9.565563e-001,1.825000e+000,,,,,,,,,,,,,,,,,,0,5.000000e+000,5.000000e-001,2,1,0.000000e+000,0,1,0,
1473220494.036,,-1.400000e+002,6.500067e+001,-2.519423e-004,0.000000e+000,1.310533e-002,0.000000e+000,3,9.572037e-001,1.825000e+000,,,,,,,,,,,,,,,,,,0,5.000000e+000,5.000000e-001,2,1,4.104614e-003,0,1,0,
1473220604.265,,-1.200000e+002,6.499657e+001,-2.440213e-004,0.000000e+000,1.400235e-002,0.000000e+000,3,9.589431e-001,1.825000e+000,,,,,,,,,,,,,,,,,,0,5.000000e+000,5.000000e-001,2,1,0.000000e+000,0,1,0,
1473220616.979,,-1.200000e+002,6.499453e+001,-2.444326e-004,0.000000e+000,1.271436e-002,0.000000e+000,3,9.612135e-001,1.825000e+000,,,,,,,,,,,,,,,,,,0,5.000000e+000,5.000000e-001,2,1,1.229858e-002,0,1,0,
1473220630.444,,-1.200000e+002,6.500067e+001,-2.445125e-004,0.000000e+000,1.468131e-002,0.000000e+000,3,9.575055e-001,1.825000e+000,,,,,,,,,,,,,,,,,,0,5.000000e+000,5.000000e-001,2,1,4.104614e-003,0,1,0,
1473220642.180,,-1.200000e+002,6.500067e+001,-2.439155e-004,0.000000e+000,1.283411e-002,0.000000e+000,3,9.603350e-001,1.825000e+000,,,,,,,,,,,,,,,,,,0,5.000000e+000,5.000000e-001,2,1,4.104614e-003,0,1,0,
1473220758.904,,-1.000000e+002,6.500888e+001,-2.331201e-004,0.000000e+000,1.359784e-002,0.000000e+000,3,9.625278e-001,1.825000e+000,,,,,,,,,,,,,,,,,,0,5.000000e+000,5.000000e-001,2,1,0.000000e+000,0,1,0,
1473220773.369,,-1.000000e+002,6.500477e+001,-2.336367e-004,0.000000e+000,1.474155e-002,0.000000e+000,3,9.635103e-001,1.825000e+000,,,,,,,,,,,,,,,,,,0,5.000000e+000,5.000000e-001,2,1,0.000000e+000,0,1,0,
1473220786.583,,-1.000000e+002,6.499657e+001,-2.341972e-004,0.000000e+000,1.372265e-002,0.000000e+000,3,9.634029e-001,1.825000e+000,,,,,,,,,,,,,,,,,,0,5.000000e+000,5.000000e-001,2,1,0.000000e+000,0,1,0,
1473220799.798,,-1.000000e+002,6.499759e+001,-2.339272e-004,0.000000e+000,1.386102e-002,0.000000e+000,3,9.642693e-001,1.825000e+000,,,,,,,,,,,,,,,,,,0,5.000000e+000,5.000000e-001,2,1,2.052307e-003,0,1,0,
1473220907.310,,-8.000000e+001,6.499759e+001,-2.206760e-004,0.000000e+000,1.353606e-002,0.000000e+000,3,9.687545e-001,1.825000e+000,,,,,,,,,,,,,,,,,,0,5.000000e+000,5.000000e-001,2,1,2.052307e-003,0,1,0,
1473220918.797,,-8.000000e+001,6.499965e+001,-2.205374e-004,0.000000e+000,1.400585e-002,0.000000e+000,3,9.660612e-001,1.825000e+000,,,,,,,,,,,,,,,,,,0,5.000000e+000,5.000000e-001,2,1,6.156921e-003,0,1,0,
1473220944.227,,-8.000000e+001,6.500170e+001,-2.208054e-004,0.000000e+000,1.374891e-002,0.000000e+000,3,9.668265e-001,1.825000e+000,,,,,,,,,,,,,,,,,,0,5.000000e+000,5.000000e-001,2,1,2.044678e-003,0,1,0,
1473220959.464,,-8.000000e+001,6.499759e+001,-2.209010e-004,0.000000e+000,1.417818e-002,0.000000e+000,3,9.653973e-001,1.825000e+000,,,,,,,,,,,,,,,,,,0,5.000000e+000,5.000000e-001,2,1,2.052307e-003,0,1,0,
1473221066.937,,-6.000000e+001,6.498837e+001,-2.012873e-004,0.000000e+000,1.701961e-002,0.000000e+000,3,9.684960e-001,1.825000e+000,,,,,,,,,,,,,,,,,,0,5.000000e+000,5.000000e-001,2,1,2.049255e-002,0,1,0,
1473221080.652,,-6.000000e+001,6.500067e+001,-2.023807e-004,0.000000e+000,1.530868e-002,0.000000e+000,3,9.688913e-001,1.825000e+000,,,,,,,,,,,,,,,,,,0,5.000000e+000,5.000000e-001,2,1,4.104614e-003,0,1,0,
1473221095.866,,-6.000000e+001,6.499965e+001,-2.015228e-004,0.000000e+000,1.352062e-002,0.000000e+000,3,9.732226e-001,1.825000e+000,,,,,,,,,,,,,,,,,,0,5.000000e+000,5.000000e-001,2,1,2.059937e-003,0,1,0,
1473221111.331,,-6.000000e+001,6.499965e+001,-2.017239e-004,0.000000e+000,1.467248e-002,0.000000e+000,3,9.691998e-001,1.825000e+000,,,,,,,,,,,,,,,,,,0,5.000000e+000,5.000000e-001,2,1,2.059937e-003,0,1,0,
1473221221.078,,-4.000000e+001,6.499248e+001,-1.722699e-004,0.000000e+000,1.610296e-002,0.000000e+000,3,9.748426e-001,1.825000e+000,,,,,,,,,,,,,,,,,,0,5.000000e+000,5.000000e-001,2,1,1.229095e-002,0,1,0,
1473221236.549,,-4.000000e+001,6.500683e+001,-1.726977e-004,0.000000e+000,1.526697e-002,0.000000e+000,3,9.738841e-001,1.825000e+000,,,,,,,,,,,,,,,,,,0,5.000000e+000,5.000000e-001,2,1,2.870178e-002,0,1,0,
1473221250.264,,-4.000000e+001,6.499452e+001,-1.720543e-004,0.000000e+000,1.639148e-002,0.000000e+000,3,9.711880e-001,1.825000e+000,,,,,,,,,,,,,,,,,,0,5.000000e+000,5.000000e-001,2,1,4.089355e-003,0,1,0,
1473221261.978,,-4.000000e+001,6.500170e+001,-1.729099e-004,0.000000e+000,1.499355e-002,0.000000e+000,3,9.692046e-001,1.825000e+000,,,,,,,,,,,,,,,,,,0,5.000000e+000,5.000000e-001,2,1,2.044678e-003,0,1,0,
1473221370.952,,-2.000000e+001,6.500273e+001,-1.074124e-004,0.000000e+000,6.382961e-003,0.000000e+000,3,9.823209e-001,1.825000e+000,,,,,,,,,,,,,,,,,,0,5.000000e+000,5.000000e-001,2,1,8.224487e-003,0,1,0,
1473221382.416,,-2.000000e+001,6.499863e+001,-1.085017e-004,0.000000e+000,8.733968e-003,0.000000e+000,3,9.776158e-001,1.825000e+000,,,,,,,,,,,,,,,,,,0,5.000000e+000,5.000000e-001,2,1,4.112244e-003,0,1,0,
1473221394.880,,-2.000000e+001,6.498531e+001,-1.087334e-004,0.000000e+000,1.260704e-002,0.000000e+000,3,9.750050e-001,1.825000e+000,,,,,,,,,,,,,,,,,,0,5.000000e+000,5.000000e-001,2,1,1.025391e-002,0,1,0,
1473221408.873,,-2.000000e+001,6.499965e+001,-1.095796e-004,0.000000e+000,9.400841e-003,0.000000e+000,3,9.797821e-001,1.825000e+000,,,,,,,,,,,,,,,,,,0,5.000000e+000,5.000000e-001,2,1,2.059937e-003,0,1,0,
1473221528.564,,0.000000e+000,6.499965e+001,1.244227e-004,0.000000e+000,2.243763e-002,0.000000e+000,3,9.782078e-001,1.825000e+000,,,,,,,,,,,,,,,,,,0,5.000000e+000,5.000000e-001,2,1,2.059937e-003,0,1,0,
1473221541.780,,0.000000e+000,6.499965e+001,1.231684e-004,0.000000e+000,2.232555e-002,0.000000e+000,3,9.796858e-001,1.825000e+000,,,,,,,,,,,,,,,,,,0,5.000000e+000,5.000000e-001,2,1,2.059937e-003,0,1,0,
1473221555.931,,0.000000e+000,6.499759e+001,1.234296e-004,0.000000e+000,2.090975e-002,0.000000e+000,3,9.789072e-001,1.825000e+000,,,,,,,,,,,,,,,,,,0,5.000000e+000,5.000000e-001,2,1,2.052307e-003,0,1,0,
1473221568.448,,0.000000e+000,6.499965e+001,1.225797e-004,0.000000e+000,2.361398e-002,0.000000e+000,3,9.745646e-001,1.825000e+000,,,,,,,,,,,,,,,,,,0,5.000000e+000,5.000000e-001,2,1,6.156921e-003,0,1,0,
1473221684.590,,2.000000e+001,6.499453e+001,1.827221e-004,0.000000e+000,1.378937e-002,0.000000e+000,3,9.765586e-001,1.825000e+000,,,,,,,,,,,,,,,,,,0,5.000000e+000,5.000000e-001,2,1,0.000000e+000,0,1,0,
1473221697.304,,2.000000e+001,6.499657e+001,1.815480e-004,0.000000e+000,1.719207e-002,0.000000e+000,3,9.772805e-001,1.825000e+000,,,,,,,,,,,,,,,,,,0,5.000000e+000,5.000000e-001,2,1,4.089355e-003,0,1,0,
1473221710.797,,2.000000e+001,6.499863e+001,1.801964e-004,0.000000e+000,1.767686e-002,0.000000e+000,3,9.715227e-001,1.825000e+000,,,,,,,,,,,,,,,,,,0,5.000000e+000,5.000000e-001,2,1,8.193970e-003,0,1,0,
1473221722.964,,2.000000e+001,6.499657e+001,1.808119e-004,0.000000e+000,1.697737e-002,0.000000e+000,3,9.785749e-001,1.825000e+000,,,,,,,,,,,,,,,,,,0,5.000000e+000,5.000000e-001,2,1,0.000000e+000,0,1,0,
1473221832.046,,4.000000e+001,6.500272e+001,2.077159e-004,0.000000e+000,1.732790e-002,0.000000e+000,3,9.762149e-001,1.825000e+000,,,,,,,,,,,,,,,,,,0,5.000000e+000,5.000000e-001,2,1,0.000000e+000,0,1,0,
1473221845.761,,4.000000e+001,6.500170e+001,2.083973e-004,0.000000e+000,1.465850e-002,0.000000e+000,3,9.758739e-001,1.825000e+000,,,,,,,,,,,,,,,,,,0,5.000000e+000,5.000000e-001,2,1,2.664185e-002,0,1,0,
1473221861.656,,4.000000e+001,6.499965e+001,2.080553e-004,0.000000e+000,1.673565e-002,0.000000e+000,3,9.749081e-001,1.825000e+000,,,,,,,,,,,,,,,,,,0,5.000000e+000,5.000000e-001,2,1,6.156921e-003,0,1,0,
1473221875.478,,4.000000e+001,6.500272e+001,2.075513e-004,0.000000e+000,1.706723e-002,0.000000e+000,3,9.740131e-001,1.825000e+000,,,,,,,,,,,,,,,,,,0,5.000000e+000,5.000000e-001,2,1,4.089355e-003,0,1,0,
1473221985.737,,6.000000e+001,6.500376e+001,2.251370e-004,0.000000e+000,1.534267e-002,0.000000e+000,3,9.732469e-001,1.825000e+000,,,,,,,,,,,,,,,,,,0,5.000000e+000,5.000000e-001,2,1,6.164551e-003,0,1,0,
1473221999.507,,6.000000e+001,6.499453e+001,2.240277e-004,0.000000e+000,1.717982e-002,0.000000e+000,3,9.696729e-001,1.825000e+000,,,,,,,,,,,,,,,,,,0,5.000000e+000,5.000000e-001,2,1,1.229858e-002,0,1,0,
1473222012.268,,6.000000e+001,6.500068e+001,2.248585e-004,0.000000e+000,1.631040e-002,0.000000e+000,3,9.729289e-001,1.825000e+000,,,,,,,,,,,,,,,,,,0,5.000000e+000,5.000000e-001,2,1,0.000000e+000,0,1,0,
1473222027.736,,6.000000e+001,6.499863e+001,2.254551e-004,0.000000e+000,1.562417e-002,0.000000e+000,3,9.735101e-001,1.825000e+000,,,,,,,,,,,,,,,,,,0,5.000000e+000,5.000000e-001,2,1,4.112244e-003,0,1,0,
1473222136.210,,8.000000e+001,6.499760e+001,2.366839e-004,0.000000e+000,1.693279e-002,0.000000e+000,3,9.664384e-001,1.825000e+000,,,,,,,,,,,,,,,,,,0,5.000000e+000,5.000000e-001,2,1,1.024628e-002,0,1,0,
1473222148.674,,8.000000e+001,6.499658e+001,2.381198e-004,0.000000e+000,1.480466e-002,0.000000e+000,3,9.683593e-001,1.825000e+000,,,,,,,,,,,,,,,,,,0,5.000000e+000,5.000000e-001,2,1,8.201599e-003,0,1,0,
1473222160.389,,8.000000e+001,6.499965e+001,2.374697e-004,0.000000e+000,1.536303e-002,0.000000e+000,3,9.680381e-001,1.825000e+000,,,,,,,,,,,,,,,,,,0,5.000000e+000,5.000000e-001,2,1,2.059937e-003,0,1,0,
1473222184.860,,8.000000e+001,6.499965e+001,2.373466e-004,0.000000e+000,1.606885e-002,0.000000e+000,3,9.666109e-001,1.825000e+000,,,,,,,,,,,,,,,,,,0,5.000000e+000,5.000000e-001,2,1,2.059937e-003,0,1,0,
1473222290.839,,1.000000e+002,6.500068e+001,2.478170e-004,0.000000e+000,1.662252e-002,0.000000e+000,3,9.637060e-001,1.825000e+000,,,,,,,,,,,,,,,,,,0,5.000000e+000,5.000000e-001,2,1,0.000000e+000,0,1,0,
1473222302.803,,1.000000e+002,6.499760e+001,2.475340e-004,0.000000e+000,1.513122e-002,0.000000e+000,3,9.631687e-001,1.825000e+000,,,,,,,,,,,,,,,,,,0,5.000000e+000,5.000000e-001,2,1,6.149292e-003,0,1,0,
1473222316.718,,1.000000e+002,6.499863e+001,2.478646e-004,0.000000e+000,1.554546e-002,0.000000e+000,3,9.642805e-001,1.825000e+000,,,,,,,,,,,,,,,,,,0,5.000000e+000,5.000000e-001,2,1,4.112244e-003,0,1,0,
1473222331.348,,1.000000e+002,6.499554e+001,2.474936e-004,0.000000e+000,1.533184e-002,0.000000e+000,3,9.649507e-001,1.825000e+000,,,,,,,,,,,,,,,,,,0,5.000000e+000,5.000000e-001,2,1,6.141663e-003,0,1,0,
1473222440.619,,1.200000e+002,6.500067e+001,2.560329e-004,0.000000e+000,1.300849e-002,0.000000e+000,3,9.620975e-001,1.825000e+000,,,,,,,,,,,,,,,,,,0,5.000000e+000,5.000000e-001,2,1,4.104614e-003,0,1,0,
1473222455.833,,1.200000e+002,6.500068e+001,2.556333e-004,0.000000e+000,1.365850e-002,0.000000e+000,3,9.623302e-001,1.825000e+000,,,,,,,,,,,,,,,,,,0,5.000000e+000,5.000000e-001,2,1,0.000000e+000,0,1,0,
1473222470.298,,1.200000e+002,6.500169e+001,2.563174e-004,0.000000e+000,1.475736e-002,0.000000e+000,3,9.618714e-001,1.825000e+000,,,,,,,,,,,,,,,,,,0,5.000000e+000,5.000000e-001,2,1,6.149292e-003,0,1,0,
1473222482.516,,1.200000e+002,6.500272e+001,2.560530e-004,0.000000e+000,1.238450e-002,0.000000e+000,3,9.636734e-001,1.825000e+000,,,,,,,,,,,,,,,,,,0,5.000000e+000,5.000000e-001,2,1,4.089355e-003,0,1,0,
1473222592.301,,1.400000e+002,6.500169e+001,2.625164e-004,0.000000e+000,1.381475e-002,0.000000e+000,3,9.567711e-001,1.825000e+000,,,,,,,,,,,,,,,,,,0,5.000000e+000,5.000000e-001,2,1,6.149292e-003,0,1,0,
1473222605.765,,1.400000e+002,6.500477e+001,2.623837e-004,0.000000e+000,1.220151e-002,0.000000e+000,3,9.597861e-001,1.825000e+000,,,,,,,,,,,,,,,,,,0,5.000000e+000,5.000000e-001,2,1,0.000000e+000,0,1,0,
1473222618.236,,1.400000e+002,6.499554e+001,2.622302e-004,0.000000e+000,1.422425e-002,0.000000e+000,3,9.600396e-001,1.825000e+000,,,,,,,,,,,,,,,,,,0,5.000000e+000,5.000000e-001,2,1,6.141663e-003,0,1,0,
1473222634.201,,1.400000e+002,6.499759e+001,2.619277e-004,0.000000e+000,1.318350e-002,0.000000e+000,3,9.592071e-001,1.825000e+000,,,,,,,,,,,,,,,,,,0,5.000000e+000,5.000000e-001,2,1,2.052307e-003,0,1,0,
1473222750.176,,1.600000e+002,6.499864e+001,2.681761e-004,0.000000e+000,1.088196e-002,0.000000e+000,3,9.595623e-001,1.825000e+000,,,,,,,,,,,,,,,,,,0,5.000000e+000,5.000000e-001,2,1,1.641083e-002,0,1,0,
1473222762.890,,1.600000e+002,6.499350e+001,2.668339e-004,0.000000e+000,1.423627e-002,0.000000e+000,3,9.578888e-001,1.825000e+000,,,,,,,,,,,,,,,,,,0,5.000000e+000,5.000000e-001,2,1,6.134033e-003,0,1,0,
1473222775.619,,1.600000e+002,6.499556e+001,2.678146e-004,0.000000e+000,1.303669e-002,0.000000e+000,3,9.563580e-001,1.825000e+000,,,,,,,,,,,,,,,,,,0,5.000000e+000,5.000000e-001,2,1,1.024628e-002,0,1,0,
1473222790.834,,1.600000e+002,6.500170e+001,2.676724e-004,0.000000e+000,1.307097e-002,0.000000e+000,3,9.569635e-001,1.825000e+000,,,,,,,,,,,,,,,,,,0,5.000000e+000,5.000000e-001,2,1,2.044678e-003,0,1,0,
1473222905.558,,1.800000e+002,6.499248e+001,2.724967e-004,0.000000e+000,1.366102e-002,0.000000e+000,3,9.537205e-001,1.825000e+000,,,,,,,,,,,,,,,,,,0,5.000000e+000,5.000000e-001,2,1,0.000000e+000,0,1,0,
1473222919.560,,1.800000e+002,6.499965e+001,2.729030e-004,0.000000e+000,1.251378e-002,0.000000e+000,3,9.538616e-001,1.825000e+000,,,,,,,,,,,,,,,,,,0,5.000000e+000,5.000000e-001,2,1,2.059937e-003,0,1,0,
1473222933.524,,1.800000e+002,6.500375e+001,2.726457e-004,0.000000e+000,1.297754e-002,0.000000e+000,3,9.532173e-001,1.825000e+000,,,,,,,,,,,,,,,,,,0,5.000000e+000,5.000000e-001,2,1,1.026154e-002,0,1,0,
1473222946.992,,1.800000e+002,6.499965e+001,2.727712e-004,0.000000e+000,1.397046e-002,0.000000e+000,3,9.517649e-001,1.825000e+000,,,,,,,,,,,,,,,,,,0,5.000000e+000,5.000000e-001,2,1,2.059937e-003,0,1,0,
1473223054.966,,2.000000e+002,6.500683e+001,2.772041e-004,0.000000e+000,1.305830e-002,0.000000e+000,3,9.498696e-001,1.825000e+000,,,,,,,,,,,,,,,,,,0,5.000000e+000,5.000000e-001,2,1,2.459717e-002,0,1,0,
1473223068.180,,2.000000e+002,6.499657e+001,2.771505e-004,0.000000e+000,1.344083e-002,0.000000e+000,3,9.500895e-001,1.825000e+000,,,,,,,,,,,,,,,,,,0,5.000000e+000,5.000000e-001,2,1,0.000000e+000,0,1,0,
1473223083.094,,2.000000e+002,6.499863e+001,2.773040e-004,0.000000e+000,1.393119e-002,0.000000e+000,3,9.498389e-001,1.825000e+000,,,,,,,,,,,,,,,,,,0,5.000000e+000,5.000000e-001,2,1,4.112244e-003,0,1,0,
1473223095.666,,2.000000e+002,6.499965e+001,2.777218e-004,0.000000e+000,1.456701e-002,0.000000e+000,3,9.489027e-001,1.825000e+000,,,,,,,,,,,,,,,,,,0,5.000000e+000,5.000000e-001,2,1,2.059937e-003,0,1,0,
1473223211.084,,3.000000e+002,6.500887e+001,2.944091e-004,0.000000e+000,1.338194e-002,0.000000e+000,3,9.394915e-001,1.825000e+000,,,,,,,,,,,,,,,,,,0,5.000000e+000,5.000000e-001,2,1,2.461243e-002,0,1,0,
1473223222.915,,3.000000e+002,6.499759e+001,2.946825e-004,0.000000e+000,1.180488e-002,0.000000e+000,3,9.401196e-001,1.825000e+000,,,,,,,,,,,,,,,,,,0,5.000000e+000,5.000000e-001,2,1,2.052307e-003,0,1,0,
1473223235.879,,3.000000e+002,6.499862e+001,2.946733e-004,0.000000e+000,1.355478e-002,0.000000e+000,3,9.363207e-001,1.825000e+000,,,,,,,,,,,,,,,,,,0,5.000000e+000,5.000000e-001,2,1,0.000000e+000,0,1,0,
1473223252.094,,3.000000e+002,6.500375e+001,2.944721e-004,0.000000e+000,1.021010e-002,0.000000e+000,3,9.398467e-001,1.825000e+000,,,,,,,,,,,,,,,,,,0,5.000000e+000,5.000000e-001,2,1,2.044678e-003,0,1,0,
1473223374.771,,4.000000e+002,6.500375e+001,3.065066e-004,0.000000e+000,9.703630e-003,0.000000e+000,3,9.302710e-001,1.825000e+000,,,,,,,,,,,,,,,,,,0,5.000000e+000,5.000000e-001,2,1,1.026154e-002,0,1,0,
1473223387.093,,4.000000e+002,6.499554e+001,3.073781e-004,0.000000e+000,9.655769e-003,0.000000e+000,3,9.303080e-001,1.825000e+000,,,,,,,,,,,,,,,,,,0,5.000000e+000,5.000000e-001,2,1,6.141663e-003,0,1,0,
1473223400.058,,4.000000e+002,6.500067e+001,3.071854e-004,0.000000e+000,1.082421e-002,0.000000e+000,3,9.290917e-001,1.825000e+000,,,,,,,,,,,,,,,,,,0,5.000000e+000,5.000000e-001,2,1,4.104614e-003,0,1,0,
1473223412.772,,4.000000e+002,6.499965e+001,3.077324e-004,0.000000e+000,1.115463e-002,0.000000e+000,3,9.306251e-001,1.825000e+000,,,,,,,,,,,,,,,,,,0,5.000000e+000,5.000000e-001,2,1,2.059937e-003,0,1,0,
1473223534.753,,5.000000e+002,6.500581e+001,3.173150e-004,0.000000e+000,9.397930e-003,0.000000e+000,3,9.207180e-001,1.825000e+000,,,,,,,,,,,,,,,,,,0,5.000000e+000,5.000000e-001,2,1,1.025391e-002,0,1,0,
1473223547.967,,5.000000e+002,6.499759e+001,3.176482e-004,0.000000e+000,9.530757e-003,0.000000e+000,3,9.219267e-001,1.825000e+000,,,,,,,,,,,,,,,,,,0,5.000000e+000,5.000000e-001,2,1,2.052307e-003,0,1,0,
1473223561.432,,5.000000e+002,6.499554e+001,3.172566e-004,0.000000e+000,9.871790e-003,0.000000e+000,3,9.220635e-001,1.825000e+000,,,,,,,,,,,,,,,,,,0,5.000000e+000,5.000000e-001,2,1,2.037048e-003,0,1,0,
1473223575.396,,5.000000e+002,6.499452e+001,3.165914e-004,0.000000e+000,9.983800e-003,0.000000e+000,3,9.222323e-001,1.825000e+000,,,,,,,,,,,,,,,,,,0,5.000000e+000,5.000000e-001,2,1,1.639557e-002,0,1,0,
1473223689.146,,6.000000e+002,6.501299e+001,3.253176e-004,0.000000e+000,9.317317e-003,0.000000e+000,3,9.148540e-001,1.825000e+000,,,,,,,,,,,,,,,,,,0,5.000000e+000,5.000000e-001,2,1,1.228333e-002,0,1,0,
1473223703.111,,6.000000e+002,6.500375e+001,3.264503e-004,0.000000e+000,8.788241e-003,0.000000e+000,3,9.177440e-001,1.825000e+000,,,,,,,,,,,,,,,,,,0,5.000000e+000,5.000000e-001,2,1,2.044678e-003,0,1,0,
1473223715.871,,6.000000e+002,6.500272e+001,3.260094e-004,0.000000e+000,1.121257e-002,0.000000e+000,3,9.139491e-001,1.825000e+000,,,,,,,,,,,,,,,,,,0,5.000000e+000,5.000000e-001,2,1,0.000000e+000,0,1,0,
1473223730.086,,6.000000e+002,6.499965e+001,3.254901e-004,0.000000e+000,8.888169e-003,0.000000e+000,3,9.163931e-001,1.825000e+000,,,,,,,,,,,,,,,,,,0,5.000000e+000,5.000000e-001,2,1,2.059937e-003,0,1,0,
1473223852.568,,7.000000e+002,6.499965e+001,3.325164e-004,0.000000e+000,9.237194e-003,0.000000e+000,3,9.109813e-001,1.825000e+000,,,,,,,,,,,,,,,,,,0,5.000000e+000,5.000000e-001,2,1,6.156921e-003,0,1,0,
1473223864.782,,7.000000e+002,6.499657e+001,3.324400e-004,0.000000e+000,9.392392e-003,0.000000e+000,3,9.103361e-001,1.825000e+000,,,,,,,,,,,,,,,,,,0,5.000000e+000,5.000000e-001,2,1,4.089355e-003,0,1,0,
1473223878.264,,7.000000e+002,6.499965e+001,3.328378e-004,0.000000e+000,7.380724e-003,0.000000e+000,3,9.075857e-001,1.825000e+000,,,,,,,,,,,,,,,,,,0,5.000000e+000,5.000000e-001,2,1,2.059937e-003,0,1,0,
1473223891.229,,7.000000e+002,6.499759e+001,3.324414e-004,0.000000e+000,8.366381e-003,0.000000e+000,3,9.097828e-001,1.825000e+000,,,,,,,,,,,,,,,,,,0,5.000000e+000,5.000000e-001,2,1,2.052307e-003,0,1,0,
1473224010.454,,1.000000e+003,6.499760e+001,3.512919e-004,0.000000e+000,7.471942e-003,0.000000e+000,3,9.028306e-001,1.825000e+000,,,,,,,,,,,,,,,,,,0,5.000000e+000,5.000000e-001,2,1,1.024628e-002,0,1,0,
1473224023.210,,1.000000e+003,6.499658e+001,3.512776e-004,0.000000e+000,7.141620e-003,0.000000e+000,3,9.028456e-001,1.825000e+000,,,,,,,,,,,,,,,,,,0,5.000000e+000,5.000000e-001,2,1,8.201599e-003,0,1,0,
1473224035.716,,1.000000e+003,6.499554e+001,3.513992e-004,0.000000e+000,7.171323e-003,0.000000e+000,3,9.027431e-001,1.825000e+000,,,,,,,,,,,,,,,,,,0,5.000000e+000,5.000000e-001,2,1,6.141663e-003,0,1,0,
1473224050.740,,1.000000e+003,6.500580e+001,3.512941e-004,0.000000e+000,6.893368e-003,0.000000e+000,3,9.028423e-001,1.825000e+000,,,,,,,,,,,,,,,,,,0,5.000000e+000,5.000000e-001,2,1,1.435852e-002,0,1,0,
1473224172.971,,3.000000e+003,6.499759e+001,4.325681e-004,0.000000e+000,3.625924e-003,0.000000e+000,3,8.975258e-001,1.825000e+000,,,,,,,,,,,,,,,,,,0,5.000000e+000,5.000000e-001,2,1,2.052307e-003,0,1,0,
1473224185.435,,3.000000e+003,6.498837e+001,4.335010e-004,0.000000e+000,5.325583e-003,0.000000e+000,3,8.969128e-001,1.825000e+000,,,,,,,,,,,,,,,,,,0,5.000000e+000,5.000000e-001,2,1,2.049255e-002,0,1,0,
1473224199.149,,3.000000e+003,6.499965e+001,4.328560e-004,0.000000e+000,5.330200e-003,0.000000e+000,3,8.985624e-001,1.825000e+000,,,,,,,,,,,,,,,,,,0,5.000000e+000,5.000000e-001,2,1,2.059937e-003,0,1,0,
1473224212.114,,3.000000e+003,6.499965e+001,4.331185e-004,0.000000e+000,5.740502e-003,0.000000e+000,3,8.954446e-001,1.825000e+000,,,,,,,,,,,,,,,,,,0,5.000000e+000,5.000000e-001,2,1,2.059937e-003,0,1,0,
1473224339.292,,5.000000e+003,6.499759e+001,4.832347e-004,0.000000e+000,6.292257e-003,0.000000e+000,3,9.018807e-001,1.825000e+000,,,,,,,,,,,,,,,,,,0,5.000000e+000,5.000000e-001,2,1,2.052307e-003,0,1,0,
1473224351.615,,5.000000e+003,6.499759e+001,4.833844e-004,0.000000e+000,5.946808e-003,0.000000e+000,3,9.026611e-001,1.825000e+000,,,,,,,,,,,,,,,,,,0,5.000000e+000,5.000000e-001,2,1,2.052307e-003,0,1,0,
1473224365.837,,5.000000e+003,6.500272e+001,4.829708e-004,0.000000e+000,6.740992e-003,0.000000e+000,3,9.020809e-001,1.825000e+000,,,,,,,,,,,,,,,,,,0,5.000000e+000,5.000000e-001,2,1,4.089355e-003,0,1,0,
1473224377.741,,5.000000e+003,6.499554e+001,4.830732e-004,0.000000e+000,5.625990e-003,0.000000e+000,3,9.023824e-001,1.825000e+000,,,,,,,,,,,,,,,,,,0,5.000000e+000,5.000000e-001,2,1,2.037048e-003,0,1,0,
1473224504.855,,7.000000e+003,6.499759e+001,5.201556e-004,0.000000e+000,7.744468e-003,0.000000e+000,3,9.066546e-001,1.825000e+000,,,,,,,,,,,,,,,,,,0,5.000000e+000,5.000000e-001,2,1,2.052307e-003,0,1,0,
1473224519.570,,7.000000e+003,6.500272e+001,5.189292e-004,0.000000e+000,7.398533e-003,0.000000e+000,3,9.062976e-001,1.825000e+000,,,,,,,,,,,,,,,,,,0,5.000000e+000,5.000000e-001,2,1,4.089355e-003,0,1,0,
1473224532.534,,7.000000e+003,6.500272e+001,5.187062e-004,0.000000e+000,6.358506e-003,0.000000e+000,3,9.080229e-001,1.825000e+000,,,,,,,,,,,,,,,,,,0,5.000000e+000,5.000000e-001,2,1,0.000000e+000,0,1,0,
1473224547.248,,7.000000e+003,6.499453e+001,5.199596e-004,0.000000e+000,7.820416e-003,0.000000e+000,3,9.080539e-001,1.825000e+000,,,,,,,,,,,,,,,,,,0,5.000000e+000,5.000000e-001,2,1,0.000000e+000,0,1,0,
1473224667.014,,9.000000e+003,6.500068e+001,5.492641e-004,0.000000e+000,8.069811e-003,0.000000e+000,3,9.121137e-001,1.825000e+000,,,,,,,,,,,,,,,,,,0,5.000000e+000,5.000000e-001,2,1,0.000000e+000,0,1,0,
1473224680.229,,9.000000e+003,6.499554e+001,5.496583e-004,0.000000e+000,8.331691e-003,0.000000e+000,3,9.115250e-001,1.825000e+000,,,,,,,,,,,,,,,,,,0,5.000000e+000,5.000000e-001,2,1,2.037048e-003,0,1,0,
1473224694.943,,9.000000e+003,6.500169e+001,5.497159e-004,0.000000e+000,8.051000e-003,0.000000e+000,3,9.117605e-001,1.825000e+000,,,,,,,,,,,,,,,,,,0,5.000000e+000,5.000000e-001,2,1,6.149292e-003,0,1,0,
1473224706.657,,9.000000e+003,6.499965e+001,5.484685e-004,0.000000e+000,8.089143e-003,0.000000e+000,3,9.115565e-001,1.825000e+000,,,,,,,,,,,,,,,,,,0,5.000000e+000,5.000000e-001,2,1,2.059937e-003,0,1,0,
1473224828.387,,1.000000e+004,6.499863e+001,5.616251e-004,0.000000e+000,7.450921e-003,0.000000e+000,3,9.136673e-001,1.825000e+000,,,,,,,,,,,,,,,,,,0,5.000000e+000,5.000000e-001,2,1,4.112244e-003,0,1,0,
1473224842.533,,1.000000e+004,6.499759e+001,5.624053e-004,0.000000e+000,7.309801e-003,0.000000e+000,3,9.121800e-001,1.825000e+000,,,,,,,,,,,,,,,,,,0,5.000000e+000,5.000000e-001,2,1,2.052307e-003,0,1,0,
1473224855.855,,1.000000e+004,6.500273e+001,5.617513e-004,0.000000e+000,7.363512e-003,0.000000e+000,3,9.120241e-001,1.825000e+000,,,,,,,,,,,,,,,,,,0,5.000000e+000,5.000000e-001,2,1,8.224487e-003,0,1,0,
1473224869.325,,1.000000e+004,6.500170e+001,5.630742e-004,0.000000e+000,1.009536e-002,0.000000e+000,3,9.122164e-001,1.825000e+000,,,,,,,,,,,,,,,,,,0,5.000000e+000,5.000000e-001,2,1,2.044678e-003,0,1,0,
1473225047.328,,2.000000e+004,6.499863e+001,6.493282e-004,0.000000e+000,1.093584e-002,0.000000e+000,3,9.218720e-001,1.825000e+000,,,,,,,,,,,,,,,,,,0,5.000000e+000,5.000000e-001,2,1,4.112244e-003,0,1,0,
1473225060.543,,2.000000e+004,6.499965e+001,6.494081e-004,0.000000e+000,1.086042e-002,0.000000e+000,3,9.229898e-001,1.825000e+000,,,,,,,,,,,,,,,,,,0,5.000000e+000,5.000000e-001,2,1,2.059937e-003,0,1,0,
1473225073.507,,2.000000e+004,6.499965e+001,6.485020e-004,0.000000e+000,8.432503e-003,0.000000e+000,3,9.204941e-001,1.825000e+000,,,,,,,,,,,,,,,,,,0,5.000000e+000,5.000000e-001,2,1,2.059937e-003,0,1,0,
1473225085.721,,2.000000e+004,6.499760e+001,6.485848e-004,0.000000e+000,9.654732e-003,0.000000e+000,3,9.220199e-001,1.825000e+000,,,,,,,,,,,,,,,,,,0,5.000000e+000,5.000000e-001,2,1,6.149292e-003,0,1,0,
1473225246.950,,3.000000e+004,6.500273e+001,7.013550e-004,0.000000e+000,1.549908e-002,0.000000e+000,3,9.280095e-001,1.825000e+000,,,,,,,,,,,,,,,,,,0,5.000000e+000,5.000000e-001,2,1,8.224487e-003,0,1,0,
1473225260.665,,3.000000e+004,6.499657e+001,7.018295e-004,0.000000e+000,1.315159e-002,0.000000e+000,3,9.275883e-001,1.825000e+000,,,,,,,,,,,,,,,,,,0,5.000000e+000,5.000000e-001,2,1,4.089355e-003,0,1,0,
1473225273.673,,3.000000e+004,6.499759e+001,7.016778e-004,0.000000e+000,1.181694e-002,0.000000e+000,3,9.267836e-001,1.825000e+000,,,,,,,,,,,,,,,,,,0,5.000000e+000,5.000000e-001,2,1,2.052307e-003,0,1,0,
1473225286.637,,3.000000e+004,6.499965e+001,7.055585e-004,0.000000e+000,1.245316e-002,0.000000e+000,3,9.276356e-001,1.825000e+000,,,,,,,,,,,,,,,,,,0,5.000000e+000,5.000000e-001,2,1,2.059937e-003,0,1,0,
1473225452.424,,4.000000e+004,6.499657e+001,7.340540e-004,0.000000e+000,1.499500e-002,0.000000e+000,3,9.341271e-001,1.825000e+000,,,,,,,,,,,,,,,,,,0,5.000000e+000,5.000000e-001,2,1,4.089355e-003,0,1,0,
1473225465.639,,4.000000e+004,6.499863e+001,7.422364e-004,0.000000e+000,1.397282e-002,0.000000e+000,3,9.278837e-001,1.825000e+000,,,,,,,,,,,,,,,,,,0,5.000000e+000,5.000000e-001,2,1,4.112244e-003,0,1,0,
1473225478.352,,4.000000e+004,6.499965e+001,7.415642e-004,0.000000e+000,1.092268e-002,0.000000e+000,3,9.289962e-001,1.825000e+000,,,,,,,,,,,,,,,,,,0,5.000000e+000,5.000000e-001,2,1,2.059937e-003,0,1,0,
1473225491.817,,4.000000e+004,6.500170e+001,7.403878e-004,0.000000e+000,1.435612e-002,0.000000e+000,3,9.301907e-001,1.825000e+000,,,,,,,,,,,,,,,,,,0,5.000000e+000,5.000000e-001,2,1,2.044678e-003,0,1,0,
1473225658.816,,5.000000e+004,6.500067e+001,7.657692e-004,0.000000e+000,1.377950e-002,0.000000e+000,3,9.317316e-001,1.825000e+000,,,,,,,,,,,,,,,,,,0,5.000000e+000,5.000000e-001,2,1,4.104614e-003,0,1,0,
1473225672.531,,5.000000e+004,6.499862e+001,7.694077e-004,0.000000e+000,1.752170e-002,0.000000e+000,3,9.332635e-001,1.825000e+000,,,,,,,,,,,,,,,,,,0,5.000000e+000,5.000000e-001,2,1,0.000000e+000,0,1,0,
1473225686.272,,5.000000e+004,6.500272e+001,7.627244e-004,0.000000e+000,1.464425e-002,0.000000e+000,3,9.267641e-001,1.825000e+000,,,,,,,,,,,,,,,,,,0,5.000000e+000,5.000000e-001,2,1,4.089355e-003,0,1,0,
1473225700.737,,5.000000e+004,6.500272e+001,7.669255e-004,0.000000e+000,1.637180e-002,0.000000e+000,3,9.314325e-001,1.825000e+000,,,,,,,,,,,,,,,,,,0,5.000000e+000,5.000000e-001,2,1,0.000000e+000,0,1,0,
1473225879.467,,6.000000e+004,6.499452e+001,7.921464e-004,0.000000e+000,1.902020e-002,0.000000e+000,3,9.308584e-001,1.825000e+000,,,,,,,,,,,,,,,,,,0,5.000000e+000,5.000000e-001,2,1,8.186340e-003,0,1,0,
1473225891.682,,6.000000e+004,6.500067e+001,7.928315e-004,0.000000e+000,1.638491e-002,0.000000e+000,3,9.274292e-001,1.825000e+000,,,,,,,,,,,,,,,,,,0,5.000000e+000,5.000000e-001,2,1,4.104614e-003,0,1,0,
1473225905.646,,6.000000e+004,6.500170e+001,7.883259e-004,0.000000e+000,1.809516e-002,0.000000e+000,3,9.289981e-001,1.825000e+000,,,,,,,,,,,,,,,,,,0,5.000000e+000,5.000000e-001,2,1,2.044678e-003,0,1,0,
1473225917.860,,6.000000e+004,6.500272e+001,7.903126e-004,0.000000e+000,1.415482e-002,0.000000e+000,3,9.323087e-001,1.825000e+000,,,,,,,,,,,,,,,,,,0,5.000000e+000,5.000000e-001,2,1,0.000000e+000,0,1,0,
1473226091.844,,7.000000e+004,6.499863e+001,8.119010e-004,0.000000e+000,1.631900e-002,0.000000e+000,3,9.292611e-001,1.825000e+000,,,,,,,,,,,,,,,,,,0,5.000000e+000,5.000000e-001,2,1,4.112244e-003,0,1,0,
1473226104.308,,7.000000e+004,6.499965e+001,8.114666e-004,0.000000e+000,1.715213e-002,0.000000e+000,3,9.322295e-001,1.825000e+000,,,,,,,,,,,,,,,,,,0,5.000000e+000,5.000000e-001,2,1,6.156921e-003,0,1,0,
1473226120.330,,7.000000e+004,6.499965e+001,8.038135e-004,0.000000e+000,1.648751e-002,0.000000e+000,3,9.381962e-001,1.825000e+000,,,,,,,,,,,,,,,,,,0,5.000000e+000,5.000000e-001,2,1,6.156921e-003,0,1,0,
1473226134.342,,7.000000e+004,6.499554e+001,8.154144e-004,0.000000e+000,1.483572e-002,0.000000e+000,3,9.333650e-001,1.825000e+000,,,,,,,,,,,,,,,,,,0,5.000000e+000,5.000000e-001,2,1,2.037048e-003,0,1,0,
