[Header]
TITLE,MPMS RSO Measurement
BYAPP,MPMS Measurement,1.1,Summary
FILEOPENTIME, 1473271151.107000 9/8/2016, 5:59:11 AM

INFO, APPNAME, MPMS MultiVu Application, Revision 1.61,  Build 082

INFO, NAME, A344
INFO, WEIGHT, 10.500
INFO, AREA, 1.000
INFO, LENGTH, 1.000
INFO, SHAPE, 0
INFO, COMMENT, m = 0.0105g
INFO, SEQUENCE FILE: 7T_hysteresis_sweep_hi_res_zero_n4.seq


INFO, BACKGROUND DATA FILE:, None


STARTUPAXIS,X,4,LINEAR,AUTO,0.000000,0.000000
STARTUPAXIS,Y1,5,LINEAR,AUTO,0.000000,0.000000


STARTUPGROUP,Longitudinal
FIELDGROUP,Longitudinal,1,2,3,4,5,6,7,8,9,10,11,19,20,21,22,23,35
FIELDGROUP,Transverse,1,2,3,4,12,13,14,15,16,17,18,24,25,26,27,28,35

PLOT_APPEARANCE,ALL,HORZ_GRID_ON,VERT_GRID_ON,MARKERS_AND_LINES

[Data]
Time,Comment,Field (Oe),Temperature (K),Long Moment (emu),Long Scan Std Dev,Long Offset (cm),Long Offset Std Dev,Long Algorithm,Long Reg Fit,Long Reg Factor,Trans Moment (emu),Trans Scan Std Dev,Trans Offset (cm),Trans Offset Std Dev,Trans Algorithm,Trans Reg Fit,Trans Reg Factor,Long Moment [w/o ABS] (emu),Long Scan Std Dev [w/o ABS],Long Offset [w/o ABS] (cm),Long Offset Std Dev [w/o ABS],Long Reg Fit [w/o ABS],Trans Moment [w/o ABS] (emu),Trans Scan Std Dev [w/o ABS],Trans Offset [w/o ABS] (cm),Trans Offset Std Dev [w/o ABS],Trans Reg Fit [w/o ABS],RSO Position (deg),Amplitude (cm),Frequency,Cycles to Average,Scans per Measurement,Delta Temp (K),Error,EC Comp. Running,Using ABS,
1473271151.106,,7.000000e+004,9.826284e+000,1.300613e-003,0.000000e+000,7.022396e-003,0.000000e+000,3,9.530002e-001,1.825000e+000,,,,,,,,,,,,,,,,,,0,5.000000e+000,5.000000e-001,2,1,2.953529e-003,0,1,0,
1473271163.563,,7.000000e+004,9.829510e+000,1.297108e-003,0.000000e+000,6.408274e-003,0.000000e+000,3,9.535437e-001,1.825000e+000,,,,,,,,,,,,,,,,,,0,5.000000e+000,5.000000e-001,2,1,1.344681e-003,0,1,0,
1473271175.759,,7.000000e+004,9.830988e+000,1.297398e-003,0.000000e+000,7.262457e-003,0.000000e+000,3,9.535004e-001,1.825000e+000,,,,,,,,,,,,,,,,,,0,5.000000e+000,5.000000e-001,2,1,1.612663e-003,0,1,0,
1473271188.704,,7.000000e+004,9.830450e+000,1.297315e-003,0.000000e+000,6.958196e-003,0.000000e+000,3,9.535128e-001,1.825000e+000,,,,,,,,,,,,,,,,,,0,5.000000e+000,5.000000e-001,2,1,2.151489e-003,0,1,0,
1473271360.978,,6.000000e+004,9.827226e+000,1.303248e-003,0.000000e+000,5.185099e-003,0.000000e+000,3,9.554898e-001,1.825000e+000,,,,,,,,,,,,,,,,,,0,5.000000e+000,5.000000e-001,2,1,5.373001e-003,0,1,0,
1473271374.435,,6.000000e+004,9.831795e+000,1.302139e-003,0.000000e+000,5.423033e-003,0.000000e+000,3,9.543268e-001,1.825000e+000,,,,,,,,,,,,,,,,,,0,5.000000e+000,5.000000e-001,2,1,2.690315e-003,0,1,0,
1473271386.643,,6.000000e+004,9.833005e+000,1.299210e-003,0.000000e+000,6.036378e-003,0.000000e+000,3,9.532618e-001,1.825000e+000,,,,,,,,,,,,,,,,,,0,5.000000e+000,5.000000e-001,2,1,2.708435e-004,0,1,0,
1473271399.351,,6.000000e+004,9.833946e+000,1.303824e-003,0.000000e+000,5.302851e-003,0.000000e+000,3,9.505598e-001,1.825000e+000,,,,,,,,,,,,,,,,,,0,5.000000e+000,5.000000e-001,2,1,0.000000e+000,0,1,0,
1473271568.500,,5.000000e+004,9.826957e+000,1.303627e-003,0.000000e+000,5.339412e-003,0.000000e+000,3,9.540241e-001,1.825000e+000,,,,,,,,,,,,,,,,,,0,5.000000e+000,5.000000e-001,2,1,4.835129e-003,0,1,0,
1473271580.458,,5.000000e+004,9.831257e+000,1.302449e-003,0.000000e+000,5.645351e-003,0.000000e+000,3,9.543202e-001,1.825000e+000,,,,,,,,,,,,,,,,,,0,5.000000e+000,5.000000e-001,2,1,2.689362e-003,0,1,0,
1473271592.416,,5.000000e+004,9.832870e+000,1.301247e-003,0.000000e+000,5.669472e-003,0.000000e+000,3,9.546929e-001,1.825000e+000,,,,,,,,,,,,,,,,,,0,5.000000e+000,5.000000e-001,2,1,2.151489e-003,0,1,0,
1473271605.624,,5.000000e+004,9.833946e+000,1.304261e-003,0.000000e+000,3.735861e-003,0.000000e+000,3,9.560098e-001,1.825000e+000,,,,,,,,,,,,,,,,,,0,5.000000e+000,5.000000e-001,2,1,0.000000e+000,0,1,0,
1473271775.863,,4.000000e+004,9.826016e+000,1.309944e-003,0.000000e+000,5.850181e-003,0.000000e+000,3,9.550846e-001,1.825000e+000,,,,,,,,,,,,,,,,,,0,5.000000e+000,5.000000e-001,2,1,2.416611e-003,0,1,0,
1473271789.613,,4.000000e+004,9.830585e+000,1.308936e-003,0.000000e+000,2.148349e-003,0.000000e+000,3,9.547680e-001,1.825000e+000,,,,,,,,,,,,,,,,,,0,5.000000e+000,5.000000e-001,2,1,2.689362e-004,0,1,0,
1473271802.324,,4.000000e+004,9.832467e+000,1.301456e-003,0.000000e+000,6.257316e-003,0.000000e+000,3,9.569899e-001,1.825000e+000,,,,,,,,,,,,,,,,,,0,5.000000e+000,5.000000e-001,2,1,1.882553e-003,0,1,0,
1473271816.465,,4.000000e+004,9.833139e+000,1.303619e-003,0.000000e+000,3.109814e-003,0.000000e+000,3,9.543607e-001,1.825000e+000,,,,,,,,,,,,,,,,,,0,5.000000e+000,5.000000e-001,2,1,5.388260e-004,0,1,0,
1473271981.527,,3.000000e+004,9.826689e+000,1.301209e-003,0.000000e+000,2.528992e-003,0.000000e+000,3,9.556019e-001,1.825000e+000,,,,,,,,,,,,,,,,,,0,5.000000e+000,5.000000e-001,2,1,4.835129e-003,0,1,0,
1473271994.240,,3.000000e+004,9.831257e+000,1.298733e-003,0.000000e+000,3.709148e-003,0.000000e+000,3,9.550097e-001,1.825000e+000,,,,,,,,,,,,,,,,,,0,5.000000e+000,5.000000e-001,2,1,2.150536e-003,0,1,0,
1473272006.953,,3.000000e+004,9.832735e+000,1.296304e-003,0.000000e+000,2.952761e-003,0.000000e+000,3,9.545922e-001,1.825000e+000,,,,,,,,,,,,,,,,,,0,5.000000e+000,5.000000e-001,2,1,2.679825e-004,0,1,0,
1473272018.416,,3.000000e+004,9.832735e+000,1.298285e-003,0.000000e+000,4.888814e-003,0.000000e+000,3,9.555477e-001,1.825000e+000,,,,,,,,,,,,,,,,,,0,5.000000e+000,5.000000e-001,2,1,2.679825e-004,0,1,0,
1473272179.883,,2.000000e+004,9.826823e+000,1.292188e-003,0.000000e+000,2.613996e-003,0.000000e+000,3,9.561523e-001,1.825000e+000,,,,,,,,,,,,,,,,,,0,5.000000e+000,5.000000e-001,2,1,2.954483e-003,0,1,0,
1473272193.653,,2.000000e+004,9.829779e+000,1.294301e-003,0.000000e+000,3.102812e-003,0.000000e+000,3,9.550985e-001,1.825000e+000,,,,,,,,,,,,,,,,,,0,5.000000e+000,5.000000e-001,2,1,8.077621e-004,0,1,0,
1473272206.868,,2.000000e+004,9.832064e+000,1.291440e-003,0.000000e+000,2.805853e-003,0.000000e+000,3,9.546043e-001,1.825000e+000,,,,,,,,,,,,,,,,,,0,5.000000e+000,5.000000e-001,2,1,1.075745e-003,0,1,0,
1473272219.378,,2.000000e+004,9.832870e+000,1.291571e-003,0.000000e+000,1.466434e-003,0.000000e+000,3,9.533123e-001,1.825000e+000,,,,,,,,,,,,,,,,,,0,5.000000e+000,5.000000e-001,2,1,1.075745e-003,0,1,0,
1473272380.109,,1.000000e+004,9.827494e+000,1.274247e-003,0.000000e+000,2.315872e-003,0.000000e+000,3,9.555532e-001,1.825000e+000,,,,,,,,,,,,,,,,,,0,5.000000e+000,5.000000e-001,2,1,4.836082e-003,0,1,0,
1473272392.572,,1.000000e+004,9.830988e+000,1.273852e-003,0.000000e+000,2.470479e-003,0.000000e+000,3,9.552916e-001,1.825000e+000,,,,,,,,,,,,,,,,,,0,5.000000e+000,5.000000e-001,2,1,1.075745e-003,0,1,0,
1473272405.346,,1.000000e+004,9.833544e+000,1.274771e-003,0.000000e+000,1.946594e-003,0.000000e+000,3,9.555347e-001,1.825000e+000,,,,,,,,,,,,,,,,,,0,5.000000e+000,5.000000e-001,2,1,8.058548e-004,0,1,0,
1473272418.835,,1.000000e+004,9.833677e+000,1.274976e-003,0.000000e+000,2.020351e-003,0.000000e+000,3,9.555920e-001,1.825000e+000,,,,,,,,,,,,,,,,,,0,5.000000e+000,5.000000e-001,2,1,0.000000e+000,0,1,0,
1473272541.302,,9.000000e+003,9.826016e+000,1.272232e-003,0.000000e+000,1.482519e-003,0.000000e+000,3,9.551334e-001,1.825000e+000,,,,,,,,,,,,,,,,,,0,5.000000e+000,5.000000e-001,2,1,3.490448e-003,0,1,0,
1473272555.704,,9.000000e+003,9.830316e+000,1.271622e-003,0.000000e+000,1.758439e-003,0.000000e+000,3,9.555182e-001,1.825000e+000,,,,,,,,,,,,,,,,,,0,5.000000e+000,5.000000e-001,2,1,1.344681e-003,0,1,0,
1473272568.025,,9.000000e+003,9.832870e+000,1.271239e-003,0.000000e+000,1.483680e-003,0.000000e+000,3,9.555504e-001,1.825000e+000,,,,,,,,,,,,,,,,,,0,5.000000e+000,5.000000e-001,2,1,1.614571e-003,0,1,0,
1473272582.990,,9.000000e+003,9.833408e+000,1.271990e-003,0.000000e+000,2.093874e-003,0.000000e+000,3,9.559004e-001,1.825000e+000,,,,,,,,,,,,,,,,,,0,5.000000e+000,5.000000e-001,2,1,0.000000e+000,0,1,0,
1473272708.215,,7.000000e+003,9.826824e+000,1.265099e-003,0.000000e+000,2.205447e-003,0.000000e+000,3,9.555624e-001,1.825000e+000,,,,,,,,,,,,,,,,,,0,5.000000e+000,5.000000e-001,2,1,6.176949e-003,0,1,0,
1473272721.737,,7.000000e+003,9.831795e+000,1.265025e-003,0.000000e+000,2.043542e-003,0.000000e+000,3,9.554064e-001,1.825000e+000,,,,,,,,,,,,,,,,,,0,5.000000e+000,5.000000e-001,2,1,2.690315e-003,0,1,0,
1473272734.202,,7.000000e+003,9.832870e+000,1.264804e-003,0.000000e+000,1.857723e-003,0.000000e+000,3,9.556473e-001,1.825000e+000,,,,,,,,,,,,,,,,,,0,5.000000e+000,5.000000e-001,2,1,5.388260e-004,0,1,0,
1473272746.916,,7.000000e+003,9.832870e+000,1.265640e-003,0.000000e+000,1.820602e-003,0.000000e+000,3,9.556137e-001,1.825000e+000,,,,,,,,,,,,,,,,,,0,5.000000e+000,5.000000e-001,2,1,1.614571e-003,0,1,0,
1473272871.395,,5.000000e+003,9.826555e+000,1.255755e-003,0.000000e+000,2.383114e-003,0.000000e+000,3,9.557072e-001,1.825000e+000,,,,,,,,,,,,,,,,,,0,5.000000e+000,5.000000e-001,2,1,5.103111e-003,0,1,0,
1473272884.860,,5.000000e+003,9.830450e+000,1.256016e-003,0.000000e+000,2.051010e-003,0.000000e+000,3,9.561076e-001,1.825000e+000,,,,,,,,,,,,,,,,,,0,5.000000e+000,5.000000e-001,2,1,5.369186e-004,0,1,0,
1473272898.824,,5.000000e+003,9.832870e+000,1.256109e-003,0.000000e+000,2.129895e-003,0.000000e+000,3,9.556503e-001,1.825000e+000,,,,,,,,,,,,,,,,,,0,5.000000e+000,5.000000e-001,2,1,1.075745e-003,0,1,0,
1473272911.288,,5.000000e+003,9.833274e+000,1.255931e-003,0.000000e+000,2.030000e-003,0.000000e+000,3,9.559475e-001,1.825000e+000,,,,,,,,,,,,,,,,,,0,5.000000e+000,5.000000e-001,2,1,1.344681e-003,0,1,0,
1473273028.013,,3.000000e+003,9.823734e+000,1.242056e-003,0.000000e+000,2.481186e-003,0.000000e+000,3,9.567318e-001,1.825000e+000,,,,,,,,,,,,,,,,,,0,5.000000e+000,5.000000e-001,2,1,2.682686e-003,0,1,0,
1473273039.746,,3.000000e+003,9.831121e+000,1.242165e-003,0.000000e+000,2.041835e-003,0.000000e+000,3,9.572188e-001,1.825000e+000,,,,,,,,,,,,,,,,,,0,5.000000e+000,5.000000e-001,2,1,3.495216e-003,0,1,0,
1473273051.464,,3.000000e+003,9.833677e+000,1.241377e-003,0.000000e+000,2.044504e-003,0.000000e+000,3,9.569302e-001,1.825000e+000,,,,,,,,,,,,,,,,,,0,5.000000e+000,5.000000e-001,2,1,0.000000e+000,0,1,0,
1473273064.929,,3.000000e+003,9.834215e+000,1.241791e-003,0.000000e+000,2.235818e-003,0.000000e+000,3,9.571551e-001,1.825000e+000,,,,,,,,,,,,,,,,,,0,5.000000e+000,5.000000e-001,2,1,5.378723e-004,0,1,0,
1473273187.946,,1.000000e+003,9.826286e+000,1.207285e-003,0.000000e+000,3.764739e-003,0.000000e+000,3,9.630722e-001,1.825000e+000,,,,,,,,,,,,,,,,,,0,5.000000e+000,5.000000e-001,2,1,5.640030e-003,0,1,0,
1473273201.910,,1.000000e+003,9.831660e+000,1.206021e-003,0.000000e+000,3.660219e-003,0.000000e+000,3,9.629760e-001,1.825000e+000,,,,,,,,,,,,,,,,,,0,5.000000e+000,5.000000e-001,2,1,1.344681e-003,0,1,0,
1473273214.125,,1.000000e+003,9.833005e+000,1.206106e-003,0.000000e+000,3.942461e-003,0.000000e+000,3,9.632094e-001,1.825000e+000,,,,,,,,,,,,,,,,,,0,5.000000e+000,5.000000e-001,2,1,2.708435e-004,0,1,0,
1473273226.844,,1.000000e+003,9.834620e+000,1.206306e-003,0.000000e+000,3.499990e-003,0.000000e+000,3,9.639433e-001,1.825000e+000,,,,,,,,,,,,,,,,,,0,5.000000e+000,5.000000e-001,2,1,2.698898e-004,0,1,0,
1473273353.324,,7.000000e+002,9.825480e+000,1.195078e-003,0.000000e+000,3.582729e-003,0.000000e+000,3,9.668093e-001,1.825000e+000,,,,,,,,,,,,,,,,,,0,5.000000e+000,5.000000e-001,2,1,4.026413e-003,0,1,0,
1473273365.048,,7.000000e+002,9.830853e+000,1.194986e-003,0.000000e+000,3.945855e-003,0.000000e+000,3,9.668037e-001,1.825000e+000,,,,,,,,,,,,,,,,,,0,5.000000e+000,5.000000e-001,2,1,2.958298e-003,0,1,0,
1473273377.762,,7.000000e+002,9.833677e+000,1.194647e-003,0.000000e+000,3.860828e-003,0.000000e+000,3,9.665953e-001,1.825000e+000,,,,,,,,,,,,,,,,,,0,5.000000e+000,5.000000e-001,2,1,1.074791e-003,0,1,0,
1473273390.905,,7.000000e+002,9.834081e+000,1.194568e-003,0.000000e+000,4.017509e-003,0.000000e+000,3,9.665608e-001,1.825000e+000,,,,,,,,,,,,,,,,,,0,5.000000e+000,5.000000e-001,2,1,8.068085e-004,0,1,0,
1473273506.988,,6.000000e+002,9.825748e+000,1.188397e-003,0.000000e+000,3.960890e-003,0.000000e+000,3,9.681404e-001,1.825000e+000,,,,,,,,,,,,,,,,,,0,5.000000e+000,5.000000e-001,2,1,4.026413e-003,0,1,0,
1473273520.509,,6.000000e+002,9.830450e+000,1.188433e-003,0.000000e+000,4.290198e-003,0.000000e+000,3,9.680799e-001,1.825000e+000,,,,,,,,,,,,,,,,,,0,5.000000e+000,5.000000e-001,2,1,5.369186e-004,0,1,0,
1473273534.474,,6.000000e+002,9.833408e+000,1.188259e-003,0.000000e+000,4.018930e-003,0.000000e+000,3,9.682201e-001,1.825000e+000,,,,,,,,,,,,,,,,,,0,5.000000e+000,5.000000e-001,2,1,0.000000e+000,0,1,0,
1473273547.938,,6.000000e+002,9.833274e+000,1.188632e-003,0.000000e+000,4.074983e-003,0.000000e+000,3,9.681766e-001,1.825000e+000,,,,,,,,,,,,,,,,,,0,5.000000e+000,5.000000e-001,2,1,1.344681e-003,0,1,0,
1473273671.667,,5.000000e+002,9.825748e+000,1.181106e-003,0.000000e+000,4.286256e-003,0.000000e+000,3,9.702170e-001,1.825000e+000,,,,,,,,,,,,,,,,,,0,5.000000e+000,5.000000e-001,2,1,4.026413e-003,0,1,0,
1473273684.382,,5.000000e+002,9.831526e+000,1.181093e-003,0.000000e+000,4.683623e-003,0.000000e+000,3,9.695920e-001,1.825000e+000,,,,,,,,,,,,,,,,,,0,5.000000e+000,5.000000e-001,2,1,2.151489e-003,0,1,0,
1473273698.096,,5.000000e+002,9.833408e+000,1.180897e-003,0.000000e+000,4.361216e-003,0.000000e+000,3,9.701125e-001,1.825000e+000,,,,,,,,,,,,,,,,,,0,5.000000e+000,5.000000e-001,2,1,5.369186e-004,0,1,0,
1473273710.810,,5.000000e+002,9.834081e+000,1.181293e-003,0.000000e+000,4.476943e-003,0.000000e+000,3,9.700041e-001,1.825000e+000,,,,,,,,,,,,,,,,,,0,5.000000e+000,5.000000e-001,2,1,2.689362e-004,0,1,0,
1473273833.808,,4.000000e+002,9.826286e+000,1.172452e-003,0.000000e+000,4.308358e-003,0.000000e+000,3,9.724675e-001,1.825000e+000,,,,,,,,,,,,,,,,,,0,5.000000e+000,5.000000e-001,2,1,5.640030e-003,0,1,0,
1473273845.963,,4.000000e+002,9.830854e+000,1.171864e-003,0.000000e+000,4.629229e-003,0.000000e+000,3,9.721563e-001,1.825000e+000,,,,,,,,,,,,,,,,,,0,5.000000e+000,5.000000e-001,2,1,3.495216e-003,0,1,0,
1473273860.285,,4.000000e+002,9.832870e+000,1.172089e-003,0.000000e+000,4.720967e-003,0.000000e+000,3,9.717883e-001,1.825000e+000,,,,,,,,,,,,,,,,,,0,5.000000e+000,5.000000e-001,2,1,2.689362e-003,0,1,0,
1473273874.000,,4.000000e+002,9.834484e+000,1.172194e-003,0.000000e+000,4.660758e-003,0.000000e+000,3,9.721248e-001,1.825000e+000,,,,,,,,,,,,,,,,,,0,5.000000e+000,5.000000e-001,2,1,0.000000e+000,0,1,0,
1473273996.979,,3.000000e+002,9.825614e+000,1.159437e-003,0.000000e+000,5.112441e-003,0.000000e+000,3,9.747356e-001,1.825000e+000,,,,,,,,,,,,,,,,,,0,5.000000e+000,5.000000e-001,2,1,3.757477e-003,0,1,0,
1473274008.947,,3.000000e+002,9.829510e+000,1.158247e-003,0.000000e+000,4.678817e-003,0.000000e+000,3,9.752056e-001,1.825000e+000,,,,,,,,,,,,,,,,,,0,5.000000e+000,5.000000e-001,2,1,1.344681e-003,0,1,0,
1473274023.958,,3.000000e+002,9.832602e+000,1.157961e-003,0.000000e+000,4.842747e-003,0.000000e+000,3,9.744670e-001,1.825000e+000,,,,,,,,,,,,,,,,,,0,5.000000e+000,5.000000e-001,2,1,5.369186e-004,0,1,0,
1473274035.922,,3.000000e+002,9.834215e+000,1.158810e-003,0.000000e+000,4.672275e-003,0.000000e+000,3,9.745760e-001,1.825000e+000,,,,,,,,,,,,,,,,,,0,5.000000e+000,5.000000e-001,2,1,5.378723e-004,0,1,0,
1473274156.397,,2.000000e+002,9.826286e+000,1.139216e-003,0.000000e+000,5.261282e-003,0.000000e+000,3,9.768762e-001,1.825000e+000,,,,,,,,,,,,,,,,,,0,5.000000e+000,5.000000e-001,2,1,5.640030e-003,0,1,0,
1473274170.142,,2.000000e+002,9.830585e+000,1.138955e-003,0.000000e+000,4.940439e-003,0.000000e+000,3,9.776983e-001,1.825000e+000,,,,,,,,,,,,,,,,,,0,5.000000e+000,5.000000e-001,2,1,8.058548e-004,0,1,0,
1473274182.857,,2.000000e+002,9.833544e+000,1.138497e-003,0.000000e+000,5.161067e-003,0.000000e+000,3,9.774448e-001,1.825000e+000,,,,,,,,,,,,,,,,,,0,5.000000e+000,5.000000e-001,2,1,8.058548e-004,0,1,0,
1473274195.321,,2.000000e+002,9.834350e+000,1.138568e-003,0.000000e+000,5.464350e-003,0.000000e+000,3,9.769927e-001,1.825000e+000,,,,,,,,,,,,,,,,,,0,5.000000e+000,5.000000e-001,2,1,2.689362e-004,0,1,0,
1473274312.049,,1.800000e+002,9.824943e+000,1.132636e-003,0.000000e+000,5.224767e-003,0.000000e+000,3,9.780293e-001,1.825000e+000,,,,,,,,,,,,,,,,,,0,5.000000e+000,5.000000e-001,2,1,3.488541e-003,0,1,0,
1473274324.563,,1.800000e+002,9.830988e+000,1.133349e-003,0.000000e+000,5.436620e-003,0.000000e+000,3,9.783014e-001,1.825000e+000,,,,,,,,,,,,,,,,,,0,5.000000e+000,5.000000e-001,2,1,2.150536e-003,0,1,0,
1473274338.527,,1.800000e+002,9.832870e+000,1.133782e-003,0.000000e+000,5.429085e-003,0.000000e+000,3,9.779615e-001,1.825000e+000,,,,,,,,,,,,,,,,,,0,5.000000e+000,5.000000e-001,2,1,1.075745e-003,0,1,0,
1473274350.991,,1.800000e+002,9.833408e+000,1.133926e-003,0.000000e+000,5.235997e-003,0.000000e+000,3,9.777147e-001,1.825000e+000,,,,,,,,,,,,,,,,,,0,5.000000e+000,5.000000e-001,2,1,1.076698e-003,0,1,0,
1473274459.465,,1.600000e+002,9.825884e+000,1.127111e-003,0.000000e+000,5.481446e-003,0.000000e+000,3,9.785052e-001,1.825000e+000,,,,,,,,,,,,,,,,,,0,5.000000e+000,5.000000e-001,2,1,5.908012e-003,0,1,0,
1473274473.680,,1.600000e+002,9.830181e+000,1.126607e-003,0.000000e+000,5.406686e-003,0.000000e+000,3,9.782300e-001,1.825000e+000,,,,,,,,,,,,,,,,,,0,5.000000e+000,5.000000e-001,2,1,2.150536e-003,0,1,0,
1473274487.644,,1.600000e+002,9.833139e+000,1.126925e-003,0.000000e+000,5.422022e-003,0.000000e+000,3,9.787194e-001,1.825000e+000,,,,,,,,,,,,,,,,,,0,5.000000e+000,5.000000e-001,2,1,1.075745e-003,0,1,0,
1473274501.358,,1.600000e+002,9.833139e+000,1.127070e-003,0.000000e+000,5.451012e-003,0.000000e+000,3,9.782484e-001,1.825000e+000,,,,,,,,,,,,,,,,,,0,5.000000e+000,5.000000e-001,2,1,1.613617e-003,0,1,0,
1473274610.586,,1.400000e+002,9.825749e+000,1.120362e-003,0.000000e+000,5.335141e-003,0.000000e+000,3,9.790354e-001,1.825000e+000,,,,,,,,,,,,,,,,,,0,5.000000e+000,5.000000e-001,2,1,5.640030e-003,0,1,0,
1473274624.301,,1.400000e+002,9.830719e+000,1.120693e-003,0.000000e+000,5.581635e-003,0.000000e+000,3,9.788762e-001,1.825000e+000,,,,,,,,,,,,,,,,,,0,5.000000e+000,5.000000e-001,2,1,2.688408e-003,0,1,0,
1473274635.765,,1.400000e+002,9.832870e+000,1.120998e-003,0.000000e+000,5.698301e-003,0.000000e+000,3,9.790230e-001,1.825000e+000,,,,,,,,,,,,,,,,,,0,5.000000e+000,5.000000e-001,2,1,1.614571e-003,0,1,0,
1473274648.229,,1.400000e+002,9.833542e+000,1.120227e-003,0.000000e+000,5.476397e-003,0.000000e+000,3,9.790670e-001,1.825000e+000,,,,,,,,,,,,,,,,,,0,5.000000e+000,5.000000e-001,2,1,1.345634e-003,0,1,0,
1473274756.976,,1.200000e+002,9.825347e+000,1.113167e-003,0.000000e+000,5.669157e-003,0.000000e+000,3,9.797236e-001,1.825000e+000,,,,,,,,,,,,,,,,,,0,5.000000e+000,5.000000e-001,2,1,5.907059e-003,0,1,0,
1473274769.940,,1.200000e+002,9.829912e+000,1.113145e-003,0.000000e+000,5.199966e-003,0.000000e+000,3,9.797886e-001,1.825000e+000,,,,,,,,,,,,,,,,,,0,5.000000e+000,5.000000e-001,2,1,1.612663e-003,0,1,0,
1473274782.405,,1.200000e+002,9.832333e+000,1.112057e-003,0.000000e+000,5.569602e-003,0.000000e+000,3,9.798878e-001,1.825000e+000,,,,,,,,,,,,,,,,,,0,5.000000e+000,5.000000e-001,2,1,1.074791e-003,0,1,0,
1473274795.801,,1.200000e+002,9.833946e+000,1.112767e-003,0.000000e+000,5.513491e-003,0.000000e+000,3,9.798238e-001,1.825000e+000,,,,,,,,,,,,,,,,,,0,5.000000e+000,5.000000e-001,2,1,5.378723e-004,0,1,0,
1473274912.415,,1.000000e+002,9.825884e+000,1.104023e-003,0.000000e+000,5.466975e-003,0.000000e+000,3,9.804831e-001,1.825000e+000,,,,,,,,,,,,,,,,,,0,5.000000e+000,5.000000e-001,2,1,4.834175e-003,0,1,0,
1473274924.903,,1.000000e+002,9.830988e+000,1.104446e-003,0.000000e+000,5.569109e-003,0.000000e+000,3,9.807118e-001,1.825000e+000,,,,,,,,,,,,,,,,,,0,5.000000e+000,5.000000e-001,2,1,2.689362e-003,0,1,0,
1473274938.117,,1.000000e+002,9.832870e+000,1.104969e-003,0.000000e+000,5.942503e-003,0.000000e+000,3,9.800009e-001,1.825000e+000,,,,,,,,,,,,,,,,,,0,5.000000e+000,5.000000e-001,2,1,5.388260e-004,0,1,0,
1473274951.366,,1.000000e+002,9.834081e+000,1.104041e-003,0.000000e+000,5.472562e-003,0.000000e+000,3,9.807165e-001,1.825000e+000,,,,,,,,,,,,,,,,,,0,5.000000e+000,5.000000e-001,2,1,2.689362e-004,0,1,0,
1473275062.090,,8.000000e+001,9.825884e+000,1.094572e-003,0.000000e+000,5.583138e-003,0.000000e+000,3,9.814501e-001,1.825000e+000,,,,,,,,,,,,,,,,,,0,5.000000e+000,5.000000e-001,2,1,5.371094e-003,0,1,0,
1473275076.055,,8.000000e+001,9.830450e+000,1.094041e-003,0.000000e+000,5.606627e-003,0.000000e+000,3,9.814007e-001,1.825000e+000,,,,,,,,,,,,,,,,,,0,5.000000e+000,5.000000e-001,2,1,1.075745e-003,0,1,0,
1473275086.708,,8.000000e+001,9.833139e+000,1.094198e-003,0.000000e+000,5.634117e-003,0.000000e+000,3,9.810217e-001,1.825000e+000,,,,,,,,,,,,,,,,,,0,5.000000e+000,5.000000e-001,2,1,1.075745e-003,0,1,0,
1473275100.031,,8.000000e+001,9.834350e+000,1.094149e-003,0.000000e+000,5.607879e-003,0.000000e+000,3,9.813029e-001,1.825000e+000,,,,,,,,,,,,,,,,,,0,5.000000e+000,5.000000e-001,2,1,2.689362e-004,0,1,0,
1473275213.943,,6.000000e+001,9.825615e+000,1.082829e-003,0.000000e+000,6.055215e-003,0.000000e+000,3,9.820193e-001,1.825000e+000,,,,,,,,,,,,,,,,,,0,5.000000e+000,5.000000e-001,2,1,6.443977e-003,0,1,0,
1473275226.790,,6.000000e+001,9.830585e+000,1.081350e-003,0.000000e+000,5.824364e-003,0.000000e+000,3,9.821577e-001,1.825000e+000,,,,,,,,,,,,,,,,,,0,5.000000e+000,5.000000e-001,2,1,2.956390e-003,0,1,0,
1473275240.522,,6.000000e+001,9.833005e+000,1.082254e-003,0.000000e+000,6.070776e-003,0.000000e+000,3,9.814837e-001,1.825000e+000,,,,,,,,,,,,,,,,,,0,5.000000e+000,5.000000e-001,2,1,8.068085e-004,0,1,0,
1473275253.785,,6.000000e+001,9.833274e+000,1.082745e-003,0.000000e+000,5.909420e-003,0.000000e+000,3,9.815273e-001,1.825000e+000,,,,,,,,,,,,,,,,,,0,5.000000e+000,5.000000e-001,2,1,1.344681e-003,0,1,0,
1473275369.771,,4.000000e+001,9.825615e+000,1.067530e-003,0.000000e+000,6.033584e-003,0.000000e+000,3,9.826459e-001,1.825000e+000,,,,,,,,,,,,,,,,,,0,5.000000e+000,5.000000e-001,2,1,5.371094e-003,0,1,0,
1473275381.985,,4.000000e+001,9.829375e+000,1.067605e-003,0.000000e+000,6.172289e-003,0.000000e+000,3,9.827186e-001,1.825000e+000,,,,,,,,,,,,,,,,,,0,5.000000e+000,5.000000e-001,2,1,2.149582e-003,0,1,0,
1473275395.450,,4.000000e+001,9.832870e+000,1.068039e-003,0.000000e+000,6.157801e-003,0.000000e+000,3,9.819483e-001,1.825000e+000,,,,,,,,,,,,,,,,,,0,5.000000e+000,5.000000e-001,2,1,0.000000e+000,0,1,0,
1473275408.164,,4.000000e+001,9.833812e+000,1.067415e-003,0.000000e+000,5.906668e-003,0.000000e+000,3,9.824200e-001,1.825000e+000,,,,,,,,,,,,,,,,,,0,5.000000e+000,5.000000e-001,2,1,2.689362e-004,0,1,0,
1473275515.642,,2.000000e+001,9.825077e+000,1.050395e-003,0.000000e+000,6.361703e-003,0.000000e+000,3,9.827763e-001,1.825000e+000,,,,,,,,,,,,,,,,,,0,5.000000e+000,5.000000e-001,2,1,5.368233e-003,0,1,0,
1473275528.803,,2.000000e+001,9.828972e+000,1.050349e-003,0.000000e+000,6.730676e-003,0.000000e+000,3,9.826533e-001,1.825000e+000,,,,,,,,,,,,,,,,,,0,5.000000e+000,5.000000e-001,2,1,1.880646e-003,0,1,0,
1473275542.392,,2.000000e+001,9.832064e+000,1.049998e-003,0.000000e+000,5.707437e-003,0.000000e+000,3,9.815080e-001,1.825000e+000,,,,,,,,,,,,,,,,,,0,5.000000e+000,5.000000e-001,2,1,5.378723e-004,0,1,0,
1473275556.356,,2.000000e+001,9.833139e+000,1.050137e-003,0.000000e+000,6.095116e-003,0.000000e+000,3,9.825025e-001,1.825000e+000,,,,,,,,,,,,,,,,,,0,5.000000e+000,5.000000e-001,2,1,5.388260e-004,0,1,0,
1473275665.080,,0.000000e+000,9.824944e+000,1.028508e-003,0.000000e+000,6.030394e-003,0.000000e+000,3,9.836363e-001,1.825000e+000,,,,,,,,,,,,,,,,,,0,5.000000e+000,5.000000e-001,2,1,4.563332e-003,0,1,0,
1473275676.990,,0.000000e+000,9.828837e+000,1.027970e-003,0.000000e+000,6.271550e-003,0.000000e+000,3,9.834566e-001,1.825000e+000,,,,,,,,,,,,,,,,,,0,5.000000e+000,5.000000e-001,2,1,3.225327e-003,0,1,0,
1473275691.062,,0.000000e+000,9.831795e+000,1.027878e-003,0.000000e+000,5.830370e-003,0.000000e+000,3,9.840232e-001,1.825000e+000,,,,,,,,,,,,,,,,,,0,5.000000e+000,5.000000e-001,2,1,0.000000e+000,0,1,0,
1473275703.777,,0.000000e+000,9.833677e+000,1.028113e-003,0.000000e+000,6.176241e-003,0.000000e+000,3,9.836326e-001,1.825000e+000,,,,,,,,,,,,,,,,,,0,5.000000e+000,5.000000e-001,2,1,0.000000e+000,0,1,0,
1473275813.505,,-2.000000e+001,9.825212e+000,9.969854e-004,0.000000e+000,7.018638e-003,0.000000e+000,3,9.835727e-001,1.825000e+000,,,,,,,,,,,,,,,,,,0,5.000000e+000,5.000000e-001,2,1,5.638123e-003,0,1,0,
1473275825.984,,-2.000000e+001,9.829375e+000,9.975913e-004,0.000000e+000,6.310243e-003,0.000000e+000,3,9.845289e-001,1.825000e+000,,,,,,,,,,,,,,,,,,0,5.000000e+000,5.000000e-001,2,1,2.687454e-003,0,1,0,
1473275838.502,,-2.000000e+001,9.832870e+000,9.974330e-004,0.000000e+000,6.553851e-003,0.000000e+000,3,9.836952e-001,1.825000e+000,,,,,,,,,,,,,,,,,,0,5.000000e+000,5.000000e-001,2,1,1.075745e-003,0,1,0,
1473275851.215,,-2.000000e+001,9.832870e+000,9.967997e-004,0.000000e+000,6.420978e-003,0.000000e+000,3,9.841559e-001,1.825000e+000,,,,,,,,,,,,,,,,,,0,5.000000e+000,5.000000e-001,2,1,1.075745e-003,0,1,0,
1473275959.939,,-4.000000e+001,9.825077e+000,9.544326e-004,0.000000e+000,7.556027e-003,0.000000e+000,3,9.837460e-001,1.825000e+000,,,,,,,,,,,,,,,,,,0,5.000000e+000,5.000000e-001,2,1,4.831314e-003,0,1,0,
1473275973.654,,-4.000000e+001,9.829913e+000,9.548356e-004,0.000000e+000,6.621380e-003,0.000000e+000,3,9.844931e-001,1.825000e+000,,,,,,,,,,,,,,,,,,0,5.000000e+000,5.000000e-001,2,1,3.225327e-003,0,1,0,
1473275986.928,,-4.000000e+001,9.831928e+000,9.543440e-004,0.000000e+000,6.492481e-003,0.000000e+000,3,9.844216e-001,1.825000e+000,,,,,,,,,,,,,,,,,,0,5.000000e+000,5.000000e-001,2,1,2.679825e-004,0,1,0,
1473276000.392,,-4.000000e+001,9.832735e+000,9.538653e-004,0.000000e+000,6.462512e-003,0.000000e+000,3,9.845508e-001,1.825000e+000,,,,,,,,,,,,,,,,,,0,5.000000e+000,5.000000e-001,2,1,2.679825e-004,0,1,0,
1473276108.565,,-6.000000e+001,9.824808e+000,8.792112e-004,0.000000e+000,7.787408e-003,0.000000e+000,3,9.845732e-001,1.825000e+000,,,,,,,,,,,,,,,,,,0,5.000000e+000,5.000000e-001,2,1,5.369186e-003,0,1,0,
1473276121.887,,-6.000000e+001,9.829376e+000,8.789048e-004,0.000000e+000,6.649705e-003,0.000000e+000,3,9.848832e-001,1.825000e+000,,,,,,,,,,,,,,,,,,0,5.000000e+000,5.000000e-001,2,1,1.612663e-003,0,1,0,
1473276134.852,,-6.000000e+001,9.832063e+000,8.765067e-004,0.000000e+000,7.354057e-003,0.000000e+000,3,9.849772e-001,1.825000e+000,,,,,,,,,,,,,,,,,,0,5.000000e+000,5.000000e-001,2,1,0.000000e+000,0,1,0,
1473276149.258,,-6.000000e+001,9.832737e+000,8.768608e-004,0.000000e+000,6.601749e-003,0.000000e+000,3,9.854730e-001,1.825000e+000,,,,,,,,,,,,,,,,,,0,5.000000e+000,5.000000e-001,2,1,8.077621e-004,0,1,0,
1473276268.603,,-8.000000e+001,9.828972e+000,3.954825e-004,0.000000e+000,9.407187e-003,0.000000e+000,3,9.850867e-001,1.825000e+000,,,,,,,,,,,,,,,,,,0,5.000000e+000,5.000000e-001,2,1,1.880646e-003,0,1,0,
1473276283.568,,-8.000000e+001,9.832466e+000,3.803966e-004,0.000000e+000,8.613145e-003,0.000000e+000,3,9.851385e-001,1.825000e+000,,,,,,,,,,,,,,,,,,0,5.000000e+000,5.000000e-001,2,1,8.068085e-004,0,1,0,
1473276295.532,,-8.000000e+001,9.833408e+000,3.700740e-004,0.000000e+000,9.936589e-003,0.000000e+000,3,9.845717e-001,1.825000e+000,,,,,,,,,,,,,,,,,,0,5.000000e+000,5.000000e-001,2,1,5.369186e-004,0,1,0,
1473276309.246,,-8.000000e+001,9.833139e+000,3.610247e-004,0.000000e+000,9.304252e-003,0.000000e+000,3,9.848728e-001,1.825000e+000,,,,,,,,,,,,,,,,,,0,5.000000e+000,5.000000e-001,2,1,1.075745e-003,0,1,0,
1473276420.032,,-1.000000e+002,9.824675e+000,-3.898167e-004,0.000000e+000,1.709182e-003,0.000000e+000,3,9.720345e-001,1.825000e+000,,,,,,,,,,,,,,,,,,0,5.000000e+000,5.000000e-001,2,1,4.563332e-003,0,1,0,
1473276434.497,,-1.000000e+002,9.830585e+000,-3.913530e-004,0.000000e+000,3.785081e-003,0.000000e+000,3,9.720474e-001,1.825000e+000,,,,,,,,,,,,,,,,,,0,5.000000e+000,5.000000e-001,2,1,1.882553e-003,0,1,0,
1473276448.211,,-1.000000e+002,9.831795e+000,-3.940563e-004,0.000000e+000,2.338262e-003,0.000000e+000,3,9.739302e-001,1.825000e+000,,,,,,,,,,,,,,,,,,0,5.000000e+000,5.000000e-001,2,1,1.075745e-003,0,1,0,
1473276461.734,,-1.000000e+002,9.832197e+000,-3.962385e-004,0.000000e+000,2.581851e-003,0.000000e+000,3,9.729970e-001,1.825000e+000,,,,,,,,,,,,,,,,,,0,5.000000e+000,5.000000e-001,2,1,1.343727e-003,0,1,0,
1473276570.208,,-1.200000e+002,9.825346e+000,-5.218479e-004,0.000000e+000,3.137910e-003,0.000000e+000,3,9.748079e-001,1.825000e+000,,,,,,,,,,,,,,,,,,0,5.000000e+000,5.000000e-001,2,1,6.445885e-003,0,1,0,
1473276581.942,,-1.200000e+002,9.830317e+000,-5.247387e-004,0.000000e+000,3.853140e-003,0.000000e+000,3,9.732888e-001,1.825000e+000,,,,,,,,,,,,,,,,,,0,5.000000e+000,5.000000e-001,2,1,2.419472e-003,0,1,0,
1473276594.407,,-1.200000e+002,9.831795e+000,-5.263215e-004,0.000000e+000,3.393792e-003,0.000000e+000,3,9.745526e-001,1.825000e+000,,,,,,,,,,,,,,,,,,0,5.000000e+000,5.000000e-001,2,1,5.369186e-004,0,1,0,
1473276607.871,,-1.200000e+002,9.832198e+000,-5.273442e-004,0.000000e+000,3.786005e-003,0.000000e+000,3,9.742399e-001,1.825000e+000,,,,,,,,,,,,,,,,,,0,5.000000e+000,5.000000e-001,2,1,8.068085e-004,0,1,0,
1473276715.599,,-1.400000e+002,9.824808e+000,-6.063355e-004,0.000000e+000,4.015916e-003,0.000000e+000,3,9.755741e-001,1.825000e+000,,,,,,,,,,,,,,,,,,0,5.000000e+000,5.000000e-001,2,1,2.684593e-003,0,1,0,
1473276730.813,,-1.400000e+002,9.829779e+000,-6.085033e-004,0.000000e+000,3.798900e-003,0.000000e+000,3,9.744771e-001,1.825000e+000,,,,,,,,,,,,,,,,,,0,5.000000e+000,5.000000e-001,2,1,2.418518e-003,0,1,0,
1473276745.547,,-1.400000e+002,9.832063e+000,-6.099290e-004,0.000000e+000,3.987294e-003,0.000000e+000,3,9.743444e-001,1.825000e+000,,,,,,,,,,,,,,,,,,0,5.000000e+000,5.000000e-001,2,1,0.000000e+000,0,1,0,
1473276759.067,,-1.400000e+002,9.831795e+000,-6.110821e-004,0.000000e+000,4.044591e-003,0.000000e+000,3,9.749695e-001,1.825000e+000,,,,,,,,,,,,,,,,,,0,5.000000e+000,5.000000e-001,2,1,1.075745e-003,0,1,0,
1473276868.791,,-1.600000e+002,9.824003e+000,-6.728800e-004,0.000000e+000,3.952999e-003,0.000000e+000,3,9.738882e-001,1.825000e+000,,,,,,,,,,,,,,,,,,0,5.000000e+000,5.000000e-001,2,1,4.295349e-003,0,1,0,
1473276881.255,,-1.600000e+002,9.829779e+000,-6.750071e-004,0.000000e+000,4.346608e-003,0.000000e+000,3,9.741780e-001,1.825000e+000,,,,,,,,,,,,,,,,,,0,5.000000e+000,5.000000e-001,2,1,3.494263e-003,0,1,0,
1473276894.470,,-1.600000e+002,9.832064e+000,-6.752412e-004,0.000000e+000,4.748392e-003,0.000000e+000,3,9.744565e-001,1.825000e+000,,,,,,,,,,,,,,,,,,0,5.000000e+000,5.000000e-001,2,1,5.378723e-004,0,1,0,
1473276905.699,,-1.600000e+002,9.832466e+000,-6.767675e-004,0.000000e+000,4.533501e-003,0.000000e+000,3,9.740276e-001,1.825000e+000,,,,,,,,,,,,,,,,,,0,5.000000e+000,5.000000e-001,2,1,8.068085e-004,0,1,0,
1473277020.428,,-1.800000e+002,9.825212e+000,-7.302734e-004,0.000000e+000,4.398410e-003,0.000000e+000,3,9.742355e-001,1.825000e+000,,,,,,,,,,,,,,,,,,0,5.000000e+000,5.000000e-001,2,1,5.638123e-003,0,1,0,
1473277032.429,,-1.800000e+002,9.830181e+000,-7.312241e-004,0.000000e+000,4.100625e-003,0.000000e+000,3,9.740155e-001,1.825000e+000,,,,,,,,,,,,,,,,,,0,5.000000e+000,5.000000e-001,2,1,2.688408e-003,0,1,0,
1473277045.143,,-1.800000e+002,9.832198e+000,-7.330622e-004,0.000000e+000,4.479309e-003,0.000000e+000,3,9.740720e-001,1.825000e+000,,,,,,,,,,,,,,,,,,0,5.000000e+000,5.000000e-001,2,1,8.068085e-004,0,1,0,
1473277058.857,,-1.800000e+002,9.832468e+000,-7.339924e-004,0.000000e+000,4.147350e-003,0.000000e+000,3,9.742923e-001,1.825000e+000,,,,,,,,,,,,,,,,,,0,5.000000e+000,5.000000e-001,2,1,1.345634e-003,0,1,0,
1473277166.331,,-2.000000e+002,9.824675e+000,-7.780110e-004,0.000000e+000,4.146396e-003,0.000000e+000,3,9.746098e-001,1.825000e+000,,,,,,,,,,,,,,,,,,0,5.000000e+000,5.000000e-001,2,1,5.637169e-003,0,1,0,
1473277180.045,,-2.000000e+002,9.830048e+000,-7.793931e-004,0.000000e+000,4.100327e-003,0.000000e+000,3,9.746862e-001,1.825000e+000,,,,,,,,,,,,,,,,,,0,5.000000e+000,5.000000e-001,2,1,2.419472e-003,0,1,0,
1473277193.010,,-2.000000e+002,9.831929e+000,-7.808293e-004,0.000000e+000,4.507878e-003,0.000000e+000,3,9.737327e-001,1.825000e+000,,,,,,,,,,,,,,,,,,0,5.000000e+000,5.000000e-001,2,1,8.068085e-004,0,1,0,
1473277206.231,,-2.000000e+002,9.832602e+000,-7.828824e-004,0.000000e+000,4.476719e-003,0.000000e+000,3,9.741282e-001,1.825000e+000,,,,,,,,,,,,,,,,,,0,5.000000e+000,5.000000e-001,2,1,0.000000e+000,0,1,0,
1473277342.975,,-3.000000e+002,9.830048e+000,-9.456056e-004,0.000000e+000,4.480266e-003,0.000000e+000,3,9.720066e-001,1.825000e+000,,,,,,,,,,,,,,,,,,0,5.000000e+000,5.000000e-001,2,1,3.494263e-003,0,1,0,
1473277355.939,,-3.000000e+002,9.831526e+000,-9.462698e-004,0.000000e+000,4.352219e-003,0.000000e+000,3,9.725307e-001,1.825000e+000,,,,,,,,,,,,,,,,,,0,5.000000e+000,5.000000e-001,2,1,5.378723e-004,0,1,0,
1473277369.153,,-3.000000e+002,9.832333e+000,-9.474409e-004,0.000000e+000,4.376185e-003,0.000000e+000,3,9.722438e-001,1.825000e+000,,,,,,,,,,,,,,,,,,0,5.000000e+000,5.000000e-001,2,1,5.388260e-004,0,1,0,
1473277380.871,,-3.000000e+002,9.832602e+000,-9.486600e-004,0.000000e+000,4.609824e-003,0.000000e+000,3,9.723314e-001,1.825000e+000,,,,,,,,,,,,,,,,,,0,5.000000e+000,5.000000e-001,2,1,5.369186e-004,0,1,0,
1473277503.847,,-4.000000e+002,9.825211e+000,-1.031224e-003,0.000000e+000,4.109004e-003,0.000000e+000,3,9.701899e-001,1.825000e+000,,,,,,,,,,,,,,,,,,0,5.000000e+000,5.000000e-001,2,1,4.563332e-003,0,1,0,
1473277517.561,,-4.000000e+002,9.829912e+000,-1.032858e-003,0.000000e+000,4.288334e-003,0.000000e+000,3,9.702632e-001,1.825000e+000,,,,,,,,,,,,,,,,,,0,5.000000e+000,5.000000e-001,2,1,2.150536e-003,0,1,0,
1473277530.025,,-4.000000e+002,9.831795e+000,-1.033571e-003,0.000000e+000,4.107616e-003,0.000000e+000,3,9.702945e-001,1.825000e+000,,,,,,,,,,,,,,,,,,0,5.000000e+000,5.000000e-001,2,1,5.369186e-004,0,1,0,
1473277543.740,,-4.000000e+002,9.831660e+000,-1.034238e-003,0.000000e+000,4.233423e-003,0.000000e+000,3,9.707190e-001,1.825000e+000,,,,,,,,,,,,,,,,,,0,5.000000e+000,5.000000e-001,2,1,2.689362e-004,0,1,0,
1473277667.219,,-5.000000e+002,9.825212e+000,-1.082517e-003,0.000000e+000,4.197767e-003,0.000000e+000,3,9.684285e-001,1.825000e+000,,,,,,,,,,,,,,,,,,0,5.000000e+000,5.000000e-001,2,1,5.638123e-003,0,1,0,
1473277682.453,,-5.000000e+002,9.829376e+000,-1.082244e-003,0.000000e+000,4.460375e-003,0.000000e+000,3,9.686943e-001,1.825000e+000,,,,,,,,,,,,,,,,,,0,5.000000e+000,5.000000e-001,2,1,1.612663e-003,0,1,0,
1473277696.918,,-5.000000e+002,9.831660e+000,-1.083131e-003,0.000000e+000,4.242535e-003,0.000000e+000,3,9.688328e-001,1.825000e+000,,,,,,,,,,,,,,,,,,0,5.000000e+000,5.000000e-001,2,1,2.689362e-004,0,1,0,
1473277709.632,,-5.000000e+002,9.832333e+000,-1.083985e-003,0.000000e+000,4.073825e-003,0.000000e+000,3,9.688390e-001,1.825000e+000,,,,,,,,,,,,,,,,,,0,5.000000e+000,5.000000e-001,2,1,0.000000e+000,0,1,0,
1473277826.607,,-6.000000e+002,9.826017e+000,-1.112686e-003,0.000000e+000,4.032106e-003,0.000000e+000,3,9.672663e-001,1.825000e+000,,,,,,,,,,,,,,,,,,0,5.000000e+000,5.000000e-001,2,1,6.176949e-003,0,1,0,
1473277840.357,,-6.000000e+002,9.829778e+000,-1.113356e-003,0.000000e+000,4.057826e-003,0.000000e+000,3,9.670488e-001,1.825000e+000,,,,,,,,,,,,,,,,,,0,5.000000e+000,5.000000e-001,2,1,2.689362e-004,0,1,0,
1473277854.076,,-6.000000e+002,9.831391e+000,-1.113853e-003,0.000000e+000,4.006594e-003,0.000000e+000,3,9.671459e-001,1.825000e+000,,,,,,,,,,,,,,,,,,0,5.000000e+000,5.000000e-001,2,1,2.689362e-004,0,1,0,
1473277868.040,,-6.000000e+002,9.831526e+000,-1.114251e-003,0.000000e+000,3.998191e-003,0.000000e+000,3,9.671651e-001,1.825000e+000,,,,,,,,,,,,,,,,,,0,5.000000e+000,5.000000e-001,2,1,1.074791e-003,0,1,0,
1473277988.515,,-7.000000e+002,9.825481e+000,-1.134583e-003,0.000000e+000,3.908437e-003,0.000000e+000,3,9.656870e-001,1.825000e+000,,,,,,,,,,,,,,,,,,0,5.000000e+000,5.000000e-001,2,1,5.639076e-003,0,1,0,
1473278000.979,,-7.000000e+002,9.829376e+000,-1.134945e-003,0.000000e+000,3.838353e-003,0.000000e+000,3,9.659572e-001,1.825000e+000,,,,,,,,,,,,,,,,,,0,5.000000e+000,5.000000e-001,2,1,1.612663e-003,0,1,0,
1473278014.444,,-7.000000e+002,9.831659e+000,-1.135693e-003,0.000000e+000,3.465598e-003,0.000000e+000,3,9.655771e-001,1.825000e+000,,,,,,,,,,,,,,,,,,0,5.000000e+000,5.000000e-001,2,1,8.058548e-004,0,1,0,
1473278026.158,,-7.000000e+002,9.832064e+000,-1.134924e-003,0.000000e+000,3.948963e-003,0.000000e+000,3,9.656278e-001,1.825000e+000,,,,,,,,,,,,,,,,,,0,5.000000e+000,5.000000e-001,2,1,5.378723e-004,0,1,0,
1473278142.410,,-1.000000e+003,9.823734e+000,-1.168576e-003,0.000000e+000,3.562354e-003,0.000000e+000,3,9.629813e-001,1.825000e+000,,,,,,,,,,,,,,,,,,0,5.000000e+000,5.000000e-001,2,1,3.757477e-003,0,1,0,
1473278155.378,,-1.000000e+003,9.830048e+000,-1.168980e-003,0.000000e+000,3.514237e-003,0.000000e+000,3,9.629963e-001,1.825000e+000,,,,,,,,,,,,,,,,,,0,5.000000e+000,5.000000e-001,2,1,1.881599e-003,0,1,0,
1473278167.374,,-1.000000e+003,9.831257e+000,-1.169052e-003,0.000000e+000,3.590337e-003,0.000000e+000,3,9.629233e-001,1.825000e+000,,,,,,,,,,,,,,,,,,0,5.000000e+000,5.000000e-001,2,1,5.378723e-004,0,1,0,
1473278181.271,,-1.000000e+003,9.832870e+000,-1.169330e-003,0.000000e+000,3.645865e-003,0.000000e+000,3,9.628993e-001,1.825000e+000,,,,,,,,,,,,,,,,,,0,5.000000e+000,5.000000e-001,2,1,5.388260e-004,0,1,0,
1473278298.354,,-3.000000e+003,9.825346e+000,-1.231440e-003,0.000000e+000,1.591398e-003,0.000000e+000,3,9.575382e-001,1.825000e+000,,,,,,,,,,,,,,,,,,0,5.000000e+000,5.000000e-001,2,1,4.832268e-003,0,1,0,
1473278312.069,,-3.000000e+003,9.829106e+000,-1.233808e-003,0.000000e+000,2.487804e-003,0.000000e+000,3,9.566639e-001,1.825000e+000,,,,,,,,,,,,,,,,,,0,5.000000e+000,5.000000e-001,2,1,1.073837e-003,0,1,0,
1473278325.534,,-3.000000e+003,9.831257e+000,-1.232399e-003,0.000000e+000,2.268079e-003,0.000000e+000,3,9.570507e-001,1.825000e+000,,,,,,,,,,,,,,,,,,0,5.000000e+000,5.000000e-001,2,1,5.378723e-004,0,1,0,
1473278337.498,,-3.000000e+003,9.831795e+000,-1.232657e-003,0.000000e+000,2.379636e-003,0.000000e+000,3,9.565645e-001,1.825000e+000,,,,,,,,,,,,,,,,,,0,5.000000e+000,5.000000e-001,2,1,5.369186e-004,0,1,0,
1473278461.533,,-5.000000e+003,9.825212e+000,-1.251748e-003,0.000000e+000,2.210943e-003,0.000000e+000,3,9.558890e-001,1.825000e+000,,,,,,,,,,,,,,,,,,0,5.000000e+000,5.000000e-001,2,1,6.176949e-003,0,1,0,
1473278475.687,,-5.000000e+003,9.829913e+000,-1.251463e-003,0.000000e+000,2.261798e-003,0.000000e+000,3,9.554880e-001,1.825000e+000,,,,,,,,,,,,,,,,,,0,5.000000e+000,5.000000e-001,2,1,2.687454e-003,0,1,0,
1473278488.259,,-5.000000e+003,9.832063e+000,-1.251723e-003,0.000000e+000,2.364460e-003,0.000000e+000,3,9.557869e-001,1.825000e+000,,,,,,,,,,,,,,,,,,0,5.000000e+000,5.000000e-001,2,1,0.000000e+000,0,1,0,
1473278501.973,,-5.000000e+003,9.832467e+000,-1.251632e-003,0.000000e+000,2.415490e-003,0.000000e+000,3,9.557657e-001,1.825000e+000,,,,,,,,,,,,,,,,,,0,5.000000e+000,5.000000e-001,2,1,2.689362e-004,0,1,0,
1473278625.449,,-7.000000e+003,9.825077e+000,-1.262614e-003,0.000000e+000,2.434855e-003,0.000000e+000,3,9.555172e-001,1.825000e+000,,,,,,,,,,,,,,,,,,0,5.000000e+000,5.000000e-001,2,1,5.908012e-003,0,1,0,
1473278639.163,,-7.000000e+003,9.829374e+000,-1.263304e-003,0.000000e+000,2.249389e-003,0.000000e+000,3,9.554904e-001,1.825000e+000,,,,,,,,,,,,,,,,,,0,5.000000e+000,5.000000e-001,2,1,5.369186e-004,0,1,0,
1473278653.896,,-7.000000e+003,9.831390e+000,-1.262795e-003,0.000000e+000,2.807194e-003,0.000000e+000,3,9.555714e-001,1.825000e+000,,,,,,,,,,,,,,,,,,0,5.000000e+000,5.000000e-001,2,1,1.343727e-003,0,1,0,
1473278666.668,,-7.000000e+003,9.831526e+000,-1.262949e-003,0.000000e+000,2.384336e-003,0.000000e+000,3,9.556224e-001,1.825000e+000,,,,,,,,,,,,,,,,,,0,5.000000e+000,5.000000e-001,2,1,0.000000e+000,0,1,0,
1473278794.648,,-9.000000e+003,9.825749e+000,-1.270025e-003,0.000000e+000,2.634498e-003,0.000000e+000,3,9.555997e-001,1.825000e+000,,,,,,,,,,,,,,,,,,0,5.000000e+000,5.000000e-001,2,1,5.102158e-003,0,1,0,
1473278808.362,,-9.000000e+003,9.829509e+000,-1.270202e-003,0.000000e+000,2.595071e-003,0.000000e+000,3,9.558356e-001,1.825000e+000,,,,,,,,,,,,,,,,,,0,5.000000e+000,5.000000e-001,2,1,2.689362e-004,0,1,0,
1473278821.076,,-9.000000e+003,9.832197e+000,-1.269762e-003,0.000000e+000,2.653176e-003,0.000000e+000,3,9.551654e-001,1.825000e+000,,,,,,,,,,,,,,,,,,0,5.000000e+000,5.000000e-001,2,1,2.698898e-004,0,1,0,
1473278835.791,,-9.000000e+003,9.831526e+000,-1.270708e-003,0.000000e+000,3.127299e-003,0.000000e+000,3,9.552660e-001,1.825000e+000,,,,,,,,,,,,,,,,,,0,5.000000e+000,5.000000e-001,2,1,1.613617e-003,0,1,0,
1473278958.212,,-1.000000e+004,9.825749e+000,-1.273019e-003,0.000000e+000,2.609408e-003,0.000000e+000,3,9.552425e-001,1.825000e+000,,,,,,,,,,,,,,,,,,0,5.000000e+000,5.000000e-001,2,1,5.102158e-003,0,1,0,
1473278970.284,,-1.000000e+004,9.829509e+000,-1.273073e-003,0.000000e+000,2.613752e-003,0.000000e+000,3,9.554432e-001,1.825000e+000,,,,,,,,,,,,,,,,,,0,5.000000e+000,5.000000e-001,2,1,2.689362e-004,0,1,0,
1473278983.249,,-1.000000e+004,9.831929e+000,-1.273093e-003,0.000000e+000,2.653684e-003,0.000000e+000,3,9.551039e-001,1.825000e+000,,,,,,,,,,,,,,,,,,0,5.000000e+000,5.000000e-001,2,1,8.068085e-004,0,1,0,
1473278995.493,,-1.000000e+004,9.831929e+000,-1.273120e-003,0.000000e+000,2.440394e-003,0.000000e+000,3,9.555130e-001,1.825000e+000,,,,,,,,,,,,,,,,,,0,5.000000e+000,5.000000e-001,2,1,1.344681e-003,0,1,0,
1473279162.476,,-2.000000e+004,9.825211e+000,-1.291001e-003,0.000000e+000,4.057120e-003,0.000000e+000,3,9.558712e-001,1.825000e+000,,,,,,,,,,,,,,,,,,0,5.000000e+000,5.000000e-001,2,1,2.951622e-003,0,1,0,
1473279175.941,,-2.000000e+004,9.830450e+000,-1.289976e-003,0.000000e+000,3.668772e-003,0.000000e+000,3,9.549789e-001,1.825000e+000,,,,,,,,,,,,,,,,,,0,5.000000e+000,5.000000e-001,2,1,5.369186e-004,0,1,0,
1473279189.905,,-2.000000e+004,9.832064e+000,-1.290314e-003,0.000000e+000,3.309840e-003,0.000000e+000,3,9.550998e-001,1.825000e+000,,,,,,,,,,,,,,,,,,0,5.000000e+000,5.000000e-001,2,1,2.152443e-003,0,1,0,
1473279204.370,,-2.000000e+004,9.831795e+000,-1.292437e-003,0.000000e+000,4.096215e-003,0.000000e+000,3,9.541183e-001,1.825000e+000,,,,,,,,,,,,,,,,,,0,5.000000e+000,5.000000e-001,2,1,0.000000e+000,0,1,0,
1473279365.353,,-3.000000e+004,9.826153e+000,-1.299813e-003,0.000000e+000,3.952815e-003,0.000000e+000,3,9.545164e-001,1.825000e+000,,,,,,,,,,,,,,,,,,0,5.000000e+000,5.000000e-001,2,1,4.834175e-003,0,1,0,
1473279379.567,,-3.000000e+004,9.829912e+000,-1.299742e-003,0.000000e+000,3.790710e-003,0.000000e+000,3,9.547107e-001,1.825000e+000,,,,,,,,,,,,,,,,,,0,5.000000e+000,5.000000e-001,2,1,1.075745e-003,0,1,0,
1473279390.804,,-3.000000e+004,9.831795e+000,-1.300042e-003,0.000000e+000,4.028913e-003,0.000000e+000,3,9.539665e-001,1.825000e+000,,,,,,,,,,,,,,,,,,0,5.000000e+000,5.000000e-001,2,1,5.369186e-004,0,1,0,
1473279404.768,,-3.000000e+004,9.832199e+000,-1.298809e-003,0.000000e+000,3.376917e-003,0.000000e+000,3,9.558997e-001,1.825000e+000,,,,,,,,,,,,,,,,,,0,5.000000e+000,5.000000e-001,2,1,1.883507e-003,0,1,0,
1473279569.497,,-4.000000e+004,9.825614e+000,-1.304351e-003,0.000000e+000,4.959865e-003,0.000000e+000,3,9.538454e-001,1.825000e+000,,,,,,,,,,,,,,,,,,0,5.000000e+000,5.000000e-001,2,1,3.221512e-003,0,1,0,
1473279580.711,,-4.000000e+004,9.830048e+000,-1.303231e-003,0.000000e+000,4.872280e-003,0.000000e+000,3,9.546419e-001,1.825000e+000,,,,,,,,,,,,,,,,,,0,5.000000e+000,5.000000e-001,2,1,1.881599e-003,0,1,0,
1473279592.952,,-4.000000e+004,9.832333e+000,-1.303702e-003,0.000000e+000,4.436895e-003,0.000000e+000,3,9.556727e-001,1.825000e+000,,,,,,,,,,,,,,,,,,0,5.000000e+000,5.000000e-001,2,1,0.000000e+000,0,1,0,
1473279605.194,,-4.000000e+004,9.833005e+000,-1.304154e-003,0.000000e+000,4.842769e-003,0.000000e+000,3,9.537427e-001,1.825000e+000,,,,,,,,,,,,,,,,,,0,5.000000e+000,5.000000e-001,2,1,2.708435e-004,0,1,0,
1473279771.457,,-5.000000e+004,9.825346e+000,-1.305462e-003,0.000000e+000,5.792073e-003,0.000000e+000,3,9.541240e-001,1.825000e+000,,,,,,,,,,,,,,,,,,0,5.000000e+000,5.000000e-001,2,1,5.370140e-003,0,1,0,
1473279783.422,,-5.000000e+004,9.830585e+000,-1.304852e-003,0.000000e+000,5.357526e-003,0.000000e+000,3,9.542596e-001,1.825000e+000,,,,,,,,,,,,,,,,,,0,5.000000e+000,5.000000e-001,2,1,2.956390e-003,0,1,0,
1473279797.415,,-5.000000e+004,9.832064e+000,-1.305059e-003,0.000000e+000,5.280793e-003,0.000000e+000,3,9.544117e-001,1.825000e+000,,,,,,,,,,,,,,,,,,0,5.000000e+000,5.000000e-001,2,1,1.075745e-003,0,1,0,
1473279809.191,,-5.000000e+004,9.833275e+000,-1.303997e-003,0.000000e+000,5.676555e-003,0.000000e+000,3,9.535605e-001,1.825000e+000,,,,,,,,,,,,,,,,,,0,5.000000e+000,5.000000e-001,2,1,2.679825e-004,0,1,0,
1473279979.175,,-6.000000e+004,9.824675e+000,-1.302861e-003,0.000000e+000,6.097802e-003,0.000000e+000,3,9.536594e-001,1.825000e+000,,,,,,,,,,,,,,,,,,0,5.000000e+000,5.000000e-001,2,1,3.489494e-003,0,1,0,
1473279991.889,,-6.000000e+004,9.830988e+000,-1.302600e-003,0.000000e+000,5.796911e-003,0.000000e+000,3,9.542403e-001,1.825000e+000,,,,,,,,,,,,,,,,,,0,5.000000e+000,5.000000e-001,2,1,2.689362e-003,0,1,0,
1473280005.382,,-6.000000e+004,9.832736e+000,-1.304363e-003,0.000000e+000,5.360869e-003,0.000000e+000,3,9.542114e-001,1.825000e+000,,,,,,,,,,,,,,,,,,0,5.000000e+000,5.000000e-001,2,1,1.882553e-003,0,1,0,
1473280017.596,,-6.000000e+004,9.833408e+000,-1.300372e-003,0.000000e+000,5.428573e-003,0.000000e+000,3,9.545004e-001,1.825000e+000,,,,,,,,,,,,,,,,,,0,5.000000e+000,5.000000e-001,2,1,5.369186e-004,0,1,0,
1473280182.075,,-7.000000e+004,9.825749e+000,-1.298754e-003,0.000000e+000,6.120976e-003,0.000000e+000,3,9.532810e-001,1.825000e+000,,,,,,,,,,,,,,,,,,0,5.000000e+000,5.000000e-001,2,1,6.175995e-003,0,1,0,
1473280195.298,,-7.000000e+004,9.830988e+000,-1.299982e-003,0.000000e+000,6.335029e-003,0.000000e+000,3,9.531560e-001,1.825000e+000,,,,,,,,,,,,,,,,,,0,5.000000e+000,5.000000e-001,2,1,2.150536e-003,0,1,0,
1473280209.012,,-7.000000e+004,9.833408e+000,-1.297935e-003,0.000000e+000,6.209991e-003,0.000000e+000,3,9.532511e-001,1.825000e+000,,,,,,,,,,,,,,,,,,0,5.000000e+000,5.000000e-001,2,1,5.369186e-004,0,1,0,
1473280220.519,,-7.000000e+004,9.833005e+000,-1.297996e-003,0.000000e+000,6.037590e-003,0.000000e+000,3,9.537640e-001,1.825000e+000,,,,,,,,,,,,,,,,,,0,5.000000e+000,5.000000e-001,2,1,1.344681e-003,0,1,0,
1473280396.254,,-6.000000e+004,9.826420e+000,-1.303438e-003,0.000000e+000,5.377398e-003,0.000000e+000,3,9.534962e-001,1.825000e+000,,,,,,,,,,,,,,,,,,0,5.000000e+000,5.000000e-001,2,1,4.834175e-003,0,1,0,
1473280409.160,,-6.000000e+004,9.830719e+000,-1.303417e-003,0.000000e+000,5.104375e-003,0.000000e+000,3,9.533273e-001,1.825000e+000,,,,,,,,,,,,,,,,,,0,5.000000e+000,5.000000e-001,2,1,2.151489e-003,0,1,0,
1473280421.982,,-6.000000e+004,9.833139e+000,-1.302954e-003,0.000000e+000,5.103108e-003,0.000000e+000,3,9.534715e-001,1.825000e+000,,,,,,,,,,,,,,,,,,0,5.000000e+000,5.000000e-001,2,1,5.388260e-004,0,1,0,
1473280434.447,,-6.000000e+004,9.833408e+000,-1.302832e-003,0.000000e+000,5.283068e-003,0.000000e+000,3,9.539869e-001,1.825000e+000,,,,,,,,,,,,,,,,,,0,5.000000e+000,5.000000e-001,2,1,0.000000e+000,0,1,0,
1473280596.679,,-5.000000e+004,9.825480e+000,-1.304428e-003,0.000000e+000,4.993394e-003,0.000000e+000,3,9.545245e-001,1.825000e+000,,,,,,,,,,,,,,,,,,0,5.000000e+000,5.000000e-001,2,1,3.489494e-003,0,1,0,
1473280608.893,,-5.000000e+004,9.831257e+000,-1.304885e-003,0.000000e+000,4.483810e-003,0.000000e+000,3,9.541416e-001,1.825000e+000,,,,,,,,,,,,,,,,,,0,5.000000e+000,5.000000e-001,2,1,2.150536e-003,0,1,0,
1473280621.857,,-5.000000e+004,9.833005e+000,-1.304009e-003,0.000000e+000,4.408532e-003,0.000000e+000,3,9.536480e-001,1.825000e+000,,,,,,,,,,,,,,,,,,0,5.000000e+000,5.000000e-001,2,1,2.708435e-004,0,1,0,
1473280635.601,,-5.000000e+004,9.833139e+000,-1.304300e-003,0.000000e+000,4.802002e-003,0.000000e+000,3,9.543169e-001,1.825000e+000,,,,,,,,,,,,,,,,,,0,5.000000e+000,5.000000e-001,2,1,1.075745e-003,0,1,0,
1473280802.580,,-4.000000e+004,9.826153e+000,-1.303645e-003,0.000000e+000,3.580062e-003,0.000000e+000,3,9.551273e-001,1.825000e+000,,,,,,,,,,,,,,,,,,0,5.000000e+000,5.000000e-001,2,1,4.834175e-003,0,1,0,
1473280815.567,,-4.000000e+004,9.829913e+000,-1.303697e-003,0.000000e+000,3.718655e-003,0.000000e+000,3,9.546946e-001,1.825000e+000,,,,,,,,,,,,,,,,,,0,5.000000e+000,5.000000e-001,2,1,2.687454e-003,0,1,0,
1473280830.031,,-4.000000e+004,9.832333e+000,-1.303548e-003,0.000000e+000,3.553456e-003,0.000000e+000,3,9.547260e-001,1.825000e+000,,,,,,,,,,,,,,,,,,0,5.000000e+000,5.000000e-001,2,1,5.388260e-004,0,1,0,
1473280842.996,,-4.000000e+004,9.833677e+000,-1.304205e-003,0.000000e+000,3.313113e-003,0.000000e+000,3,9.542800e-001,1.825000e+000,,,,,,,,,,,,,,,,,,0,5.000000e+000,5.000000e-001,2,1,0.000000e+000,0,1,0,
1473281004.979,,-3.000000e+004,9.826421e+000,-1.301003e-003,0.000000e+000,2.796949e-003,0.000000e+000,3,9.546832e-001,1.825000e+000,,,,,,,,,,,,,,,,,,0,5.000000e+000,5.000000e-001,2,1,5.371094e-003,0,1,0,
1473281017.943,,-3.000000e+004,9.830450e+000,-1.300512e-003,0.000000e+000,2.988360e-003,0.000000e+000,3,9.549876e-001,1.825000e+000,,,,,,,,,,,,,,,,,,0,5.000000e+000,5.000000e-001,2,1,1.075745e-003,0,1,0,
1473281030.407,,-3.000000e+004,9.832602e+000,-1.299698e-003,0.000000e+000,2.688603e-003,0.000000e+000,3,9.550567e-001,1.825000e+000,,,,,,,,,,,,,,,,,,0,5.000000e+000,5.000000e-001,2,1,0.000000e+000,0,1,0,
1473281043.374,,-3.000000e+004,9.833408e+000,-1.299453e-003,0.000000e+000,3.139172e-003,0.000000e+000,3,9.551778e-001,1.825000e+000,,,,,,,,,,,,,,,,,,0,5.000000e+000,5.000000e-001,2,1,1.076698e-003,0,1,0,
1473281203.856,,-2.000000e+004,9.826554e+000,-1.291742e-003,0.000000e+000,2.527254e-003,0.000000e+000,3,9.551659e-001,1.825000e+000,,,,,,,,,,,,,,,,,,0,5.000000e+000,5.000000e-001,2,1,4.566193e-003,0,1,0,
1473281217.570,,-2.000000e+004,9.831257e+000,-1.290564e-003,0.000000e+000,2.486811e-003,0.000000e+000,3,9.551361e-001,1.825000e+000,,,,,,,,,,,,,,,,,,0,5.000000e+000,5.000000e-001,2,1,2.689362e-003,0,1,0,
1473281230.218,,-2.000000e+004,9.832333e+000,-1.291636e-003,0.000000e+000,2.146893e-003,0.000000e+000,3,9.559218e-001,1.825000e+000,,,,,,,,,,,,,,,,,,0,5.000000e+000,5.000000e-001,2,1,0.000000e+000,0,1,0,
1473281243.791,,-2.000000e+004,9.833274e+000,-1.291151e-003,0.000000e+000,2.500033e-003,0.000000e+000,3,9.556881e-001,1.825000e+000,,,,,,,,,,,,,,,,,,0,5.000000e+000,5.000000e-001,2,1,1.344681e-003,0,1,0,
1473281402.056,,-1.000000e+004,9.826689e+000,-1.273955e-003,0.000000e+000,1.828972e-003,0.000000e+000,3,9.556507e-001,1.825000e+000,,,,,,,,,,,,,,,,,,0,5.000000e+000,5.000000e-001,2,1,5.371094e-003,0,1,0,
1473281413.971,,-1.000000e+004,9.831121e+000,-1.273848e-003,0.000000e+000,1.733486e-003,0.000000e+000,3,9.557312e-001,1.825000e+000,,,,,,,,,,,,,,,,,,0,5.000000e+000,5.000000e-001,2,1,3.495216e-003,0,1,0,
1473281427.293,,-1.000000e+004,9.833408e+000,-1.273287e-003,0.000000e+000,1.895013e-003,0.000000e+000,3,9.555477e-001,1.825000e+000,,,,,,,,,,,,,,,,,,0,5.000000e+000,5.000000e-001,2,1,0.000000e+000,0,1,0,
1473281440.507,,-1.000000e+004,9.833139e+000,-1.273496e-003,0.000000e+000,1.710955e-003,0.000000e+000,3,9.559941e-001,1.825000e+000,,,,,,,,,,,,,,,,,,0,5.000000e+000,5.000000e-001,2,1,1.613617e-003,0,1,0,
1473281562.919,,-9.000000e+003,9.826153e+000,-1.271169e-003,0.000000e+000,2.064986e-003,0.000000e+000,3,9.549128e-001,1.825000e+000,,,,,,,,,,,,,,,,,,0,5.000000e+000,5.000000e-001,2,1,5.908012e-003,0,1,0,
1473281576.991,,-9.000000e+003,9.830316e+000,-1.271122e-003,0.000000e+000,1.625893e-003,0.000000e+000,3,9.557217e-001,1.825000e+000,,,,,,,,,,,,,,,,,,0,5.000000e+000,5.000000e-001,2,1,1.882553e-003,0,1,0,
1473281591.245,,-9.000000e+003,9.832064e+000,-1.270923e-003,0.000000e+000,2.019789e-003,0.000000e+000,3,9.554209e-001,1.825000e+000,,,,,,,,,,,,,,,,,,0,5.000000e+000,5.000000e-001,2,1,5.378723e-004,0,1,0,
1473281604.993,,-9.000000e+003,9.832197e+000,-1.271204e-003,0.000000e+000,1.373279e-003,0.000000e+000,3,9.559351e-001,1.825000e+000,,,,,,,,,,,,,,,,,,0,5.000000e+000,5.000000e-001,2,1,2.698898e-004,0,1,0,
1473281730.968,,-7.000000e+003,9.826421e+000,-1.264497e-003,0.000000e+000,1.976003e-003,0.000000e+000,3,9.556329e-001,1.825000e+000,,,,,,,,,,,,,,,,,,0,5.000000e+000,5.000000e-001,2,1,5.371094e-003,0,1,0,
1473281743.619,,-7.000000e+003,9.831392e+000,-1.264614e-003,0.000000e+000,1.954962e-003,0.000000e+000,3,9.558076e-001,1.825000e+000,,,,,,,,,,,,,,,,,,0,5.000000e+000,5.000000e-001,2,1,2.419472e-003,0,1,0,
1473281755.444,,-7.000000e+003,9.833275e+000,-1.263406e-003,0.000000e+000,2.023725e-003,0.000000e+000,3,9.556236e-001,1.825000e+000,,,,,,,,,,,,,,,,,,0,5.000000e+000,5.000000e-001,2,1,2.679825e-004,0,1,0,
1473281768.658,,-7.000000e+003,9.834484e+000,-1.264557e-003,0.000000e+000,1.766502e-003,0.000000e+000,3,9.556484e-001,1.825000e+000,,,,,,,,,,,,,,,,,,0,5.000000e+000,5.000000e-001,2,1,5.388260e-004,0,1,0,
1473281889.383,,-5.000000e+003,9.826421e+000,-1.255560e-003,0.000000e+000,1.690940e-003,0.000000e+000,3,9.558600e-001,1.825000e+000,,,,,,,,,,,,,,,,,,0,5.000000e+000,5.000000e-001,2,1,5.371094e-003,0,1,0,
1473281902.347,,-5.000000e+003,9.830450e+000,-1.254635e-003,0.000000e+000,1.419120e-003,0.000000e+000,3,9.561160e-001,1.825000e+000,,,,,,,,,,,,,,,,,,0,5.000000e+000,5.000000e-001,2,1,1.075745e-003,0,1,0,
1473281915.080,,-5.000000e+003,9.833542e+000,-1.254876e-003,0.000000e+000,1.813201e-003,0.000000e+000,3,9.559953e-001,1.825000e+000,,,,,,,,,,,,,,,,,,0,5.000000e+000,5.000000e-001,2,1,1.345634e-003,0,1,0,
1473281928.794,,-5.000000e+003,9.834081e+000,-1.254736e-003,0.000000e+000,2.036140e-003,0.000000e+000,3,9.557434e-001,1.825000e+000,,,,,,,,,,,,,,,,,,0,5.000000e+000,5.000000e-001,2,1,2.689362e-004,0,1,0,
1473282052.269,,-3.000000e+003,9.824406e+000,-1.240652e-003,0.000000e+000,1.897382e-003,0.000000e+000,3,9.570225e-001,1.825000e+000,,,,,,,,,,,,,,,,,,0,5.000000e+000,5.000000e-001,2,1,3.489494e-003,0,1,0,
1473282064.987,,-3.000000e+003,9.828032e+000,-1.241082e-003,0.000000e+000,1.732203e-003,0.000000e+000,3,9.561716e-001,1.825000e+000,,,,,,,,,,,,,,,,,,0,5.000000e+000,5.000000e-001,2,1,2.149582e-003,0,1,0,
1473282077.451,,-3.000000e+003,9.831928e+000,-1.240798e-003,0.000000e+000,2.033125e-003,0.000000e+000,3,9.567506e-001,1.825000e+000,,,,,,,,,,,,,,,,,,0,5.000000e+000,5.000000e-001,2,1,2.679825e-004,0,1,0,
1473282091.665,,-3.000000e+003,9.829107e+000,-1.240702e-003,0.000000e+000,1.929313e-003,0.000000e+000,3,9.566498e-001,1.825000e+000,,,,,,,,,,,,,,,,,,0,5.000000e+000,5.000000e-001,2,1,2.150536e-003,0,1,0,
1473282215.141,,-1.000000e+003,9.825884e+000,-1.205951e-003,0.000000e+000,3.391261e-003,0.000000e+000,3,9.637071e-001,1.825000e+000,,,,,,,,,,,,,,,,,,0,5.000000e+000,5.000000e-001,2,1,4.296303e-003,0,1,0,
1473282229.355,,-1.000000e+003,9.831257e+000,-1.205911e-003,0.000000e+000,3.430989e-003,0.000000e+000,3,9.627118e-001,1.825000e+000,,,,,,,,,,,,,,,,,,0,5.000000e+000,5.000000e-001,2,1,2.150536e-003,0,1,0,
1473282242.069,,-1.000000e+003,9.833677e+000,-1.205777e-003,0.000000e+000,3.340143e-003,0.000000e+000,3,9.636353e-001,1.825000e+000,,,,,,,,,,,,,,,,,,0,5.000000e+000,5.000000e-001,2,1,1.074791e-003,0,1,0,
1473282254.284,,-1.000000e+003,9.832870e+000,-1.205682e-003,0.000000e+000,3.768971e-003,0.000000e+000,3,9.629939e-001,1.825000e+000,,,,,,,,,,,,,,,,,,0,5.000000e+000,5.000000e-001,2,1,0.000000e+000,0,1,0,
1473282381.534,,-7.000000e+002,9.826017e+000,-1.194054e-003,0.000000e+000,4.501943e-003,0.000000e+000,3,9.660339e-001,1.825000e+000,,,,,,,,,,,,,,,,,,0,5.000000e+000,5.000000e-001,2,1,5.103111e-003,0,1,0,
1473282395.749,,-7.000000e+002,9.831392e+000,-1.193106e-003,0.000000e+000,3.814903e-003,0.000000e+000,3,9.668915e-001,1.825000e+000,,,,,,,,,,,,,,,,,,0,5.000000e+000,5.000000e-001,2,1,2.419472e-003,0,1,0,
1473282409.213,,-7.000000e+002,9.833005e+000,-1.192710e-003,0.000000e+000,4.009178e-003,0.000000e+000,3,9.665139e-001,1.825000e+000,,,,,,,,,,,,,,,,,,0,5.000000e+000,5.000000e-001,2,1,8.068085e-004,0,1,0,
1473282422.433,,-7.000000e+002,9.833677e+000,-1.193128e-003,0.000000e+000,3.882829e-003,0.000000e+000,3,9.666919e-001,1.825000e+000,,,,,,,,,,,,,,,,,,0,5.000000e+000,5.000000e-001,2,1,0.000000e+000,0,1,0,
1473282546.212,,-6.000000e+002,9.826017e+000,-1.186832e-003,0.000000e+000,4.732065e-003,0.000000e+000,3,9.681864e-001,1.825000e+000,,,,,,,,,,,,,,,,,,0,5.000000e+000,5.000000e-001,2,1,5.639076e-003,0,1,0,
1473282558.926,,-6.000000e+002,9.830316e+000,-1.187440e-003,0.000000e+000,3.709030e-003,0.000000e+000,3,9.689520e-001,1.825000e+000,,,,,,,,,,,,,,,,,,0,5.000000e+000,5.000000e-001,2,1,1.882553e-003,0,1,0,
1473282571.946,,-6.000000e+002,9.832870e+000,-1.186965e-003,0.000000e+000,3.857486e-003,0.000000e+000,3,9.683825e-001,1.825000e+000,,,,,,,,,,,,,,,,,,0,5.000000e+000,5.000000e-001,2,1,5.388260e-004,0,1,0,
1473282584.161,,-6.000000e+002,9.834215e+000,-1.187273e-003,0.000000e+000,3.770005e-003,0.000000e+000,3,9.682451e-001,1.825000e+000,,,,,,,,,,,,,,,,,,0,5.000000e+000,5.000000e-001,2,1,5.378723e-004,0,1,0,
1473282707.139,,-5.000000e+002,9.825615e+000,-1.179964e-003,0.000000e+000,4.290039e-003,0.000000e+000,3,9.705954e-001,1.825000e+000,,,,,,,,,,,,,,,,,,0,5.000000e+000,5.000000e-001,2,1,6.443977e-003,0,1,0,
1473282719.603,,-5.000000e+002,9.831391e+000,-1.180129e-003,0.000000e+000,4.474822e-003,0.000000e+000,3,9.698250e-001,1.825000e+000,,,,,,,,,,,,,,,,,,0,5.000000e+000,5.000000e-001,2,1,1.882553e-003,0,1,0,
1473282732.067,,-5.000000e+002,9.833005e+000,-1.179991e-003,0.000000e+000,4.271407e-003,0.000000e+000,3,9.704155e-001,1.825000e+000,,,,,,,,,,,,,,,,,,0,5.000000e+000,5.000000e-001,2,1,2.708435e-004,0,1,0,
1473282744.532,,-5.000000e+002,9.834081e+000,-1.180416e-003,0.000000e+000,4.138635e-003,0.000000e+000,3,9.701359e-001,1.825000e+000,,,,,,,,,,,,,,,,,,0,5.000000e+000,5.000000e-001,2,1,2.689362e-004,0,1,0,
1473282865.507,,-4.000000e+002,9.825884e+000,-1.170852e-003,0.000000e+000,4.198126e-003,0.000000e+000,3,9.729130e-001,1.825000e+000,,,,,,,,,,,,,,,,,,0,5.000000e+000,5.000000e-001,2,1,5.908012e-003,0,1,0,
1473282878.471,,-4.000000e+002,9.830585e+000,-1.170804e-003,0.000000e+000,4.822654e-003,0.000000e+000,3,9.717869e-001,1.825000e+000,,,,,,,,,,,,,,,,,,0,5.000000e+000,5.000000e-001,2,1,1.344681e-003,0,1,0,
1473282892.685,,-4.000000e+002,9.832737e+000,-1.170827e-003,0.000000e+000,4.570768e-003,0.000000e+000,3,9.721509e-001,1.825000e+000,,,,,,,,,,,,,,,,,,0,5.000000e+000,5.000000e-001,2,1,8.077621e-004,0,1,0,
1473282905.900,,-4.000000e+002,9.832737e+000,-1.170707e-003,0.000000e+000,4.382145e-003,0.000000e+000,3,9.724088e-001,1.825000e+000,,,,,,,,,,,,,,,,,,0,5.000000e+000,5.000000e-001,2,1,8.077621e-004,0,1,0,
1473283025.379,,-3.000000e+002,9.825077e+000,-1.157666e-003,0.000000e+000,4.913113e-003,0.000000e+000,3,9.748424e-001,1.825000e+000,,,,,,,,,,,,,,,,,,0,5.000000e+000,5.000000e-001,2,1,3.220558e-003,0,1,0,
1473283037.594,,-3.000000e+002,9.831122e+000,-1.157538e-003,0.000000e+000,5.299569e-003,0.000000e+000,3,9.740003e-001,1.825000e+000,,,,,,,,,,,,,,,,,,0,5.000000e+000,5.000000e-001,2,1,2.958298e-003,0,1,0,
1473283050.619,,-3.000000e+002,9.833273e+000,-1.157712e-003,0.000000e+000,4.918504e-003,0.000000e+000,3,9.742706e-001,1.825000e+000,,,,,,,,,,,,,,,,,,0,5.000000e+000,5.000000e-001,2,1,8.077621e-004,0,1,0,
1473283063.781,,-3.000000e+002,9.833408e+000,-1.157723e-003,0.000000e+000,5.024987e-003,0.000000e+000,3,9.743756e-001,1.825000e+000,,,,,,,,,,,,,,,,,,0,5.000000e+000,5.000000e-001,2,1,1.076698e-003,0,1,0,
1473283184.614,,-2.000000e+002,9.825481e+000,-1.138362e-003,0.000000e+000,4.900227e-003,0.000000e+000,3,9.777335e-001,1.825000e+000,,,,,,,,,,,,,,,,,,0,5.000000e+000,5.000000e-001,2,1,5.639076e-003,0,1,0,
1473283197.587,,-2.000000e+002,9.831121e+000,-1.137133e-003,0.000000e+000,5.122923e-003,0.000000e+000,3,9.780212e-001,1.825000e+000,,,,,,,,,,,,,,,,,,0,5.000000e+000,5.000000e-001,2,1,3.495216e-003,0,1,0,
1473283209.301,,-2.000000e+002,9.833542e+000,-1.138539e-003,0.000000e+000,4.961015e-003,0.000000e+000,3,9.773132e-001,1.825000e+000,,,,,,,,,,,,,,,,,,0,5.000000e+000,5.000000e-001,2,1,1.345634e-003,0,1,0,
1473283222.265,,-2.000000e+002,9.833273e+000,-1.137946e-003,0.000000e+000,5.279812e-003,0.000000e+000,3,9.772748e-001,1.825000e+000,,,,,,,,,,,,,,,,,,0,5.000000e+000,5.000000e-001,2,1,8.077621e-004,0,1,0,
1473283331.993,,-1.800000e+002,9.825346e+000,-1.132397e-003,0.000000e+000,5.286983e-003,0.000000e+000,3,9.776856e-001,1.825000e+000,,,,,,,,,,,,,,,,,,0,5.000000e+000,5.000000e-001,2,1,4.832268e-003,0,1,0,
1473283343.237,,-1.800000e+002,9.829241e+000,-1.131479e-003,0.000000e+000,5.666909e-003,0.000000e+000,3,9.783852e-001,1.825000e+000,,,,,,,,,,,,,,,,,,0,5.000000e+000,5.000000e-001,2,1,2.957344e-003,0,1,0,
1473283355.951,,-1.800000e+002,9.833005e+000,-1.132480e-003,0.000000e+000,5.352324e-003,0.000000e+000,3,9.778706e-001,1.825000e+000,,,,,,,,,,,,,,,,,,0,5.000000e+000,5.000000e-001,2,1,1.344681e-003,0,1,0,
1473283370.716,,-1.800000e+002,9.833005e+000,-1.132127e-003,0.000000e+000,5.533664e-003,0.000000e+000,3,9.775574e-001,1.825000e+000,,,,,,,,,,,,,,,,,,0,5.000000e+000,5.000000e-001,2,1,2.708435e-004,0,1,0,
1473283478.944,,-1.600000e+002,9.825347e+000,-1.126762e-003,0.000000e+000,5.169192e-003,0.000000e+000,3,9.781222e-001,1.825000e+000,,,,,,,,,,,,,,,,,,0,5.000000e+000,5.000000e-001,2,1,5.907059e-003,0,1,0,
1473283491.908,,-1.600000e+002,9.830317e+000,-1.126425e-003,0.000000e+000,5.326044e-003,0.000000e+000,3,9.784561e-001,1.825000e+000,,,,,,,,,,,,,,,,,,0,5.000000e+000,5.000000e-001,2,1,2.957344e-003,0,1,0,
1473283506.176,,-1.600000e+002,9.832197e+000,-1.126604e-003,0.000000e+000,5.245866e-003,0.000000e+000,3,9.787090e-001,1.825000e+000,,,,,,,,,,,,,,,,,,0,5.000000e+000,5.000000e-001,2,1,1.343727e-003,0,1,0,
1473283517.890,,-1.600000e+002,9.833273e+000,-1.126362e-003,0.000000e+000,5.794496e-003,0.000000e+000,3,9.781165e-001,1.825000e+000,,,,,,,,,,,,,,,,,,0,5.000000e+000,5.000000e-001,2,1,8.077621e-004,0,1,0,
1473283627.618,,-1.400000e+002,9.825615e+000,-1.119410e-003,0.000000e+000,5.942611e-003,0.000000e+000,3,9.785715e-001,1.825000e+000,,,,,,,,,,,,,,,,,,0,5.000000e+000,5.000000e-001,2,1,5.908012e-003,0,1,0,
1473283640.582,,-1.400000e+002,9.830585e+000,-1.119473e-003,0.000000e+000,5.545142e-003,0.000000e+000,3,9.790381e-001,1.825000e+000,,,,,,,,,,,,,,,,,,0,5.000000e+000,5.000000e-001,2,1,2.420425e-003,0,1,0,
1473283653.350,,-1.400000e+002,9.832870e+000,-1.119692e-003,0.000000e+000,5.601821e-003,0.000000e+000,3,9.785190e-001,1.825000e+000,,,,,,,,,,,,,,,,,,0,5.000000e+000,5.000000e-001,2,1,5.388260e-004,0,1,0,
1473283667.085,,-1.400000e+002,9.832870e+000,-1.119416e-003,0.000000e+000,5.594392e-003,0.000000e+000,3,9.790905e-001,1.825000e+000,,,,,,,,,,,,,,,,,,0,5.000000e+000,5.000000e-001,2,1,0.000000e+000,0,1,0,
1473283775.067,,-1.200000e+002,9.824003e+000,-1.112280e-003,0.000000e+000,5.867548e-003,0.000000e+000,3,9.798080e-001,1.825000e+000,,,,,,,,,,,,,,,,,,0,5.000000e+000,5.000000e-001,2,1,4.831314e-003,0,1,0,
1473283789.315,,-1.200000e+002,9.830316e+000,-1.112631e-003,0.000000e+000,5.701432e-003,0.000000e+000,3,9.791498e-001,1.825000e+000,,,,,,,,,,,,,,,,,,0,5.000000e+000,5.000000e-001,2,1,1.882553e-003,0,1,0,
1473283801.279,,-1.200000e+002,9.832064e+000,-1.110947e-003,0.000000e+000,6.061442e-003,0.000000e+000,3,9.795474e-001,1.825000e+000,,,,,,,,,,,,,,,,,,0,5.000000e+000,5.000000e-001,2,1,1.612663e-003,0,1,0,
1473283813.494,,-1.200000e+002,9.833005e+000,-1.112222e-003,0.000000e+000,5.341876e-003,0.000000e+000,3,9.797909e-001,1.825000e+000,,,,,,,,,,,,,,,,,,0,5.000000e+000,5.000000e-001,2,1,2.708435e-004,0,1,0,
1473283928.777,,-1.000000e+002,9.825615e+000,-1.103869e-003,0.000000e+000,5.699167e-003,0.000000e+000,3,9.802147e-001,1.825000e+000,,,,,,,,,,,,,,,,,,0,5.000000e+000,5.000000e-001,2,1,6.982803e-003,0,1,0,
1473283942.034,,-1.000000e+002,9.830988e+000,-1.103231e-003,0.000000e+000,5.561426e-003,0.000000e+000,3,9.806564e-001,1.825000e+000,,,,,,,,,,,,,,,,,,0,5.000000e+000,5.000000e-001,2,1,1.075745e-003,0,1,0,
1473283956.249,,-1.000000e+002,9.833139e+000,-1.103018e-003,0.000000e+000,6.148720e-003,0.000000e+000,3,9.802613e-001,1.825000e+000,,,,,,,,,,,,,,,,,,0,5.000000e+000,5.000000e-001,2,1,5.388260e-004,0,1,0,
1473283969.963,,-1.000000e+002,9.833544e+000,-1.103923e-003,0.000000e+000,5.596101e-003,0.000000e+000,3,9.804107e-001,1.825000e+000,,,,,,,,,,,,,,,,,,0,5.000000e+000,5.000000e-001,2,1,8.058548e-004,0,1,0,
1473284075.937,,-8.000000e+001,9.825077e+000,-1.094238e-003,0.000000e+000,5.849045e-003,0.000000e+000,3,9.805461e-001,1.825000e+000,,,,,,,,,,,,,,,,,,0,5.000000e+000,5.000000e-001,2,1,5.908012e-003,0,1,0,
1473284087.901,,-8.000000e+001,9.830317e+000,-1.093114e-003,0.000000e+000,6.094190e-003,0.000000e+000,3,9.808511e-001,1.825000e+000,,,,,,,,,,,,,,,,,,0,5.000000e+000,5.000000e-001,2,1,2.419472e-003,0,1,0,
1473284100.365,,-8.000000e+001,9.832198e+000,-1.093613e-003,0.000000e+000,5.680932e-003,0.000000e+000,3,9.812269e-001,1.825000e+000,,,,,,,,,,,,,,,,,,0,5.000000e+000,5.000000e-001,2,1,8.068085e-004,0,1,0,
1473284114.330,,-8.000000e+001,9.833005e+000,-1.093195e-003,0.000000e+000,5.824697e-003,0.000000e+000,3,9.808736e-001,1.825000e+000,,,,,,,,,,,,,,,,,,0,5.000000e+000,5.000000e-001,2,1,8.068085e-004,0,1,0,
1473284221.557,,-6.000000e+001,9.825481e+000,-1.082518e-003,0.000000e+000,6.078398e-003,0.000000e+000,3,9.815548e-001,1.825000e+000,,,,,,,,,,,,,,,,,,0,5.000000e+000,5.000000e-001,2,1,5.639076e-003,0,1,0,
1473284235.272,,-6.000000e+001,9.829778e+000,-1.081038e-003,0.000000e+000,6.297807e-003,0.000000e+000,3,9.810353e-001,1.825000e+000,,,,,,,,,,,,,,,,,,0,5.000000e+000,5.000000e-001,2,1,2.689362e-004,0,1,0,
1473284247.486,,-6.000000e+001,9.832737e+000,-1.081596e-003,0.000000e+000,5.772310e-003,0.000000e+000,3,9.817742e-001,1.825000e+000,,,,,,,,,,,,,,,,,,0,5.000000e+000,5.000000e-001,2,1,8.077621e-004,0,1,0,
1473284262.700,,-6.000000e+001,9.832602e+000,-1.081753e-003,0.000000e+000,6.255561e-003,0.000000e+000,3,9.803169e-001,1.825000e+000,,,,,,,,,,,,,,,,,,0,5.000000e+000,5.000000e-001,2,1,1.077652e-003,0,1,0,
1473284372.674,,-4.000000e+001,9.824406e+000,-1.067193e-003,0.000000e+000,5.690024e-003,0.000000e+000,3,9.828576e-001,1.825000e+000,,,,,,,,,,,,,,,,,,0,5.000000e+000,5.000000e-001,2,1,3.489494e-003,0,1,0,
1473284385.143,,-4.000000e+001,9.830048e+000,-1.067175e-003,0.000000e+000,6.198228e-003,0.000000e+000,3,9.822361e-001,1.825000e+000,,,,,,,,,,,,,,,,,,0,5.000000e+000,5.000000e-001,2,1,2.419472e-003,0,1,0,
1473284399.357,,-4.000000e+001,9.831795e+000,-1.067666e-003,0.000000e+000,5.996556e-003,0.000000e+000,3,9.826258e-001,1.825000e+000,,,,,,,,,,,,,,,,,,0,5.000000e+000,5.000000e-001,2,1,5.369186e-004,0,1,0,
1473284413.822,,-4.000000e+001,9.832737e+000,-1.067224e-003,0.000000e+000,6.025784e-003,0.000000e+000,3,9.825529e-001,1.825000e+000,,,,,,,,,,,,,,,,,,0,5.000000e+000,5.000000e-001,2,1,8.077621e-004,0,1,0,
1473284522.049,,-2.000000e+001,9.824808e+000,-1.051059e-003,0.000000e+000,5.674044e-003,0.000000e+000,3,9.830012e-001,1.825000e+000,,,,,,,,,,,,,,,,,,0,5.000000e+000,5.000000e-001,2,1,5.906105e-003,0,1,0,
1473284535.572,,-2.000000e+001,9.829913e+000,-1.050963e-003,0.000000e+000,6.002835e-003,0.000000e+000,3,9.828807e-001,1.825000e+000,,,,,,,,,,,,,,,,,,0,5.000000e+000,5.000000e-001,2,1,2.687454e-003,0,1,0,
1473284548.536,,-2.000000e+001,9.831391e+000,-1.050698e-003,0.000000e+000,6.431871e-003,0.000000e+000,3,9.825311e-001,1.825000e+000,,,,,,,,,,,,,,,,,,0,5.000000e+000,5.000000e-001,2,1,2.689362e-004,0,1,0,
1473284561.250,,-2.000000e+001,9.832735e+000,-1.049994e-003,0.000000e+000,6.529485e-003,0.000000e+000,3,9.824970e-001,1.825000e+000,,,,,,,,,,,,,,,,,,0,5.000000e+000,5.000000e-001,2,1,2.679825e-004,0,1,0,
1473284670.474,,0.000000e+000,9.825077e+000,-1.028208e-003,0.000000e+000,6.306616e-003,0.000000e+000,3,9.835889e-001,1.825000e+000,,,,,,,,,,,,,,,,,,0,5.000000e+000,5.000000e-001,2,1,5.908012e-003,0,1,0,
1473284682.688,,0.000000e+000,9.829644e+000,-1.027544e-003,0.000000e+000,6.508496e-003,0.000000e+000,3,9.834170e-001,1.825000e+000,,,,,,,,,,,,,,,,,,0,5.000000e+000,5.000000e-001,2,1,2.149582e-003,0,1,0,
1473284697.403,,0.000000e+000,9.831929e+000,-1.027564e-003,0.000000e+000,6.449156e-003,0.000000e+000,3,9.831569e-001,1.825000e+000,,,,,,,,,,,,,,,,,,0,5.000000e+000,5.000000e-001,2,1,8.068085e-004,0,1,0,
1473284709.867,,0.000000e+000,9.832870e+000,-1.027726e-003,0.000000e+000,6.152729e-003,0.000000e+000,3,9.836417e-001,1.825000e+000,,,,,,,,,,,,,,,,,,0,5.000000e+000,5.000000e-001,2,1,5.388260e-004,0,1,0,
1473284824.166,,2.000000e+001,9.824944e+000,-9.975376e-004,0.000000e+000,6.468589e-003,0.000000e+000,3,9.843366e-001,1.825000e+000,,,,,,,,,,,,,,,,,,0,5.000000e+000,5.000000e-001,2,1,6.175995e-003,0,1,0,
1473284836.880,,2.000000e+001,9.829241e+000,-9.968340e-004,0.000000e+000,6.824273e-003,0.000000e+000,3,9.837629e-001,1.825000e+000,,,,,,,,,,,,,,,,,,0,5.000000e+000,5.000000e-001,2,1,8.058548e-004,0,1,0,
1473284850.789,,2.000000e+001,9.831795e+000,-9.970582e-004,0.000000e+000,6.324418e-003,0.000000e+000,3,9.839625e-001,1.825000e+000,,,,,,,,,,,,,,,,,,0,5.000000e+000,5.000000e-001,2,1,1.075745e-003,0,1,0,
1473284864.362,,2.000000e+001,9.832064e+000,-9.964508e-004,0.000000e+000,6.583815e-003,0.000000e+000,3,9.841706e-001,1.825000e+000,,,,,,,,,,,,,,,,,,0,5.000000e+000,5.000000e-001,2,1,5.378723e-004,0,1,0,
1473284970.787,,4.000000e+001,9.824540e+000,-9.555711e-004,0.000000e+000,6.212810e-003,0.000000e+000,3,9.845387e-001,1.825000e+000,,,,,,,,,,,,,,,,,,0,5.000000e+000,5.000000e-001,2,1,5.369186e-003,0,1,0,
1473284983.127,,4.000000e+001,9.828703e+000,-9.543080e-004,0.000000e+000,6.744401e-003,0.000000e+000,3,9.841717e-001,1.825000e+000,,,,,,,,,,,,,,,,,,0,5.000000e+000,5.000000e-001,2,1,8.058548e-004,0,1,0,
1473284996.842,,4.000000e+001,9.831391e+000,-9.551618e-004,0.000000e+000,6.699909e-003,0.000000e+000,3,9.843671e-001,1.825000e+000,,,,,,,,,,,,,,,,,,0,5.000000e+000,5.000000e-001,2,1,8.068085e-004,0,1,0,
1473285009.567,,4.000000e+001,9.832602e+000,-9.544463e-004,0.000000e+000,6.610271e-003,0.000000e+000,3,9.843698e-001,1.825000e+000,,,,,,,,,,,,,,,,,,0,5.000000e+000,5.000000e-001,2,1,0.000000e+000,0,1,0,
1473285118.045,,6.000000e+001,9.823734e+000,-8.815256e-004,0.000000e+000,6.894393e-003,0.000000e+000,3,9.851352e-001,1.825000e+000,,,,,,,,,,,,,,,,,,0,5.000000e+000,5.000000e-001,2,1,4.294395e-003,0,1,0,
1473285131.062,,6.000000e+001,9.829644e+000,-8.809769e-004,0.000000e+000,6.763021e-003,0.000000e+000,3,9.852520e-001,1.825000e+000,,,,,,,,,,,,,,,,,,0,5.000000e+000,5.000000e-001,2,1,1.075745e-003,0,1,0,
1473285144.303,,6.000000e+001,9.832064e+000,-8.793629e-004,0.000000e+000,6.661231e-003,0.000000e+000,3,9.851562e-001,1.825000e+000,,,,,,,,,,,,,,,,,,0,5.000000e+000,5.000000e-001,2,1,1.075745e-003,0,1,0,
1473285156.517,,6.000000e+001,9.831257e+000,-8.791857e-004,0.000000e+000,6.839594e-003,0.000000e+000,3,9.847973e-001,1.825000e+000,,,,,,,,,,,,,,,,,,0,5.000000e+000,5.000000e-001,2,1,0.000000e+000,0,1,0,
1473285265.688,,8.000000e+001,9.824675e+000,-4.501391e-004,0.000000e+000,8.202875e-003,0.000000e+000,3,9.858915e-001,1.825000e+000,,,,,,,,,,,,,,,,,,0,5.000000e+000,5.000000e-001,2,1,5.637169e-003,0,1,0,
1473285279.010,,8.000000e+001,9.829510e+000,-4.315292e-004,0.000000e+000,9.226770e-003,0.000000e+000,3,9.855485e-001,1.825000e+000,,,,,,,,,,,,,,,,,,0,5.000000e+000,5.000000e-001,2,1,2.418518e-003,0,1,0,
1473285291.407,,8.000000e+001,9.831795e+000,-4.192685e-004,0.000000e+000,8.315090e-003,0.000000e+000,3,9.856541e-001,1.825000e+000,,,,,,,,,,,,,,,,,,0,5.000000e+000,5.000000e-001,2,1,2.150536e-003,0,1,0,
1473285304.980,,8.000000e+001,9.832735e+000,-4.083378e-004,0.000000e+000,8.427667e-003,0.000000e+000,3,9.853805e-001,1.825000e+000,,,,,,,,,,,,,,,,,,0,5.000000e+000,5.000000e-001,2,1,2.679825e-004,0,1,0,
1473285421.244,,1.000000e+002,9.828972e+000,3.875771e-004,0.000000e+000,2.513481e-003,0.000000e+000,3,9.731026e-001,1.825000e+000,,,,,,,,,,,,,,,,,,0,5.000000e+000,5.000000e-001,2,1,4.031181e-003,0,1,0,
1473285433.709,,1.000000e+002,9.831257e+000,3.897950e-004,0.000000e+000,3.298362e-003,0.000000e+000,3,9.729598e-001,1.825000e+000,,,,,,,,,,,,,,,,,,0,5.000000e+000,5.000000e-001,2,1,0.000000e+000,0,1,0,
1473285445.173,,1.000000e+002,9.832063e+000,3.923062e-004,0.000000e+000,3.683635e-003,0.000000e+000,3,9.724845e-001,1.825000e+000,,,,,,,,,,,,,,,,,,0,5.000000e+000,5.000000e-001,2,1,0.000000e+000,0,1,0,
1473285457.673,,1.000000e+002,9.832870e+000,3.937809e-004,0.000000e+000,2.986863e-003,0.000000e+000,3,9.729859e-001,1.825000e+000,,,,,,,,,,,,,,,,,,0,5.000000e+000,5.000000e-001,2,1,0.000000e+000,0,1,0,
1473285566.159,,1.200000e+002,9.824540e+000,5.223667e-004,0.000000e+000,3.888076e-003,0.000000e+000,3,9.732380e-001,1.825000e+000,,,,,,,,,,,,,,,,,,0,5.000000e+000,5.000000e-001,2,1,5.369186e-003,0,1,0,
1473285579.123,,1.200000e+002,9.829779e+000,5.245373e-004,0.000000e+000,3.852902e-003,0.000000e+000,3,9.752593e-001,1.825000e+000,,,,,,,,,,,,,,,,,,0,5.000000e+000,5.000000e-001,2,1,1.881599e-003,0,1,0,
1473285592.588,,1.200000e+002,9.831659e+000,5.259005e-004,0.000000e+000,4.125454e-003,0.000000e+000,3,9.737738e-001,1.825000e+000,,,,,,,,,,,,,,,,,,0,5.000000e+000,5.000000e-001,2,1,8.058548e-004,0,1,0,
1473285605.233,,1.200000e+002,9.831526e+000,5.276847e-004,0.000000e+000,3.602970e-003,0.000000e+000,3,9.736444e-001,1.825000e+000,,,,,,,,,,,,,,,,,,0,5.000000e+000,5.000000e-001,2,1,1.613617e-003,0,1,0,
1473285711.601,,1.400000e+002,9.822527e+000,6.075475e-004,0.000000e+000,4.369061e-003,0.000000e+000,3,9.731975e-001,1.825000e+000,,,,,,,,,,,,,,,,,,0,5.000000e+000,5.000000e-001,2,1,5.097389e-003,0,1,0,
1473285724.316,,1.400000e+002,9.827226e+000,6.097236e-004,0.000000e+000,3.781617e-003,0.000000e+000,3,9.737456e-001,1.825000e+000,,,,,,,,,,,,,,,,,,0,5.000000e+000,5.000000e-001,2,1,2.149582e-003,0,1,0,
1473285737.476,,1.400000e+002,9.832737e+000,6.109736e-004,0.000000e+000,4.431001e-003,0.000000e+000,3,9.738224e-001,1.825000e+000,,,,,,,,,,,,,,,,,,0,5.000000e+000,5.000000e-001,2,1,4.034996e-003,0,1,0,
1473285751.548,,1.400000e+002,9.837175e+000,6.125408e-004,0.000000e+000,4.578187e-003,0.000000e+000,3,9.739023e-001,1.825000e+000,,,,,,,,,,,,,,,,,,0,5.000000e+000,5.000000e-001,2,1,2.693176e-003,0,1,0,
1473285860.272,,1.600000e+002,9.831123e+000,6.757030e-004,0.000000e+000,5.053462e-003,0.000000e+000,3,9.737934e-001,1.825000e+000,,,,,,,,,,,,,,,,,,0,5.000000e+000,5.000000e-001,2,1,5.645752e-003,0,1,0,
1473285873.236,,1.600000e+002,9.836369e+000,6.779623e-004,0.000000e+000,4.886144e-003,0.000000e+000,3,9.742319e-001,1.825000e+000,,,,,,,,,,,,,,,,,,0,5.000000e+000,5.000000e-001,2,1,3.229141e-003,0,1,0,
1473285886.701,,1.600000e+002,9.838522e+000,6.794233e-004,0.000000e+000,4.706810e-003,0.000000e+000,3,9.740462e-001,1.825000e+000,,,,,,,,,,,,,,,,,,0,5.000000e+000,5.000000e-001,2,1,1.077652e-003,0,1,0,
1473285899.211,,1.600000e+002,9.840945e+000,6.807885e-004,0.000000e+000,4.778964e-003,0.000000e+000,3,9.741717e-001,1.825000e+000,,,,,,,,,,,,,,,,,,0,5.000000e+000,5.000000e-001,2,1,1.077652e-003,0,1,0,
1473286016.129,,1.800000e+002,9.832468e+000,7.361017e-004,0.000000e+000,4.931125e-003,0.000000e+000,3,9.740246e-001,1.825000e+000,,,,,,,,,,,,,,,,,,0,5.000000e+000,5.000000e-001,2,1,5.648613e-003,0,1,0,
1473286028.701,,1.800000e+002,9.837175e+000,7.370273e-004,0.000000e+000,5.335812e-003,0.000000e+000,3,9.741971e-001,1.825000e+000,,,,,,,,,,,,,,,,,,0,5.000000e+000,5.000000e-001,2,1,1.615524e-003,0,1,0,
1473286042.415,,1.800000e+002,9.839734e+000,7.382170e-004,0.000000e+000,5.047362e-003,0.000000e+000,3,9.744540e-001,1.825000e+000,,,,,,,,,,,,,,,,,,0,5.000000e+000,5.000000e-001,2,1,2.689362e-004,0,1,0,
1473286055.630,,1.800000e+002,9.840946e+000,7.398665e-004,0.000000e+000,5.278838e-003,0.000000e+000,3,9.742600e-001,1.825000e+000,,,,,,,,,,,,,,,,,,0,5.000000e+000,5.000000e-001,2,1,5.388260e-004,0,1,0,
1473286164.856,,2.000000e+002,9.834755e+000,7.852595e-004,0.000000e+000,5.354386e-003,0.000000e+000,3,9.743826e-001,1.825000e+000,,,,,,,,,,,,,,,,,,0,5.000000e+000,5.000000e-001,2,1,5.920410e-003,0,1,0,
1473286178.070,,2.000000e+002,9.839869e+000,7.869060e-004,0.000000e+000,5.456023e-003,0.000000e+000,3,9.734892e-001,1.825000e+000,,,,,,,,,,,,,,,,,,0,5.000000e+000,5.000000e-001,2,1,2.694130e-003,0,1,0,
1473286190.284,,2.000000e+002,9.842023e+000,7.885233e-004,0.000000e+000,5.306480e-003,0.000000e+000,3,9.741764e-001,1.825000e+000,,,,,,,,,,,,,,,,,,0,5.000000e+000,5.000000e-001,2,1,1.077652e-003,0,1,0,
1473286202.499,,2.000000e+002,9.840137e+000,7.896345e-004,0.000000e+000,5.533041e-003,0.000000e+000,3,9.738188e-001,1.825000e+000,,,,,,,,,,,,,,,,,,0,5.000000e+000,5.000000e-001,2,1,2.693176e-003,0,0,0,
1473286324.267,,3.000000e+002,9.816359e+000,9.549500e-004,0.000000e+000,5.584916e-003,0.000000e+000,3,9.722457e-001,1.825000e+000,,,,,,,,,,,,,,,,,,0,5.000000e+000,5.000000e-001,2,1,3.485680e-003,0,0,0,
1473286337.481,,3.000000e+002,9.820515e+000,9.565009e-004,0.000000e+000,4.836185e-003,0.000000e+000,3,9.727266e-001,1.825000e+000,,,,,,,,,,,,,,,,,,0,5.000000e+000,5.000000e-001,2,1,1.071930e-003,0,0,0,
1473286349.445,,3.000000e+002,9.821051e+000,9.568878e-004,0.000000e+000,5.649616e-003,0.000000e+000,3,9.731575e-001,1.825000e+000,,,,,,,,,,,,,,,,,,0,5.000000e+000,5.000000e-001,2,1,0.000000e+000,0,0,0,
1473286372.379,,3.000000e+002,9.821856e+000,9.586703e-004,0.000000e+000,5.586741e-003,0.000000e+000,3,9.725534e-001,1.825000e+000,,,,,,,,,,,,,,,,,,0,5.000000e+000,5.000000e-001,2,1,5.359650e-004,0,0,0,
1473286492.132,,4.000000e+002,9.812071e+000,1.042188e-003,0.000000e+000,5.402842e-003,0.000000e+000,3,9.706273e-001,1.825000e+000,,,,,,,,,,,,,,,,,,0,5.000000e+000,5.000000e-001,2,1,4.553795e-003,0,0,0,
1473286505.141,,4.000000e+002,9.816626e+000,1.043661e-003,0.000000e+000,5.353706e-003,0.000000e+000,3,9.705473e-001,1.825000e+000,,,,,,,,,,,,,,,,,,0,5.000000e+000,5.000000e-001,2,1,1.875877e-003,0,0,0,
1473286519.855,,4.000000e+002,9.817832e+000,1.044682e-003,0.000000e+000,5.492949e-003,0.000000e+000,3,9.704989e-001,1.825000e+000,,,,,,,,,,,,,,,,,,0,5.000000e+000,5.000000e-001,2,1,5.378723e-004,0,0,0,
1473286534.519,,4.000000e+002,9.817966e+000,1.045496e-003,0.000000e+000,5.479138e-003,0.000000e+000,3,9.706399e-001,1.825000e+000,,,,,,,,,,,,,,,,,,0,5.000000e+000,5.000000e-001,2,1,1.339912e-003,0,0,0,
1473286656.106,,5.000000e+002,9.809259e+000,1.092757e-003,0.000000e+000,5.321212e-003,0.000000e+000,3,9.688351e-001,1.825000e+000,,,,,,,,,,,,,,,,,,0,5.000000e+000,5.000000e-001,2,1,5.888939e-003,0,1,0,
1473286669.320,,5.000000e+002,9.824005e+000,1.092321e-003,0.000000e+000,5.458170e-003,0.000000e+000,3,9.689779e-001,1.825000e+000,,,,,,,,,,,,,,,,,,0,5.000000e+000,5.000000e-001,2,1,9.664536e-003,0,1,0,
1473286681.534,,5.000000e+002,9.831795e+000,1.092794e-003,0.000000e+000,5.553184e-003,0.000000e+000,3,9.690428e-001,1.825000e+000,,,,,,,,,,,,,,,,,,0,5.000000e+000,5.000000e-001,2,1,2.690315e-003,0,1,0,
1473286693.999,,5.000000e+002,9.836233e+000,1.093429e-003,0.000000e+000,5.621765e-003,0.000000e+000,3,9.687253e-001,1.825000e+000,,,,,,,,,,,,,,,,,,0,5.000000e+000,5.000000e-001,2,1,3.499031e-003,0,1,0,
1473286807.973,,6.000000e+002,9.840273e+000,1.120957e-003,0.000000e+000,6.055875e-003,0.000000e+000,3,9.666316e-001,1.825000e+000,,,,,,,,,,,,,,,,,,0,5.000000e+000,5.000000e-001,2,1,4.578590e-003,0,1,0,
1473286821.206,,6.000000e+002,9.843235e+000,1.121770e-003,0.000000e+000,5.378043e-003,0.000000e+000,3,9.670451e-001,1.825000e+000,,,,,,,,,,,,,,,,,,0,5.000000e+000,5.000000e-001,2,1,2.698898e-004,0,1,0,
1473286834.671,,6.000000e+002,9.845662e+000,1.105953e-003,0.000000e+000,1.526620e-002,0.000000e+000,3,9.108236e-001,1.825000e+000,,,,,,,,,,,,,,,,,,0,5.000000e+000,5.000000e-001,2,1,2.708435e-004,0,1,0,
1473286847.135,,6.000000e+002,9.844179e+000,1.122647e-003,0.000000e+000,5.328596e-003,0.000000e+000,3,9.675437e-001,1.825000e+000,,,,,,,,,,,,,,,,,,0,5.000000e+000,5.000000e-001,2,1,2.158165e-003,0,0,0,
1473286967.613,,7.000000e+002,9.816626e+000,1.142472e-003,0.000000e+000,5.541637e-003,0.000000e+000,3,9.665467e-001,1.825000e+000,,,,,,,,,,,,,,,,,,0,5.000000e+000,5.000000e-001,2,1,4.021645e-003,0,0,0,
1473286979.077,,7.000000e+002,9.821856e+000,1.142398e-003,0.000000e+000,5.602824e-003,0.000000e+000,3,9.654833e-001,1.825000e+000,,,,,,,,,,,,,,,,,,0,5.000000e+000,5.000000e-001,2,1,2.684593e-003,0,0,0,
1473286992.041,,7.000000e+002,9.822661e+000,1.142584e-003,0.000000e+000,5.379917e-003,0.000000e+000,3,9.658789e-001,1.825000e+000,,,,,,,,,,,,,,,,,,0,5.000000e+000,5.000000e-001,2,1,5.359650e-004,0,0,0,
1473287004.506,,7.000000e+002,9.822527e+000,1.141473e-003,0.000000e+000,5.149693e-003,0.000000e+000,3,9.659468e-001,1.825000e+000,,,,,,,,,,,,,,,,,,0,5.000000e+000,5.000000e-001,2,1,1.878738e-003,0,0,0,
1473287116.730,,1.000000e+003,9.813946e+000,1.174172e-003,0.000000e+000,5.085432e-003,0.000000e+000,3,9.630098e-001,1.825000e+000,,,,,,,,,,,,,,,,,,0,5.000000e+000,5.000000e-001,2,1,5.625725e-003,0,0,0,
1473287129.194,,1.000000e+003,9.817833e+000,1.174188e-003,0.000000e+000,5.117019e-003,0.000000e+000,3,9.630222e-001,1.825000e+000,,,,,,,,,,,,,,,,,,0,5.000000e+000,5.000000e-001,2,1,1.070976e-003,0,0,0,
1473287141.408,,1.000000e+003,9.819038e+000,1.174311e-003,0.000000e+000,5.155189e-003,0.000000e+000,3,9.630923e-001,1.825000e+000,,,,,,,,,,,,,,,,,,0,5.000000e+000,5.000000e-001,2,1,8.039474e-004,0,0,0,
1473287154.133,,1.000000e+003,9.819441e+000,1.174564e-003,0.000000e+000,5.113612e-003,0.000000e+000,3,9.631009e-001,1.825000e+000,,,,,,,,,,,,,,,,,,0,5.000000e+000,5.000000e-001,2,1,5.369186e-004,0,0,0,
1473287278.362,,3.000000e+003,9.810999e+000,1.235651e-003,0.000000e+000,4.085191e-003,0.000000e+000,3,9.571347e-001,1.825000e+000,,,,,,,,,,,,,,,,,,0,5.000000e+000,5.000000e-001,2,1,3.480911e-003,0,0,0,
1473287292.076,,3.000000e+003,9.816358e+000,1.234768e-003,0.000000e+000,3.952515e-003,0.000000e+000,3,9.567415e-001,1.825000e+000,,,,,,,,,,,,,,,,,,0,5.000000e+000,5.000000e-001,2,1,1.340866e-003,0,0,0,
1473287304.791,,3.000000e+003,9.817832e+000,1.234181e-003,0.000000e+000,3.994985e-003,0.000000e+000,3,9.566342e-001,1.825000e+000,,,,,,,,,,,,,,,,,,0,5.000000e+000,5.000000e-001,2,1,0.000000e+000,0,1,0,
1473287317.262,,3.000000e+003,9.819173e+000,1.234550e-003,0.000000e+000,4.076078e-003,0.000000e+000,3,9.563610e-001,1.825000e+000,,,,,,,,,,,,,,,,,,0,5.000000e+000,5.000000e-001,2,1,5.359650e-004,0,1,0,
1473287443.237,,5.000000e+003,9.843776e+000,1.252797e-003,0.000000e+000,3.929347e-003,0.000000e+000,3,9.557033e-001,1.825000e+000,,,,,,,,,,,,,,,,,,0,5.000000e+000,5.000000e-001,2,1,4.583359e-003,0,1,0,
1473287455.633,,5.000000e+003,9.850114e+000,1.252799e-003,0.000000e+000,3.980924e-003,0.000000e+000,3,9.556813e-001,1.825000e+000,,,,,,,,,,,,,,,,,,0,5.000000e+000,5.000000e-001,2,1,2.159119e-003,0,1,0,
1473287475.711,,5.000000e+003,9.833036e+000,1.252884e-003,0.000000e+000,4.008332e-003,0.000000e+000,3,9.557825e-001,1.825000e+000,,,,,,,,,,,,,,,,,,0,5.000000e+000,5.000000e-001,2,1,3.523540e-002,0,1,0,
1473287488.924,,5.000000e+003,9.821589e+000,1.252904e-003,0.000000e+000,4.008714e-003,0.000000e+000,3,9.556876e-001,1.825000e+000,,,,,,,,,,,,,,,,,,0,5.000000e+000,5.000000e-001,2,1,3.756523e-003,0,1,0,
1473287613.149,,7.000000e+003,9.805244e+000,1.263708e-003,0.000000e+000,4.020452e-003,0.000000e+000,3,9.555176e-001,1.825000e+000,,,,,,,,,,,,,,,,,,0,5.000000e+000,5.000000e-001,2,1,4.815102e-003,0,1,0,
1473287626.114,,7.000000e+003,9.810999e+000,1.264162e-003,0.000000e+000,3.917558e-003,0.000000e+000,3,9.557686e-001,1.825000e+000,,,,,,,,,,,,,,,,,,0,5.000000e+000,5.000000e-001,2,1,2.409935e-003,0,1,0,
1473287638.328,,7.000000e+003,9.812605e+000,1.263491e-003,0.000000e+000,4.049598e-003,0.000000e+000,3,9.555010e-001,1.825000e+000,,,,,,,,,,,,,,,,,,0,5.000000e+000,5.000000e-001,2,1,2.409935e-003,0,0,0,
1473287649.833,,7.000000e+003,9.810865e+000,1.263339e-003,0.000000e+000,4.044431e-003,0.000000e+000,3,9.553744e-001,1.825000e+000,,,,,,,,,,,,,,,,,,0,5.000000e+000,5.000000e-001,2,1,1.607895e-003,0,0,0,
1473287767.344,,9.000000e+003,9.785492e+000,1.270809e-003,0.000000e+000,4.160254e-003,0.000000e+000,3,9.556811e-001,1.825000e+000,,,,,,,,,,,,,,,,,,0,5.000000e+000,5.000000e-001,2,1,4.263878e-003,0,0,0,
1473287779.987,,9.000000e+003,9.790289e+000,1.270742e-003,0.000000e+000,4.250056e-003,0.000000e+000,3,9.554610e-001,1.825000e+000,,,,,,,,,,,,,,,,,,0,5.000000e+000,5.000000e-001,2,1,5.340576e-004,0,0,0,
1473287791.309,,9.000000e+003,9.792957e+000,1.270926e-003,0.000000e+000,4.110893e-003,0.000000e+000,3,9.556491e-001,1.825000e+000,,,,,,,,,,,,,,,,,,0,5.000000e+000,5.000000e-001,2,1,1.069069e-003,0,0,0,
1473287803.774,,9.000000e+003,9.793623e+000,1.270791e-003,0.000000e+000,4.216593e-003,0.000000e+000,3,9.556056e-001,1.825000e+000,,,,,,,,,,,,,,,,,,0,5.000000e+000,5.000000e-001,2,1,1.335144e-003,0,0,0,
1473287924.749,,1.000000e+004,9.782030e+000,1.274637e-003,0.000000e+000,4.588831e-003,0.000000e+000,3,9.551981e-001,1.825000e+000,,,,,,,,,,,,,,,,,,0,5.000000e+000,5.000000e-001,2,1,5.324364e-003,0,0,0,
1473287937.963,,1.000000e+004,9.786158e+000,1.272977e-003,0.000000e+000,4.032322e-003,0.000000e+000,3,9.555449e-001,1.825000e+000,,,,,,,,,,,,,,,,,,0,5.000000e+000,5.000000e-001,2,1,7.991791e-004,0,0,0,
1473287951.451,,1.000000e+004,9.788289e+000,1.273361e-003,0.000000e+000,4.271653e-003,0.000000e+000,3,9.555020e-001,1.825000e+000,,,,,,,,,,,,,,,,,,0,5.000000e+000,5.000000e-001,2,1,8.010864e-004,0,0,0,
1473287964.916,,1.000000e+004,9.788290e+000,1.273709e-003,0.000000e+000,4.269634e-003,0.000000e+000,3,9.554711e-001,1.825000e+000,,,,,,,,,,,,,,,,,,0,5.000000e+000,5.000000e-001,2,1,1.333237e-003,0,0,0,
1473288131.954,,2.000000e+004,9.778835e+000,1.291682e-003,0.000000e+000,5.082765e-003,0.000000e+000,3,9.553402e-001,1.825000e+000,,,,,,,,,,,,,,,,,,0,5.000000e+000,5.000000e-001,2,1,4.788399e-003,0,0,0,
1473288145.362,,2.000000e+004,9.783495e+000,1.291669e-003,0.000000e+000,5.072562e-003,0.000000e+000,3,9.552778e-001,1.825000e+000,,,,,,,,,,,,,,,,,,0,5.000000e+000,5.000000e-001,2,1,2.396584e-003,0,0,0,
1473288159.934,,2.000000e+004,9.785758e+000,1.291473e-003,0.000000e+000,5.164586e-003,0.000000e+000,3,9.548212e-001,1.825000e+000,,,,,,,,,,,,,,,,,,0,5.000000e+000,5.000000e-001,2,1,5.340576e-004,0,1,0,
1473288172.148,,2.000000e+004,9.791892e+000,1.291654e-003,0.000000e+000,5.035679e-003,0.000000e+000,3,9.552943e-001,1.825000e+000,,,,,,,,,,,,,,,,,,0,5.000000e+000,5.000000e-001,2,1,1.066971e-002,0,1,0,
1473288334.128,,3.000000e+004,9.818502e+000,1.300694e-003,0.000000e+000,5.903659e-003,0.000000e+000,3,9.549094e-001,1.825000e+000,,,,,,,,,,,,,,,,,,0,5.000000e+000,5.000000e-001,2,1,3.486633e-003,0,1,0,
1473288346.092,,3.000000e+004,9.821588e+000,1.299363e-003,0.000000e+000,6.037764e-003,0.000000e+000,3,9.547035e-001,1.825000e+000,,,,,,,,,,,,,,,,,,0,5.000000e+000,5.000000e-001,2,1,2.683640e-003,0,1,0,
1473288357.358,,3.000000e+004,9.824406e+000,1.301333e-003,0.000000e+000,5.859934e-003,0.000000e+000,3,9.549460e-001,1.825000e+000,,,,,,,,,,,,,,,,,,0,5.000000e+000,5.000000e-001,2,1,8.049011e-004,0,1,0,
1473288370.076,,3.000000e+004,9.823601e+000,1.300378e-003,0.000000e+000,6.132817e-003,0.000000e+000,3,9.546977e-001,1.825000e+000,,,,,,,,,,,,,,,,,,0,5.000000e+000,5.000000e-001,2,1,2.414703e-003,0,1,0,
1473288536.843,,4.000000e+004,9.793891e+000,1.305025e-003,0.000000e+000,6.687427e-003,0.000000e+000,3,9.544795e-001,1.825000e+000,,,,,,,,,,,,,,,,,,0,5.000000e+000,5.000000e-001,2,1,4.003525e-003,0,0,0,
1473288548.819,,4.000000e+004,9.796827e+000,1.304687e-003,0.000000e+000,6.260849e-003,0.000000e+000,3,9.549161e-001,1.825000e+000,,,,,,,,,,,,,,,,,,0,5.000000e+000,5.000000e-001,2,1,1.335144e-003,0,0,0,
1473288561.302,,4.000000e+004,9.798830e+000,1.304337e-003,0.000000e+000,6.390912e-003,0.000000e+000,3,9.547068e-001,1.825000e+000,,,,,,,,,,,,,,,,,,0,5.000000e+000,5.000000e-001,2,1,1.067162e-003,0,0,0,
1473288573.767,,4.000000e+004,9.799363e+000,1.304360e-003,0.000000e+000,6.235101e-003,0.000000e+000,3,9.547356e-001,1.825000e+000,,,,,,,,,,,,,,,,,,0,5.000000e+000,5.000000e-001,2,1,0.000000e+000,0,0,0,
1473288747.940,,5.000000e+004,9.785759e+000,1.304845e-003,0.000000e+000,6.934573e-003,0.000000e+000,3,9.543621e-001,1.825000e+000,,,,,,,,,,,,,,,,,,0,5.000000e+000,5.000000e-001,2,1,2.131462e-003,0,0,0,
1473288759.442,,5.000000e+004,9.790556e+000,1.305056e-003,0.000000e+000,6.844339e-003,0.000000e+000,3,9.544815e-001,1.825000e+000,,,,,,,,,,,,,,,,,,0,5.000000e+000,5.000000e-001,2,1,3.198624e-003,0,0,0,
1473288771.764,,5.000000e+004,9.792556e+000,1.304814e-003,0.000000e+000,6.879632e-003,0.000000e+000,3,9.543981e-001,1.825000e+000,,,,,,,,,,,,,,,,,,0,5.000000e+000,5.000000e-001,2,1,2.670288e-004,0,0,0,
1473288783.729,,5.000000e+004,9.792955e+000,1.304619e-003,0.000000e+000,6.812977e-003,0.000000e+000,3,9.542394e-001,1.825000e+000,,,,,,,,,,,,,,,,,,0,5.000000e+000,5.000000e-001,2,1,5.331039e-004,0,0,0,
1473288954.959,,6.000000e+004,9.781364e+000,1.302449e-003,0.000000e+000,7.231405e-003,0.000000e+000,3,9.536666e-001,1.825000e+000,,,,,,,,,,,,,,,,,,0,5.000000e+000,5.000000e-001,2,1,5.057335e-003,0,0,0,
1473288967.926,,6.000000e+004,9.786824e+000,1.302862e-003,0.000000e+000,7.277094e-003,0.000000e+000,3,9.538066e-001,1.825000e+000,,,,,,,,,,,,,,,,,,0,5.000000e+000,5.000000e-001,2,1,2.666473e-003,0,0,0,
1473288980.640,,6.000000e+004,9.787889e+000,1.302800e-003,0.000000e+000,7.243759e-003,0.000000e+000,3,9.538203e-001,1.825000e+000,,,,,,,,,,,,,,,,,,0,5.000000e+000,5.000000e-001,2,1,0.000000e+000,0,0,0,
1473288994.105,,6.000000e+004,9.789757e+000,1.302652e-003,0.000000e+000,7.240152e-003,0.000000e+000,3,9.538321e-001,1.825000e+000,,,,,,,,,,,,,,,,,,0,5.000000e+000,5.000000e-001,2,1,0.000000e+000,0,0,0,
1473289157.584,,7.000000e+004,9.767277e+000,1.298231e-003,0.000000e+000,8.023001e-003,0.000000e+000,3,9.530955e-001,1.825000e+000,,,,,,,,,,,,,,,,,,0,5.000000e+000,5.000000e-001,2,1,5.573273e-003,0,1,0,
1473289168.853,,7.000000e+004,9.780304e+000,1.298201e-003,0.000000e+000,8.116892e-003,0.000000e+000,3,9.526135e-001,1.825000e+000,,,,,,,,,,,,,,,,,,0,5.000000e+000,5.000000e-001,2,1,1.357269e-002,0,1,0,
1473289181.567,,7.000000e+004,9.794159e+000,1.298366e-003,0.000000e+000,8.250740e-003,0.000000e+000,3,9.531094e-001,1.825000e+000,,,,,,,,,,,,,,,,,,0,5.000000e+000,5.000000e-001,2,1,8.805275e-003,0,1,0,
1473289194.032,,7.000000e+004,9.799231e+000,1.299004e-003,0.000000e+000,8.150338e-003,0.000000e+000,3,9.534560e-001,1.825000e+000,,,,,,,,,,,,,,,,,,0,5.000000e+000,5.000000e-001,2,1,2.939224e-003,0,1,0,
