[Header]
TITLE,MPMS RSO Measurement
BYAPP,MPMS Measurement,1.1,Summary
FILEOPENTIME, 1473245263.458000 9/7/2016, 10:47:43 PM

INFO, APPNAME, MPMS MultiVu Application, Revision 1.61,  Build 082

INFO, NAME, A344
INFO, WEIGHT, 10.500
INFO, AREA, 1.000
INFO, LENGTH, 1.000
INFO, SHAPE, 0
INFO, COMMENT, m = 0.0105g
INFO, SEQUENCE FILE: 7T_hysteresis_sweep_hi_res_zero_n4.seq


INFO, BACKGROUND DATA FILE:, None


STARTUPAXIS,X,4,LINEAR,AUTO,0.000000,0.000000
STARTUPAXIS,Y1,5,LINEAR,AUTO,0.000000,0.000000


STARTUPGROUP,Longitudinal
FIELDGROUP,Longitudinal,1,2,3,4,5,6,7,8,9,10,11,19,20,21,22,23,35
FIELDGROUP,Transverse,1,2,3,4,12,13,14,15,16,17,18,24,25,26,27,28,35

PLOT_APPEARANCE,ALL,HORZ_GRID_ON,VERT_GRID_ON,MARKERS_AND_LINES

[Data]
Time,Comment,Field (Oe),Temperature (K),Long Moment (emu),Long Scan Std Dev,Long Offset (cm),Long Offset Std Dev,Long Algorithm,Long Reg Fit,Long Reg Factor,Trans Moment (emu),Trans Scan Std Dev,Trans Offset (cm),Trans Offset Std Dev,Trans Algorithm,Trans Reg Fit,Trans Reg Factor,Long Moment [w/o ABS] (emu),Long Scan Std Dev [w/o ABS],Long Offset [w/o ABS] (cm),Long Offset Std Dev [w/o ABS],Long Reg Fit [w/o ABS],Trans Moment [w/o ABS] (emu),Trans Scan Std Dev [w/o ABS],Trans Offset [w/o ABS] (cm),Trans Offset Std Dev [w/o ABS],Trans Reg Fit [w/o ABS],RSO Position (deg),Amplitude (cm),Frequency,Cycles to Average,Scans per Measurement,Delta Temp (K),Error,EC Comp. Running,Using ABS,
1473245263.457,,7.000000e+004,7.514050e+001,6.859347e-004,0.000000e+000,2.162594e-002,0.000000e+000,3,9.220713e-001,1.825000e+000,,,,,,,,,,,,,,,,,,0,5.000000e+000,5.000000e-001,2,1,3.519440e-002,0,1,0,
1473245276.921,,7.000000e+004,7.510397e+001,6.895733e-004,0.000000e+000,2.195843e-002,0.000000e+000,3,9.259114e-001,1.825000e+000,,,,,,,,,,,,,,,,,,0,5.000000e+000,5.000000e-001,2,1,2.704620e-002,0,1,0,
1473245289.885,,7.000000e+004,7.507962e+001,6.925412e-004,0.000000e+000,2.085434e-002,0.000000e+000,3,9.241203e-001,1.825000e+000,,,,,,,,,,,,,,,,,,0,5.000000e+000,5.000000e-001,2,1,5.401611e-003,0,1,0,
1473245301.600,,7.000000e+004,7.507016e+001,6.865397e-004,0.000000e+000,1.890978e-002,0.000000e+000,3,9.252514e-001,1.825000e+000,,,,,,,,,,,,,,,,,,0,5.000000e+000,5.000000e-001,2,1,1.351929e-002,0,1,0,
1473245487.298,,6.000000e+004,7.499590e+001,6.618663e-004,0.000000e+000,2.244133e-002,0.000000e+000,3,9.228436e-001,1.825000e+000,,,,,,,,,,,,,,,,,,0,5.000000e+000,5.000000e-001,2,1,5.409241e-003,0,1,0,
1473245501.040,,6.000000e+004,7.500129e+001,6.636367e-004,0.000000e+000,1.927310e-002,0.000000e+000,3,9.257166e-001,1.825000e+000,,,,,,,,,,,,,,,,,,0,5.000000e+000,5.000000e-001,2,1,0.000000e+000,0,1,0,
1473245513.504,,6.000000e+004,7.500264e+001,6.682870e-004,0.000000e+000,1.643679e-002,0.000000e+000,3,9.228061e-001,1.825000e+000,,,,,,,,,,,,,,,,,,0,5.000000e+000,5.000000e-001,2,1,2.708435e-003,0,1,0,
1473245526.468,,6.000000e+004,7.499724e+001,6.631321e-004,0.000000e+000,2.154523e-002,0.000000e+000,3,9.263214e-001,1.825000e+000,,,,,,,,,,,,,,,,,,0,5.000000e+000,5.000000e-001,2,1,8.102417e-003,0,1,0,
1473245686.447,,5.000000e+004,7.499590e+001,6.353831e-004,0.000000e+000,1.948345e-002,0.000000e+000,3,9.196223e-001,1.825000e+000,,,,,,,,,,,,,,,,,,0,5.000000e+000,5.000000e-001,2,1,1.618958e-002,0,1,0,
1473245701.662,,5.000000e+004,7.500398e+001,6.331623e-004,0.000000e+000,1.337098e-002,0.000000e+000,3,9.172412e-001,1.825000e+000,,,,,,,,,,,,,,,,,,0,5.000000e+000,5.000000e-001,2,1,5.393982e-003,0,1,0,
1473245717.626,,5.000000e+004,7.499994e+001,6.295777e-004,0.000000e+000,2.136535e-002,0.000000e+000,3,9.124169e-001,1.825000e+000,,,,,,,,,,,,,,,,,,0,5.000000e+000,5.000000e-001,2,1,2.693176e-003,0,1,0,
1473245731.102,,5.000000e+004,7.499994e+001,6.325284e-004,0.000000e+000,1.956131e-002,0.000000e+000,3,9.243251e-001,1.825000e+000,,,,,,,,,,,,,,,,,,0,5.000000e+000,5.000000e-001,2,1,2.693176e-003,0,1,0,
1473245896.267,,4.000000e+004,7.499860e+001,5.908664e-004,0.000000e+000,1.872290e-002,0.000000e+000,3,9.166632e-001,1.825000e+000,,,,,,,,,,,,,,,,,,0,5.000000e+000,5.000000e-001,2,1,1.081085e-002,0,1,0,
1473245908.365,,4.000000e+004,7.499860e+001,5.900824e-004,0.000000e+000,1.509854e-002,0.000000e+000,3,9.174289e-001,1.825000e+000,,,,,,,,,,,,,,,,,,0,5.000000e+000,5.000000e-001,2,1,1.081085e-002,0,1,0,
1473245922.366,,4.000000e+004,7.499860e+001,5.916820e-004,0.000000e+000,1.723809e-002,0.000000e+000,3,9.163066e-001,1.825000e+000,,,,,,,,,,,,,,,,,,0,5.000000e+000,5.000000e-001,2,1,5.386353e-003,0,1,0,
1473245936.330,,4.000000e+004,7.499860e+001,5.871948e-004,0.000000e+000,1.591682e-002,0.000000e+000,3,9.193352e-001,1.825000e+000,,,,,,,,,,,,,,,,,,0,5.000000e+000,5.000000e-001,2,1,5.386353e-003,0,1,0,
1473246100.814,,3.000000e+004,7.499590e+001,5.350820e-004,0.000000e+000,1.262629e-002,0.000000e+000,3,9.064296e-001,1.825000e+000,,,,,,,,,,,,,,,,,,0,5.000000e+000,5.000000e-001,2,1,2.157593e-002,0,1,0,
1473246115.278,,3.000000e+004,7.499320e+001,5.347155e-004,0.000000e+000,1.534569e-002,0.000000e+000,3,9.101076e-001,1.825000e+000,,,,,,,,,,,,,,,,,,0,5.000000e+000,5.000000e-001,2,1,5.401611e-003,0,1,0,
1473246127.742,,3.000000e+004,7.500129e+001,5.352392e-004,0.000000e+000,1.503537e-002,0.000000e+000,3,9.079002e-001,1.825000e+000,,,,,,,,,,,,,,,,,,0,5.000000e+000,5.000000e-001,2,1,0.000000e+000,0,1,0,
1473246140.768,,3.000000e+004,7.499994e+001,5.358793e-004,0.000000e+000,1.534123e-002,0.000000e+000,3,9.074302e-001,1.825000e+000,,,,,,,,,,,,,,,,,,0,5.000000e+000,5.000000e-001,2,1,2.693176e-003,0,1,0,
1473246304.008,,2.000000e+004,7.499860e+001,4.511016e-004,0.000000e+000,1.208639e-002,0.000000e+000,3,8.927986e-001,1.825000e+000,,,,,,,,,,,,,,,,,,0,5.000000e+000,5.000000e-001,2,1,0.000000e+000,0,1,0,
1473246317.001,,2.000000e+004,7.499994e+001,4.517172e-004,0.000000e+000,1.155943e-002,0.000000e+000,3,8.936204e-001,1.825000e+000,,,,,,,,,,,,,,,,,,0,5.000000e+000,5.000000e-001,2,1,2.693176e-003,0,1,0,
1473246331.663,,2.000000e+004,7.500398e+001,4.513380e-004,0.000000e+000,9.655683e-003,0.000000e+000,3,8.942233e-001,1.825000e+000,,,,,,,,,,,,,,,,,,0,5.000000e+000,5.000000e-001,2,1,5.393982e-003,0,1,0,
1473246344.985,,2.000000e+004,7.500129e+001,4.520153e-004,0.000000e+000,1.181074e-002,0.000000e+000,3,8.938955e-001,1.825000e+000,,,,,,,,,,,,,,,,,,0,5.000000e+000,5.000000e-001,2,1,0.000000e+000,0,1,0,
1473246503.740,,1.000000e+004,7.499994e+001,3.105769e-004,0.000000e+000,3.264757e-003,0.000000e+000,3,8.504289e-001,1.825000e+000,,,,,,,,,,,,,,,,,,0,5.000000e+000,5.000000e-001,2,1,2.693176e-003,0,1,0,
1473246517.704,,1.000000e+004,7.499995e+001,3.100929e-004,0.000000e+000,2.975528e-003,0.000000e+000,3,8.515632e-001,1.825000e+000,,,,,,,,,,,,,,,,,,0,5.000000e+000,5.000000e-001,2,1,8.094788e-003,0,1,0,
1473246532.169,,1.000000e+004,7.500130e+001,3.104650e-004,0.000000e+000,3.919356e-003,0.000000e+000,3,8.515221e-001,1.825000e+000,,,,,,,,,,,,,,,,,,0,5.000000e+000,5.000000e-001,2,1,5.401611e-003,0,1,0,
1473246544.883,,1.000000e+004,7.500400e+001,3.107763e-004,0.000000e+000,3.429970e-003,0.000000e+000,3,8.485556e-001,1.825000e+000,,,,,,,,,,,,,,,,,,0,5.000000e+000,5.000000e-001,2,1,0.000000e+000,0,1,0,
1473246665.112,,9.000000e+003,7.499455e+001,2.900975e-004,0.000000e+000,1.047483e-003,0.000000e+000,3,8.378922e-001,1.825000e+000,,,,,,,,,,,,,,,,,,0,5.000000e+000,5.000000e-001,2,1,1.889038e-002,0,1,0,
1473246679.076,,9.000000e+003,7.499860e+001,2.902961e-004,0.000000e+000,2.322164e-003,0.000000e+000,3,8.425180e-001,1.825000e+000,,,,,,,,,,,,,,,,,,0,5.000000e+000,5.000000e-001,2,1,5.386353e-003,0,1,0,
1473246693.063,,9.000000e+003,7.499994e+001,2.897209e-004,0.000000e+000,2.732237e-003,0.000000e+000,3,8.393858e-001,1.825000e+000,,,,,,,,,,,,,,,,,,0,5.000000e+000,5.000000e-001,2,1,2.693176e-003,0,1,0,
1473246705.527,,9.000000e+003,7.499725e+001,2.905228e-004,0.000000e+000,1.834628e-003,0.000000e+000,3,8.422266e-001,1.825000e+000,,,,,,,,,,,,,,,,,,0,5.000000e+000,5.000000e-001,2,1,2.693176e-003,0,1,0,
1473246830.503,,7.000000e+003,7.499994e+001,2.416571e-004,0.000000e+000,-3.061310e-003,0.000000e+000,3,8.140301e-001,1.825000e+000,,,,,,,,,,,,,,,,,,0,5.000000e+000,5.000000e-001,2,1,2.693176e-003,0,1,0,
1473246842.967,,7.000000e+003,7.500264e+001,2.413269e-004,0.000000e+000,-2.267944e-003,0.000000e+000,3,8.131939e-001,1.825000e+000,,,,,,,,,,,,,,,,,,0,5.000000e+000,5.000000e-001,2,1,2.708435e-003,0,1,0,
1473246855.212,,7.000000e+003,7.498647e+001,2.412076e-004,0.000000e+000,-2.117180e-003,0.000000e+000,3,8.134223e-001,1.825000e+000,,,,,,,,,,,,,,,,,,0,5.000000e+000,5.000000e-001,2,1,4.585266e-002,0,1,0,
1473246869.676,,7.000000e+003,7.500264e+001,2.415398e-004,0.000000e+000,-2.763034e-003,0.000000e+000,3,8.141091e-001,1.825000e+000,,,,,,,,,,,,,,,,,,0,5.000000e+000,5.000000e-001,2,1,8.087158e-003,0,1,0,
1473246993.656,,5.000000e+003,7.499455e+001,1.811565e-004,0.000000e+000,-1.370754e-002,0.000000e+000,3,7.540614e-001,1.825000e+000,,,,,,,,,,,,,,,,,,0,5.000000e+000,5.000000e-001,2,1,1.889038e-002,0,1,0,
1473247007.812,,5.000000e+003,7.500400e+001,1.815156e-004,0.000000e+000,-1.292392e-002,0.000000e+000,3,7.562175e-001,1.825000e+000,,,,,,,,,,,,,,,,,,0,5.000000e+000,5.000000e-001,2,1,0.000000e+000,0,1,0,
1473247020.821,,5.000000e+003,7.499860e+001,1.811150e-004,0.000000e+000,-1.210828e-002,0.000000e+000,3,7.544668e-001,1.825000e+000,,,,,,,,,,,,,,,,,,0,5.000000e+000,5.000000e-001,2,1,5.386353e-003,0,1,0,
1473247034.393,,5.000000e+003,7.499725e+001,1.817430e-004,0.000000e+000,-1.345000e-002,0.000000e+000,3,7.573596e-001,1.825000e+000,,,,,,,,,,,,,,,,,,0,5.000000e+000,5.000000e-001,2,1,1.349640e-002,0,1,0,
1473247156.868,,3.000000e+003,7.499725e+001,1.056323e-004,0.000000e+000,-4.473963e-002,0.000000e+000,3,6.039539e-001,1.825000e+000,,,,,,,,,,,,,,,,,,0,5.000000e+000,5.000000e-001,2,1,1.349640e-002,0,1,0,
1473247168.832,,3.000000e+003,7.499455e+001,1.050468e-004,0.000000e+000,-4.767392e-002,0.000000e+000,3,5.971321e-001,1.825000e+000,,,,,,,,,,,,,,,,,,0,5.000000e+000,5.000000e-001,2,1,8.094788e-003,0,1,0,
1473247180.606,,3.000000e+003,7.499860e+001,1.057133e-004,0.000000e+000,-4.587733e-002,0.000000e+000,3,6.078147e-001,1.825000e+000,,,,,,,,,,,,,,,,,,0,5.000000e+000,5.000000e-001,2,1,0.000000e+000,0,1,0,
1473247195.820,,3.000000e+003,7.499725e+001,1.056410e-004,0.000000e+000,-4.532095e-002,0.000000e+000,3,6.057208e-001,1.825000e+000,,,,,,,,,,,,,,,,,,0,5.000000e+000,5.000000e-001,2,1,2.693176e-003,0,1,0,
1473247332.264,,1.000000e+003,7.500130e+001,2.984005e-005,0.000000e+000,-1.256808e+000,0.000000e+000,3,5.904025e-002,1.825000e+000,,,,,,,,,,,,,,,,,,0,5.000000e+000,5.000000e-001,2,1,5.401611e-003,0,1,0,
1473247347.478,,1.000000e+003,7.499455e+001,2.966804e-005,0.000000e+000,-1.230556e+000,0.000000e+000,3,6.546694e-002,1.825000e+000,,,,,,,,,,,,,,,,,,0,5.000000e+000,5.000000e-001,2,1,8.094788e-003,0,1,0,
1473247360.442,,1.000000e+003,7.499994e+001,2.955131e-005,0.000000e+000,-1.254441e+000,0.000000e+000,3,5.108776e-002,1.825000e+000,,,,,,,,,,,,,,,,,,0,5.000000e+000,5.000000e-001,2,1,2.693176e-003,0,1,0,
1473247373.915,,1.000000e+003,7.499994e+001,2.932597e-005,0.000000e+000,-1.252171e+000,0.000000e+000,3,5.382315e-002,1.825000e+000,,,,,,,,,,,,,,,,,,0,5.000000e+000,5.000000e-001,2,1,2.693176e-003,0,1,0,
1473247503.141,,7.000000e+002,7.499319e+001,5.614334e-006,0.000000e+000,0.000000e+000,0.000000e+000,3,0.000000e+000,1.825000e+000,,,,,,,,,,,,,,,,,,0,5.000000e+000,5.000000e-001,2,1,1.618195e-002,0,1,0,
1473247516.855,,7.000000e+002,7.499590e+001,6.327426e-006,0.000000e+000,0.000000e+000,0.000000e+000,3,0.000000e+000,1.825000e+000,,,,,,,,,,,,,,,,,,0,5.000000e+000,5.000000e-001,2,1,1.618958e-002,0,1,0,
1473247529.569,,7.000000e+002,7.499725e+001,5.947933e-006,0.000000e+000,0.000000e+000,0.000000e+000,3,0.000000e+000,1.825000e+000,,,,,,,,,,,,,,,,,,0,5.000000e+000,5.000000e-001,2,1,2.693176e-003,0,1,0,
1473247544.788,,7.000000e+002,7.499994e+001,5.854139e-006,0.000000e+000,0.000000e+000,0.000000e+000,3,0.000000e+000,1.825000e+000,,,,,,,,,,,,,,,,,,0,5.000000e+000,5.000000e-001,2,1,2.693176e-003,0,1,0,
1473247662.053,,6.000000e+002,7.499995e+001,1.922376e-006,0.000000e+000,0.000000e+000,0.000000e+000,3,0.000000e+000,1.825000e+000,,,,,,,,,,,,,,,,,,0,5.000000e+000,5.000000e-001,2,1,8.094788e-003,0,1,0,
1473247675.517,,6.000000e+002,7.499590e+001,3.021649e-006,0.000000e+000,0.000000e+000,0.000000e+000,3,0.000000e+000,1.825000e+000,,,,,,,,,,,,,,,,,,0,5.000000e+000,5.000000e-001,2,1,0.000000e+000,0,1,0,
1473247688.481,,6.000000e+002,7.499994e+001,2.698041e-006,0.000000e+000,0.000000e+000,0.000000e+000,3,0.000000e+000,1.825000e+000,,,,,,,,,,,,,,,,,,0,5.000000e+000,5.000000e-001,2,1,2.693176e-003,0,1,0,
1473247701.696,,6.000000e+002,7.499860e+001,2.370226e-006,0.000000e+000,0.000000e+000,0.000000e+000,3,0.000000e+000,1.825000e+000,,,,,,,,,,,,,,,,,,0,5.000000e+000,5.000000e-001,2,1,0.000000e+000,0,1,0,
1473247826.207,,5.000000e+002,7.499860e+001,4.937843e-007,0.000000e+000,0.000000e+000,0.000000e+000,3,0.000000e+000,1.825000e+000,,,,,,,,,,,,,,,,,,0,5.000000e+000,5.000000e-001,2,1,5.386353e-003,0,1,0,
1473247838.925,,5.000000e+002,7.499860e+001,-2.535196e-009,0.000000e+000,0.000000e+000,0.000000e+000,3,0.000000e+000,1.825000e+000,,,,,,,,,,,,,,,,,,0,5.000000e+000,5.000000e-001,2,1,0.000000e+000,0,1,0,
1473247855.575,,5.000000e+002,7.499994e+001,3.033312e-007,0.000000e+000,0.000000e+000,0.000000e+000,3,0.000000e+000,1.825000e+000,,,,,,,,,,,,,,,,,,0,5.000000e+000,5.000000e-001,2,1,2.693176e-003,0,1,0,
1473247870.648,,5.000000e+002,7.499994e+001,4.288423e-007,0.000000e+000,0.000000e+000,0.000000e+000,3,0.000000e+000,1.825000e+000,,,,,,,,,,,,,,,,,,0,5.000000e+000,5.000000e-001,2,1,2.693176e-003,0,1,0,
1473247992.373,,4.000000e+002,7.500534e+001,-8.559044e-007,0.000000e+000,0.000000e+000,0.000000e+000,3,0.000000e+000,1.825000e+000,,,,,,,,,,,,,,,,,,0,5.000000e+000,5.000000e-001,2,1,2.429962e-002,0,1,0,
1473248006.837,,4.000000e+002,7.500670e+001,-1.606166e-006,0.000000e+000,0.000000e+000,0.000000e+000,3,0.000000e+000,1.825000e+000,,,,,,,,,,,,,,,,,,0,5.000000e+000,5.000000e-001,2,1,1.619720e-002,0,1,0,
1473248022.052,,4.000000e+002,7.499860e+001,-1.480430e-006,0.000000e+000,0.000000e+000,0.000000e+000,3,0.000000e+000,1.825000e+000,,,,,,,,,,,,,,,,,,0,5.000000e+000,5.000000e-001,2,1,0.000000e+000,0,1,0,
1473248034.297,,4.000000e+002,7.499994e+001,-1.353091e-006,0.000000e+000,0.000000e+000,0.000000e+000,3,0.000000e+000,1.825000e+000,,,,,,,,,,,,,,,,,,0,5.000000e+000,5.000000e-001,2,1,2.693176e-003,0,1,0,
1473248156.026,,3.000000e+002,7.499049e+001,-2.948915e-006,0.000000e+000,7.853565e-002,0.000000e+000,3,0.000000e+000,1.825000e+000,,,,,,,,,,,,,,,,,,0,5.000000e+000,5.000000e-001,2,1,5.378723e-003,0,1,0,
1473248167.925,,3.000000e+002,7.499725e+001,-1.892560e-006,0.000000e+000,0.000000e+000,0.000000e+000,3,0.000000e+000,1.825000e+000,,,,,,,,,,,,,,,,,,0,5.000000e+000,5.000000e-001,2,1,2.693176e-003,0,1,0,
1473248179.748,,3.000000e+002,7.499725e+001,-2.405204e-006,0.000000e+000,0.000000e+000,0.000000e+000,3,0.000000e+000,1.825000e+000,,,,,,,,,,,,,,,,,,0,5.000000e+000,5.000000e-001,2,1,2.693176e-003,0,1,0,
1473248193.246,,3.000000e+002,7.499454e+001,-2.551896e-006,0.000000e+000,0.000000e+000,0.000000e+000,3,0.000000e+000,1.825000e+000,,,,,,,,,,,,,,,,,,0,5.000000e+000,5.000000e-001,2,1,2.716064e-003,0,1,0,
1473248313.721,,2.000000e+002,7.499860e+001,-2.462361e-006,0.000000e+000,7.618390e-001,0.000000e+000,3,0.000000e+000,1.825000e+000,,,,,,,,,,,,,,,,,,0,5.000000e+000,5.000000e-001,2,1,1.081085e-002,0,1,0,
1473248326.935,,2.000000e+002,7.500130e+001,-2.547445e-006,0.000000e+000,1.315440e-002,0.000000e+000,3,0.000000e+000,1.825000e+000,,,,,,,,,,,,,,,,,,0,5.000000e+000,5.000000e-001,2,1,5.401611e-003,0,1,0,
1473248339.649,,2.000000e+002,7.500130e+001,1.618162e-005,0.000000e+000,-1.400080e+000,0.000000e+000,3,6.072184e-001,1.825000e+000,,,,,,,,,,,,,,,,,,0,5.000000e+000,5.000000e-001,2,1,5.401611e-003,0,1,0,
1473248351.114,,2.000000e+002,7.499994e+001,-2.762975e-006,0.000000e+000,-4.084619e-002,0.000000e+000,3,0.000000e+000,1.825000e+000,,,,,,,,,,,,,,,,,,0,5.000000e+000,5.000000e-001,2,1,2.693176e-003,0,1,0,
1473248460.842,,1.800000e+002,7.500670e+001,-2.257511e-006,0.000000e+000,-1.190993e-001,0.000000e+000,3,0.000000e+000,1.825000e+000,,,,,,,,,,,,,,,,,,0,5.000000e+000,5.000000e-001,2,1,5.393982e-003,0,1,0,
1473248475.056,,1.800000e+002,7.500534e+001,-2.546793e-006,0.000000e+000,-6.603879e-002,0.000000e+000,3,0.000000e+000,1.825000e+000,,,,,,,,,,,,,,,,,,0,5.000000e+000,5.000000e-001,2,1,2.685547e-003,0,1,0,
1473248489.770,,1.800000e+002,7.500130e+001,-2.919366e-006,0.000000e+000,0.000000e+000,0.000000e+000,3,0.000000e+000,1.825000e+000,,,,,,,,,,,,,,,,,,0,5.000000e+000,5.000000e-001,2,1,5.401611e-003,0,1,0,
1473248504.686,,1.800000e+002,7.499860e+001,-2.585817e-006,0.000000e+000,-8.474138e-002,0.000000e+000,3,0.000000e+000,1.825000e+000,,,,,,,,,,,,,,,,,,0,5.000000e+000,5.000000e-001,2,1,0.000000e+000,0,1,0,
1473248621.519,,1.600000e+002,7.498915e+001,-1.891851e-006,0.000000e+000,-1.333549e-001,0.000000e+000,3,0.000000e+000,1.825000e+000,,,,,,,,,,,,,,,,,,0,5.000000e+000,5.000000e-001,2,1,2.427673e-002,0,1,0,
1473248635.766,,1.600000e+002,7.499320e+001,-2.582230e-006,0.000000e+000,0.000000e+000,0.000000e+000,3,0.000000e+000,1.825000e+000,,,,,,,,,,,,,,,,,,0,5.000000e+000,5.000000e-001,2,1,5.401611e-003,0,1,0,
1473248647.230,,1.600000e+002,7.499320e+001,-2.624865e-006,0.000000e+000,1.492001e-002,0.000000e+000,3,0.000000e+000,1.825000e+000,,,,,,,,,,,,,,,,,,0,5.000000e+000,5.000000e-001,2,1,5.401611e-003,0,1,0,
1473248659.950,,1.600000e+002,7.499725e+001,-2.319906e-006,0.000000e+000,-6.323233e-002,0.000000e+000,3,0.000000e+000,1.825000e+000,,,,,,,,,,,,,,,,,,0,5.000000e+000,5.000000e-001,2,1,2.693176e-003,0,1,0,
1473248775.179,,1.400000e+002,7.500130e+001,-3.187432e-006,0.000000e+000,4.519037e-002,0.000000e+000,3,0.000000e+000,1.825000e+000,,,,,,,,,,,,,,,,,,0,5.000000e+000,5.000000e-001,2,1,5.401611e-003,0,1,0,
1473248789.893,,1.400000e+002,7.500129e+001,-2.663421e-006,0.000000e+000,-3.491715e-002,0.000000e+000,3,0.000000e+000,1.825000e+000,,,,,,,,,,,,,,,,,,0,5.000000e+000,5.000000e-001,2,1,0.000000e+000,0,1,0,
1473248802.858,,1.400000e+002,7.500130e+001,-3.387258e-006,0.000000e+000,1.229939e+000,0.000000e+000,3,0.000000e+000,1.825000e+000,,,,,,,,,,,,,,,,,,0,5.000000e+000,5.000000e-001,2,1,5.401611e-003,0,1,0,
1473248815.822,,1.400000e+002,7.499725e+001,-2.624078e-006,0.000000e+000,-3.182952e-002,0.000000e+000,3,0.000000e+000,1.825000e+000,,,,,,,,,,,,,,,,,,0,5.000000e+000,5.000000e-001,2,1,2.693176e-003,0,1,0,
1473248931.297,,1.200000e+002,7.500534e+001,-2.796728e-006,0.000000e+000,0.000000e+000,0.000000e+000,3,0.000000e+000,1.825000e+000,,,,,,,,,,,,,,,,,,0,5.000000e+000,5.000000e-001,2,1,1.349640e-002,0,1,0,
1473248944.011,,1.200000e+002,7.498376e+001,-2.825167e-006,0.000000e+000,-2.971138e-002,0.000000e+000,3,0.000000e+000,1.825000e+000,,,,,,,,,,,,,,,,,,0,5.000000e+000,5.000000e-001,2,1,3.505707e-002,0,1,0,
1473248968.992,,1.200000e+002,7.499590e+001,-3.257434e-006,0.000000e+000,3.727502e-002,0.000000e+000,3,0.000000e+000,1.825000e+000,,,,,,,,,,,,,,,,,,0,5.000000e+000,5.000000e-001,2,1,1.078796e-002,0,1,0,
1473248980.957,,1.200000e+002,7.500129e+001,9.793314e-006,0.000000e+000,-1.235642e+000,0.000000e+000,3,5.823721e-001,1.825000e+000,,,,,,,,,,,,,,,,,,0,5.000000e+000,5.000000e-001,2,1,0.000000e+000,0,1,0,
1473249088.934,,1.000000e+002,7.500938e+001,-2.585305e-006,0.000000e+000,-4.605978e-002,0.000000e+000,3,0.000000e+000,1.825000e+000,,,,,,,,,,,,,,,,,,0,5.000000e+000,5.000000e-001,2,1,1.619720e-002,0,1,0,
1473249104.149,,1.000000e+002,7.499319e+001,-2.571639e-006,0.000000e+000,-9.156633e-002,0.000000e+000,3,0.000000e+000,1.825000e+000,,,,,,,,,,,,,,,,,,0,5.000000e+000,5.000000e-001,2,1,0.000000e+000,0,1,0,
1473249117.613,,1.000000e+002,7.499454e+001,-2.405045e-006,0.000000e+000,4.961825e-002,0.000000e+000,3,0.000000e+000,1.825000e+000,,,,,,,,,,,,,,,,,,0,5.000000e+000,5.000000e-001,2,1,2.716064e-003,0,1,0,
1473249131.078,,1.000000e+002,7.499725e+001,9.366737e-006,0.000000e+000,-1.445361e+000,0.000000e+000,3,6.502427e-001,1.825000e+000,,,,,,,,,,,,,,,,,,0,5.000000e+000,5.000000e-001,2,1,2.693176e-003,0,1,0,
1473249239.801,,8.000000e+001,7.499994e+001,-1.255263e-006,0.000000e+000,-1.603874e-001,0.000000e+000,3,0.000000e+000,1.825000e+000,,,,,,,,,,,,,,,,,,0,5.000000e+000,5.000000e-001,2,1,2.693176e-003,0,1,0,
1473249254.784,,8.000000e+001,7.499860e+001,-1.511888e-006,0.000000e+000,3.775645e-002,0.000000e+000,3,0.000000e+000,1.825000e+000,,,,,,,,,,,,,,,,,,0,5.000000e+000,5.000000e-001,2,1,0.000000e+000,0,1,0,
1473249268.498,,8.000000e+001,7.499860e+001,2.413599e-007,0.000000e+000,2.332004e+000,0.000000e+000,3,0.000000e+000,1.825000e+000,,,,,,,,,,,,,,,,,,0,5.000000e+000,5.000000e-001,2,1,0.000000e+000,0,1,0,
1473249281.741,,8.000000e+001,7.500130e+001,-2.213801e-006,0.000000e+000,7.233361e-002,0.000000e+000,3,0.000000e+000,1.825000e+000,,,,,,,,,,,,,,,,,,0,5.000000e+000,5.000000e-001,2,1,5.401611e-003,0,1,0,
1473249390.969,,6.000000e+001,7.499860e+001,-2.272036e-006,0.000000e+000,-8.625428e-002,0.000000e+000,3,0.000000e+000,1.825000e+000,,,,,,,,,,,,,,,,,,0,5.000000e+000,5.000000e-001,2,1,1.081085e-002,0,1,0,
1473249403.964,,6.000000e+001,7.499724e+001,-2.281479e-006,0.000000e+000,9.358264e-002,0.000000e+000,3,0.000000e+000,1.825000e+000,,,,,,,,,,,,,,,,,,0,5.000000e+000,5.000000e-001,2,1,8.102417e-003,0,1,0,
1473249420.678,,6.000000e+001,7.499590e+001,-1.643049e-006,0.000000e+000,1.820627e-002,0.000000e+000,3,0.000000e+000,1.825000e+000,,,,,,,,,,,,,,,,,,0,5.000000e+000,5.000000e-001,2,1,0.000000e+000,0,1,0,
1473249434.393,,6.000000e+001,7.499995e+001,-1.479799e-006,0.000000e+000,2.732667e-002,0.000000e+000,3,0.000000e+000,1.825000e+000,,,,,,,,,,,,,,,,,,0,5.000000e+000,5.000000e-001,2,1,8.094788e-003,0,1,0,
1473249551.312,,4.000000e+001,7.499725e+001,-1.317150e-006,0.000000e+000,-3.179006e-002,0.000000e+000,3,0.000000e+000,1.825000e+000,,,,,,,,,,,,,,,,,,0,5.000000e+000,5.000000e-001,2,1,2.428436e-002,0,1,0,
1473249564.325,,4.000000e+001,7.500669e+001,-9.676899e-007,0.000000e+000,-1.064140e-001,0.000000e+000,3,0.000000e+000,1.825000e+000,,,,,,,,,,,,,,,,,,0,5.000000e+000,5.000000e-001,2,1,1.080322e-002,0,1,0,
1473249578.665,,4.000000e+001,7.500130e+001,-1.041510e-006,0.000000e+000,2.936723e-002,0.000000e+000,3,0.000000e+000,1.825000e+000,,,,,,,,,,,,,,,,,,0,5.000000e+000,5.000000e-001,2,1,5.401611e-003,0,1,0,
1473249604.685,,4.000000e+001,7.500264e+001,-1.221939e-006,0.000000e+000,7.182523e-002,0.000000e+000,3,0.000000e+000,1.825000e+000,,,,,,,,,,,,,,,,,,0,5.000000e+000,5.000000e-001,2,1,2.708435e-003,0,1,0,
1473249741.928,,2.000000e+001,7.499590e+001,-1.345503e-006,0.000000e+000,-1.224919e-001,0.000000e+000,3,0.000000e+000,1.825000e+000,,,,,,,,,,,,,,,,,,0,5.000000e+000,5.000000e-001,2,1,0.000000e+000,0,1,0,
1473249754.142,,2.000000e+001,7.499995e+001,-1.567504e-006,0.000000e+000,6.502491e-002,0.000000e+000,3,4.403461e-002,1.825000e+000,,,,,,,,,,,,,,,,,,0,5.000000e+000,5.000000e-001,2,1,8.094788e-003,0,1,0,
1473249768.400,,2.000000e+001,7.500264e+001,-5.178654e-007,0.000000e+000,5.295061e-001,0.000000e+000,3,0.000000e+000,1.825000e+000,,,,,,,,,,,,,,,,,,0,5.000000e+000,5.000000e-001,2,1,8.087158e-003,0,1,0,
1473249782.365,,2.000000e+001,7.500264e+001,-8.769906e-007,0.000000e+000,2.358690e-001,0.000000e+000,3,0.000000e+000,1.825000e+000,,,,,,,,,,,,,,,,,,0,5.000000e+000,5.000000e-001,2,1,2.708435e-003,0,1,0,
1473249897.589,,0.000000e+000,7.500670e+001,-1.641490e-006,0.000000e+000,2.895673e-001,0.000000e+000,3,1.605269e-001,1.825000e+000,,,,,,,,,,,,,,,,,,0,5.000000e+000,5.000000e-001,2,1,5.393982e-003,0,1,0,
1473249910.053,,0.000000e+000,7.499995e+001,-1.106476e-006,0.000000e+000,2.238988e-001,0.000000e+000,3,4.656859e-001,1.825000e+000,,,,,,,,,,,,,,,,,,0,5.000000e+000,5.000000e-001,2,1,8.094788e-003,0,1,0,
1473249923.518,,0.000000e+000,7.500264e+001,-8.017507e-007,0.000000e+000,2.925688e-001,0.000000e+000,3,2.732945e-001,1.825000e+000,,,,,,,,,,,,,,,,,,0,5.000000e+000,5.000000e-001,2,1,2.708435e-003,0,1,0,
1473249947.450,,0.000000e+000,7.500264e+001,-9.539675e-007,0.000000e+000,1.520319e-001,0.000000e+000,3,2.275808e-001,1.825000e+000,,,,,,,,,,,,,,,,,,0,5.000000e+000,5.000000e-001,2,1,2.708435e-003,0,1,0,
1473250087.539,,-2.000000e+001,7.499994e+001,-7.330716e-007,0.000000e+000,-1.397382e+000,0.000000e+000,3,0.000000e+000,1.825000e+000,,,,,,,,,,,,,,,,,,0,5.000000e+000,5.000000e-001,2,1,2.693176e-003,0,1,0,
1473250102.436,,-2.000000e+001,7.499994e+001,-8.866064e-007,0.000000e+000,-1.330778e+000,0.000000e+000,3,0.000000e+000,1.825000e+000,,,,,,,,,,,,,,,,,,0,5.000000e+000,5.000000e-001,2,1,2.693176e-003,0,1,0,
1473250116.763,,-2.000000e+001,7.499860e+001,-1.278287e-006,0.000000e+000,-3.642983e-001,0.000000e+000,3,0.000000e+000,1.825000e+000,,,,,,,,,,,,,,,,,,0,5.000000e+000,5.000000e-001,2,1,5.386353e-003,0,1,0,
1473250132.675,,-2.000000e+001,7.500130e+001,-8.776255e-007,0.000000e+000,-1.085703e+000,0.000000e+000,3,6.361167e-002,1.825000e+000,,,,,,,,,,,,,,,,,,0,5.000000e+000,5.000000e-001,2,1,5.401611e-003,0,1,0,
1473250241.511,,-4.000000e+001,7.500264e+001,-3.361018e-007,0.000000e+000,0.000000e+000,0.000000e+000,3,0.000000e+000,1.825000e+000,,,,,,,,,,,,,,,,,,0,5.000000e+000,5.000000e-001,2,1,2.708435e-003,0,1,0,
1473250255.475,,-4.000000e+001,7.500264e+001,-1.345392e-007,0.000000e+000,0.000000e+000,0.000000e+000,3,0.000000e+000,1.825000e+000,,,,,,,,,,,,,,,,,,0,5.000000e+000,5.000000e-001,2,1,2.708435e-003,0,1,0,
1473250268.939,,-4.000000e+001,7.499590e+001,4.456332e-007,0.000000e+000,-3.353811e-001,0.000000e+000,3,0.000000e+000,1.825000e+000,,,,,,,,,,,,,,,,,,0,5.000000e+000,5.000000e-001,2,1,0.000000e+000,0,1,0,
1473250282.654,,-4.000000e+001,7.499725e+001,-1.675625e-007,0.000000e+000,0.000000e+000,0.000000e+000,3,0.000000e+000,1.825000e+000,,,,,,,,,,,,,,,,,,0,5.000000e+000,5.000000e-001,2,1,2.693176e-003,0,1,0,
1473250391.628,,-6.000000e+001,7.500398e+001,-3.162160e-007,0.000000e+000,0.000000e+000,0.000000e+000,3,0.000000e+000,1.825000e+000,,,,,,,,,,,,,,,,,,0,5.000000e+000,5.000000e-001,2,1,5.393982e-003,0,1,0,
1473250404.592,,-6.000000e+001,7.500129e+001,-6.573244e-008,0.000000e+000,0.000000e+000,0.000000e+000,3,0.000000e+000,1.825000e+000,,,,,,,,,,,,,,,,,,0,5.000000e+000,5.000000e-001,2,1,0.000000e+000,0,1,0,
1473250418.502,,-6.000000e+001,7.500265e+001,-5.553838e-008,0.000000e+000,0.000000e+000,0.000000e+000,3,0.000000e+000,1.825000e+000,,,,,,,,,,,,,,,,,,0,5.000000e+000,5.000000e-001,2,1,1.348877e-002,0,1,0,
1473250431.325,,-6.000000e+001,7.499995e+001,-4.449101e-008,0.000000e+000,0.000000e+000,0.000000e+000,3,0.000000e+000,1.825000e+000,,,,,,,,,,,,,,,,,,0,5.000000e+000,5.000000e-001,2,1,8.094788e-003,0,1,0,
1473250545.107,,-8.000000e+001,7.499860e+001,4.157523e-007,0.000000e+000,0.000000e+000,0.000000e+000,3,0.000000e+000,1.825000e+000,,,,,,,,,,,,,,,,,,0,5.000000e+000,5.000000e-001,2,1,1.081085e-002,0,1,0,
1473250557.850,,-8.000000e+001,7.500670e+001,1.492907e-007,0.000000e+000,0.000000e+000,0.000000e+000,3,0.000000e+000,1.825000e+000,,,,,,,,,,,,,,,,,,0,5.000000e+000,5.000000e-001,2,1,5.393982e-003,0,1,0,
1473250570.064,,-8.000000e+001,7.500130e+001,3.201302e-007,0.000000e+000,0.000000e+000,0.000000e+000,3,0.000000e+000,1.825000e+000,,,,,,,,,,,,,,,,,,0,5.000000e+000,5.000000e-001,2,1,5.401611e-003,0,1,0,
1473250584.529,,-8.000000e+001,7.499860e+001,-1.034606e-007,0.000000e+000,0.000000e+000,0.000000e+000,3,0.000000e+000,1.825000e+000,,,,,,,,,,,,,,,,,,0,5.000000e+000,5.000000e-001,2,1,1.081085e-002,0,1,0,
1473250692.691,,-1.000000e+002,7.500534e+001,-2.135797e-007,0.000000e+000,0.000000e+000,0.000000e+000,3,0.000000e+000,1.825000e+000,,,,,,,,,,,,,,,,,,0,5.000000e+000,5.000000e-001,2,1,8.102417e-003,0,1,0,
1473250705.013,,-1.000000e+002,7.499994e+001,8.775771e-007,0.000000e+000,0.000000e+000,0.000000e+000,3,0.000000e+000,1.825000e+000,,,,,,,,,,,,,,,,,,0,5.000000e+000,5.000000e-001,2,1,2.693176e-003,0,1,0,
1473250716.977,,-1.000000e+002,7.500129e+001,3.910612e-007,0.000000e+000,0.000000e+000,0.000000e+000,3,0.000000e+000,1.825000e+000,,,,,,,,,,,,,,,,,,0,5.000000e+000,5.000000e-001,2,1,0.000000e+000,0,1,0,
1473250731.476,,-1.000000e+002,7.500130e+001,4.954959e-007,0.000000e+000,0.000000e+000,0.000000e+000,3,0.000000e+000,1.825000e+000,,,,,,,,,,,,,,,,,,0,5.000000e+000,5.000000e-001,2,1,5.401611e-003,0,1,0,
1473250845.479,,-1.200000e+002,7.500264e+001,-9.575828e-006,0.000000e+000,-1.397720e+000,0.000000e+000,3,5.009762e-001,1.825000e+000,,,,,,,,,,,,,,,,,,0,5.000000e+000,5.000000e-001,2,1,8.087158e-003,0,1,0,
1473250858.693,,-1.200000e+002,7.500130e+001,1.506948e-006,0.000000e+000,7.684919e-001,0.000000e+000,3,0.000000e+000,1.825000e+000,,,,,,,,,,,,,,,,,,0,5.000000e+000,5.000000e-001,2,1,1.078033e-002,0,1,0,
1473250871.677,,-1.200000e+002,7.499185e+001,-9.023647e-006,0.000000e+000,-1.349216e+000,0.000000e+000,3,5.375474e-001,1.825000e+000,,,,,,,,,,,,,,,,,,0,5.000000e+000,5.000000e-001,2,1,1.348877e-002,0,1,0,
1473250885.141,,-1.200000e+002,7.500130e+001,4.890237e-007,0.000000e+000,0.000000e+000,0.000000e+000,3,0.000000e+000,1.825000e+000,,,,,,,,,,,,,,,,,,0,5.000000e+000,5.000000e-001,2,1,5.401611e-003,0,1,0,
1473250993.881,,-1.400000e+002,7.499995e+001,9.566455e-007,0.000000e+000,0.000000e+000,0.000000e+000,3,0.000000e+000,1.825000e+000,,,,,,,,,,,,,,,,,,0,5.000000e+000,5.000000e-001,2,1,8.094788e-003,0,1,0,
1473251008.095,,-1.400000e+002,7.499994e+001,1.234242e-006,0.000000e+000,0.000000e+000,0.000000e+000,3,0.000000e+000,1.825000e+000,,,,,,,,,,,,,,,,,,0,5.000000e+000,5.000000e-001,2,1,2.693176e-003,0,1,0,
1473251022.810,,-1.400000e+002,7.499860e+001,-1.085411e-005,0.000000e+000,-1.374107e+000,0.000000e+000,3,5.391456e-001,1.825000e+000,,,,,,,,,,,,,,,,,,0,5.000000e+000,5.000000e-001,2,1,5.386353e-003,0,1,0,
1473251038.574,,-1.400000e+002,7.500264e+001,1.078387e-006,0.000000e+000,0.000000e+000,0.000000e+000,3,0.000000e+000,1.825000e+000,,,,,,,,,,,,,,,,,,0,5.000000e+000,5.000000e-001,2,1,8.087158e-003,0,1,0,
1473251150.560,,-1.600000e+002,7.499455e+001,-1.183225e-005,0.000000e+000,-1.364991e+000,0.000000e+000,3,5.403765e-001,1.825000e+000,,,,,,,,,,,,,,,,,,0,5.000000e+000,5.000000e-001,2,1,8.094788e-003,0,1,0,
1473251163.775,,-1.600000e+002,7.499320e+001,-1.203571e-005,0.000000e+000,-1.366287e+000,0.000000e+000,3,5.408522e-001,1.825000e+000,,,,,,,,,,,,,,,,,,0,5.000000e+000,5.000000e-001,2,1,5.401611e-003,0,1,0,
1473251176.674,,-1.600000e+002,7.500130e+001,-1.209229e-005,0.000000e+000,-1.354956e+000,0.000000e+000,3,5.513066e-001,1.825000e+000,,,,,,,,,,,,,,,,,,0,5.000000e+000,5.000000e-001,2,1,1.078033e-002,0,1,0,
1473251190.001,,-1.600000e+002,7.500534e+001,-1.205564e-005,0.000000e+000,-1.451230e+000,0.000000e+000,3,5.542947e-001,1.825000e+000,,,,,,,,,,,,,,,,,,0,5.000000e+000,5.000000e-001,2,1,8.102417e-003,0,1,0,
1473251296.225,,-1.800000e+002,7.499994e+001,1.413877e-006,0.000000e+000,0.000000e+000,0.000000e+000,3,0.000000e+000,1.825000e+000,,,,,,,,,,,,,,,,,,0,5.000000e+000,5.000000e-001,2,1,1.349640e-002,0,1,0,
1473251311.190,,-1.800000e+002,7.500130e+001,1.233348e-006,0.000000e+000,0.000000e+000,0.000000e+000,3,0.000000e+000,1.825000e+000,,,,,,,,,,,,,,,,,,0,5.000000e+000,5.000000e-001,2,1,1.078033e-002,0,1,0,
1473251323.842,,-1.800000e+002,7.499994e+001,-1.289488e-005,0.000000e+000,-1.367230e+000,0.000000e+000,3,5.357808e-001,1.825000e+000,,,,,,,,,,,,,,,,,,0,5.000000e+000,5.000000e-001,2,1,1.349640e-002,0,1,0,
1473251336.664,,-1.800000e+002,7.499724e+001,3.718010e-006,0.000000e+000,2.388769e+000,0.000000e+000,3,0.000000e+000,1.825000e+000,,,,,,,,,,,,,,,,,,0,5.000000e+000,5.000000e-001,2,1,8.102417e-003,0,1,0,
1473251450.142,,-2.000000e+002,7.499995e+001,-1.464869e-005,0.000000e+000,-1.401394e+000,0.000000e+000,3,5.141686e-001,1.825000e+000,,,,,,,,,,,,,,,,,,0,5.000000e+000,5.000000e-001,2,1,8.094788e-003,0,1,0,
1473251463.911,,-2.000000e+002,7.499725e+001,1.378427e-006,0.000000e+000,0.000000e+000,0.000000e+000,3,0.000000e+000,1.825000e+000,,,,,,,,,,,,,,,,,,0,5.000000e+000,5.000000e-001,2,1,2.693176e-003,0,1,0,
1473251478.424,,-2.000000e+002,7.499860e+001,-1.444604e-005,0.000000e+000,-1.393456e+000,0.000000e+000,3,5.473454e-001,1.825000e+000,,,,,,,,,,,,,,,,,,0,5.000000e+000,5.000000e-001,2,1,0.000000e+000,0,1,0,
1473251492.389,,-2.000000e+002,7.499860e+001,-1.460080e-005,0.000000e+000,-1.392936e+000,0.000000e+000,3,5.229880e-001,1.825000e+000,,,,,,,,,,,,,,,,,,0,5.000000e+000,5.000000e-001,2,1,1.081085e-002,0,1,0,
1473251646.914,,-3.000000e+002,7.499724e+001,8.921921e-007,0.000000e+000,0.000000e+000,0.000000e+000,3,0.000000e+000,1.825000e+000,,,,,,,,,,,,,,,,,,0,5.000000e+000,5.000000e-001,2,1,8.102417e-003,0,1,0,
1473251661.379,,-3.000000e+002,7.499994e+001,6.168404e-007,0.000000e+000,0.000000e+000,0.000000e+000,3,0.000000e+000,1.825000e+000,,,,,,,,,,,,,,,,,,0,5.000000e+000,5.000000e-001,2,1,2.693176e-003,0,1,0,
1473251674.593,,-3.000000e+002,7.500264e+001,8.374774e-007,0.000000e+000,0.000000e+000,0.000000e+000,3,0.000000e+000,1.825000e+000,,,,,,,,,,,,,,,,,,0,5.000000e+000,5.000000e-001,2,1,8.087158e-003,0,1,0,
1473251687.807,,-3.000000e+002,7.499860e+001,6.685136e-007,0.000000e+000,0.000000e+000,0.000000e+000,3,0.000000e+000,1.825000e+000,,,,,,,,,,,,,,,,,,0,5.000000e+000,5.000000e-001,2,1,0.000000e+000,0,1,0,
1473251801.036,,-4.000000e+002,7.500130e+001,-9.154319e-007,0.000000e+000,0.000000e+000,0.000000e+000,3,0.000000e+000,1.825000e+000,,,,,,,,,,,,,,,,,,0,5.000000e+000,5.000000e-001,2,1,5.401611e-003,0,1,0,
1473251816.750,,-4.000000e+002,7.499725e+001,6.261364e-009,0.000000e+000,0.000000e+000,0.000000e+000,3,0.000000e+000,1.825000e+000,,,,,,,,,,,,,,,,,,0,5.000000e+000,5.000000e-001,2,1,2.693176e-003,0,1,0,
1473251830.214,,-4.000000e+002,7.500130e+001,-6.045051e-007,0.000000e+000,0.000000e+000,0.000000e+000,3,0.000000e+000,1.825000e+000,,,,,,,,,,,,,,,,,,0,5.000000e+000,5.000000e-001,2,1,1.078033e-002,0,1,0,
1473251845.468,,-4.000000e+002,7.499994e+001,-1.154678e-007,0.000000e+000,0.000000e+000,0.000000e+000,3,0.000000e+000,1.825000e+000,,,,,,,,,,,,,,,,,,0,5.000000e+000,5.000000e-001,2,1,2.693176e-003,0,1,0,
1473251967.944,,-5.000000e+002,7.499995e+001,-2.877728e-006,0.000000e+000,0.000000e+000,0.000000e+000,3,0.000000e+000,1.825000e+000,,,,,,,,,,,,,,,,,,0,5.000000e+000,5.000000e-001,2,1,8.094788e-003,0,1,0,
1473251981.159,,-5.000000e+002,7.500535e+001,-1.736566e-006,0.000000e+000,0.000000e+000,0.000000e+000,3,0.000000e+000,1.825000e+000,,,,,,,,,,,,,,,,,,0,5.000000e+000,5.000000e-001,2,1,1.889038e-002,0,1,0,
1473251996.873,,-5.000000e+002,7.499590e+001,-1.995784e-006,0.000000e+000,0.000000e+000,0.000000e+000,3,0.000000e+000,1.825000e+000,,,,,,,,,,,,,,,,,,0,5.000000e+000,5.000000e-001,2,1,1.078796e-002,0,1,0,
1473252010.337,,-5.000000e+002,7.500264e+001,-2.065412e-006,0.000000e+000,0.000000e+000,0.000000e+000,3,0.000000e+000,1.825000e+000,,,,,,,,,,,,,,,,,,0,5.000000e+000,5.000000e-001,2,1,8.087158e-003,0,1,0,
1473252125.817,,-6.000000e+002,7.499860e+001,-4.194101e-006,0.000000e+000,0.000000e+000,0.000000e+000,3,0.000000e+000,1.825000e+000,,,,,,,,,,,,,,,,,,0,5.000000e+000,5.000000e-001,2,1,1.618195e-002,0,1,0,
1473252139.822,,-6.000000e+002,7.499320e+001,-4.295620e-006,0.000000e+000,0.000000e+000,0.000000e+000,3,0.000000e+000,1.825000e+000,,,,,,,,,,,,,,,,,,0,5.000000e+000,5.000000e-001,2,1,5.401611e-003,0,1,0,
1473252154.787,,-6.000000e+002,7.499590e+001,-4.311392e-006,0.000000e+000,0.000000e+000,0.000000e+000,3,0.000000e+000,1.825000e+000,,,,,,,,,,,,,,,,,,0,5.000000e+000,5.000000e-001,2,1,0.000000e+000,0,1,0,
1473252168.934,,-6.000000e+002,7.499590e+001,-4.232037e-006,0.000000e+000,0.000000e+000,0.000000e+000,3,0.000000e+000,1.825000e+000,,,,,,,,,,,,,,,,,,0,5.000000e+000,5.000000e-001,2,1,0.000000e+000,0,1,0,
1473252291.017,,-7.000000e+002,7.499455e+001,-7.484805e-006,0.000000e+000,0.000000e+000,0.000000e+000,3,0.000000e+000,1.825000e+000,,,,,,,,,,,,,,,,,,0,5.000000e+000,5.000000e-001,2,1,8.094788e-003,0,1,0,
1473252303.996,,-7.000000e+002,7.499994e+001,-7.366189e-006,0.000000e+000,0.000000e+000,0.000000e+000,3,0.000000e+000,1.825000e+000,,,,,,,,,,,,,,,,,,0,5.000000e+000,5.000000e-001,2,1,2.693176e-003,0,1,0,
1473252318.460,,-7.000000e+002,7.499994e+001,-7.381163e-006,0.000000e+000,0.000000e+000,0.000000e+000,3,0.000000e+000,1.825000e+000,,,,,,,,,,,,,,,,,,0,5.000000e+000,5.000000e-001,2,1,2.693176e-003,0,1,0,
1473252334.873,,-7.000000e+002,7.499860e+001,-7.657146e-006,0.000000e+000,0.000000e+000,0.000000e+000,3,0.000000e+000,1.825000e+000,,,,,,,,,,,,,,,,,,0,5.000000e+000,5.000000e-001,2,1,5.386353e-003,0,1,0,
1473252452.460,,-1.000000e+003,7.500264e+001,-2.912302e-005,0.000000e+000,-1.248135e+000,0.000000e+000,3,1.194953e-002,1.825000e+000,,,,,,,,,,,,,,,,,,0,5.000000e+000,5.000000e-001,2,1,8.087158e-003,0,1,0,
1473252466.208,,-1.000000e+003,7.499994e+001,-2.894533e-005,0.000000e+000,-1.247615e+000,0.000000e+000,3,4.628935e-003,1.825000e+000,,,,,,,,,,,,,,,,,,0,5.000000e+000,5.000000e-001,2,1,2.693176e-003,0,1,0,
1473252479.724,,-1.000000e+003,7.500129e+001,-2.902979e-005,0.000000e+000,-1.250478e+000,0.000000e+000,3,8.288832e-003,1.825000e+000,,,,,,,,,,,,,,,,,,0,5.000000e+000,5.000000e-001,2,1,0.000000e+000,0,1,0,
1473252495.939,,-1.000000e+003,7.499455e+001,-2.912167e-005,0.000000e+000,-1.247382e+000,0.000000e+000,3,1.857667e-002,1.825000e+000,,,,,,,,,,,,,,,,,,0,5.000000e+000,5.000000e-001,2,1,8.094788e-003,0,1,0,
1473252636.326,,-3.000000e+003,7.499860e+001,-1.078156e-004,0.000000e+000,-4.626055e-002,0.000000e+000,3,6.076916e-001,1.825000e+000,,,,,,,,,,,,,,,,,,0,5.000000e+000,5.000000e-001,2,1,0.000000e+000,0,1,0,
1473252649.648,,-3.000000e+003,7.500130e+001,-1.069048e-004,0.000000e+000,-4.421457e-002,0.000000e+000,3,6.066779e-001,1.825000e+000,,,,,,,,,,,,,,,,,,0,5.000000e+000,5.000000e-001,2,1,5.401611e-003,0,1,0,
1473252660.672,,-3.000000e+003,7.499994e+001,-1.061825e-004,0.000000e+000,-4.173681e-002,0.000000e+000,3,6.050716e-001,1.825000e+000,,,,,,,,,,,,,,,,,,0,5.000000e+000,5.000000e-001,2,1,2.693176e-003,0,1,0,
1473252673.637,,-3.000000e+003,7.499994e+001,-1.058965e-004,0.000000e+000,-4.174773e-002,0.000000e+000,3,6.052492e-001,1.825000e+000,,,,,,,,,,,,,,,,,,0,5.000000e+000,5.000000e-001,2,1,2.693176e-003,0,1,0,
1473252798.163,,-5.000000e+003,7.499860e+001,-1.811315e-004,0.000000e+000,-9.951528e-003,0.000000e+000,3,7.533492e-001,1.825000e+000,,,,,,,,,,,,,,,,,,0,5.000000e+000,5.000000e-001,2,1,1.081085e-002,0,1,0,
1473252810.377,,-5.000000e+003,7.499320e+001,-1.821603e-004,0.000000e+000,-1.239520e-002,0.000000e+000,3,7.584009e-001,1.825000e+000,,,,,,,,,,,,,,,,,,0,5.000000e+000,5.000000e-001,2,1,1.078796e-002,0,1,0,
1473252823.342,,-5.000000e+003,7.500130e+001,-1.822006e-004,0.000000e+000,-1.268445e-002,0.000000e+000,3,7.545112e-001,1.825000e+000,,,,,,,,,,,,,,,,,,0,5.000000e+000,5.000000e-001,2,1,5.401611e-003,0,1,0,
1473252835.106,,-5.000000e+003,7.499994e+001,-1.821754e-004,0.000000e+000,-1.330135e-002,0.000000e+000,3,7.540463e-001,1.825000e+000,,,,,,,,,,,,,,,,,,0,5.000000e+000,5.000000e-001,2,1,2.693176e-003,0,1,0,
1473252959.585,,-7.000000e+003,7.500129e+001,-2.415349e-004,0.000000e+000,-4.755292e-003,0.000000e+000,3,8.117517e-001,1.825000e+000,,,,,,,,,,,,,,,,,,0,5.000000e+000,5.000000e-001,2,1,0.000000e+000,0,1,0,
1473252972.550,,-7.000000e+003,7.499725e+001,-2.416981e-004,0.000000e+000,-2.693525e-003,0.000000e+000,3,8.133708e-001,1.825000e+000,,,,,,,,,,,,,,,,,,0,5.000000e+000,5.000000e-001,2,1,1.349640e-002,0,1,0,
1473252985.541,,-7.000000e+003,7.498915e+001,-2.418118e-004,0.000000e+000,-1.678562e-003,0.000000e+000,3,8.125076e-001,1.825000e+000,,,,,,,,,,,,,,,,,,0,5.000000e+000,5.000000e-001,2,1,2.427673e-002,0,1,0,
1473252998.505,,-7.000000e+003,7.500129e+001,-2.423745e-004,0.000000e+000,-2.794345e-003,0.000000e+000,3,8.118716e-001,1.825000e+000,,,,,,,,,,,,,,,,,,0,5.000000e+000,5.000000e-001,2,1,0.000000e+000,0,1,0,
1473253122.912,,-9.000000e+003,7.499724e+001,-2.906213e-004,0.000000e+000,2.254893e-003,0.000000e+000,3,8.412074e-001,1.825000e+000,,,,,,,,,,,,,,,,,,0,5.000000e+000,5.000000e-001,2,1,8.102417e-003,0,1,0,
1473253136.269,,-9.000000e+003,7.499590e+001,-2.896609e-004,0.000000e+000,1.585560e-003,0.000000e+000,3,8.391504e-001,1.825000e+000,,,,,,,,,,,,,,,,,,0,5.000000e+000,5.000000e-001,2,1,0.000000e+000,0,1,0,
1473253149.983,,-9.000000e+003,7.499860e+001,-2.904806e-004,0.000000e+000,3.052885e-003,0.000000e+000,3,8.406284e-001,1.825000e+000,,,,,,,,,,,,,,,,,,0,5.000000e+000,5.000000e-001,2,1,5.386353e-003,0,1,0,
1473253163.948,,-9.000000e+003,7.500264e+001,-2.905646e-004,0.000000e+000,2.104645e-003,0.000000e+000,3,8.401925e-001,1.825000e+000,,,,,,,,,,,,,,,,,,0,5.000000e+000,5.000000e-001,2,1,2.708435e-003,0,1,0,
1473253284.427,,-1.000000e+004,7.500130e+001,-3.108669e-004,0.000000e+000,4.728585e-003,0.000000e+000,3,8.502812e-001,1.825000e+000,,,,,,,,,,,,,,,,,,0,5.000000e+000,5.000000e-001,2,1,5.401611e-003,0,1,0,
1473253298.141,,-1.000000e+004,7.499455e+001,-3.113051e-004,0.000000e+000,4.656197e-003,0.000000e+000,3,8.511343e-001,1.825000e+000,,,,,,,,,,,,,,,,,,0,5.000000e+000,5.000000e-001,2,1,1.348114e-002,0,1,0,
1473253311.606,,-1.000000e+004,7.499994e+001,-3.123055e-004,0.000000e+000,3.197944e-003,0.000000e+000,3,8.511527e-001,1.825000e+000,,,,,,,,,,,,,,,,,,0,5.000000e+000,5.000000e-001,2,1,2.693176e-003,0,1,0,
1473253326.070,,-1.000000e+004,7.499994e+001,-3.114544e-004,0.000000e+000,3.789093e-003,0.000000e+000,3,8.510844e-001,1.825000e+000,,,,,,,,,,,,,,,,,,0,5.000000e+000,5.000000e-001,2,1,2.693176e-003,0,1,0,
1473253491.341,,-2.000000e+004,7.500264e+001,-4.519169e-004,0.000000e+000,1.170442e-002,0.000000e+000,3,8.910215e-001,1.825000e+000,,,,,,,,,,,,,,,,,,0,5.000000e+000,5.000000e-001,2,1,2.708435e-003,0,1,0,
1473253503.055,,-2.000000e+004,7.500264e+001,-4.520534e-004,0.000000e+000,1.171544e-002,0.000000e+000,3,8.905156e-001,1.825000e+000,,,,,,,,,,,,,,,,,,0,5.000000e+000,5.000000e-001,2,1,8.087158e-003,0,1,0,
1473253515.969,,-2.000000e+004,7.501208e+001,-4.523279e-004,0.000000e+000,1.293663e-002,0.000000e+000,3,8.939899e-001,1.825000e+000,,,,,,,,,,,,,,,,,,0,5.000000e+000,5.000000e-001,2,1,2.159119e-002,0,1,0,
1473253528.541,,-2.000000e+004,7.500129e+001,-4.528965e-004,0.000000e+000,1.107255e-002,0.000000e+000,3,8.925896e-001,1.825000e+000,,,,,,,,,,,,,,,,,,0,5.000000e+000,5.000000e-001,2,1,0.000000e+000,0,1,0,
1473253693.285,,-3.000000e+004,7.499860e+001,-5.341264e-004,0.000000e+000,1.608204e-002,0.000000e+000,3,9.083111e-001,1.825000e+000,,,,,,,,,,,,,,,,,,0,5.000000e+000,5.000000e-001,2,1,0.000000e+000,0,1,0,
1473253707.999,,-3.000000e+004,7.500264e+001,-5.335250e-004,0.000000e+000,1.725510e-002,0.000000e+000,3,9.071859e-001,1.825000e+000,,,,,,,,,,,,,,,,,,0,5.000000e+000,5.000000e-001,2,1,2.708435e-003,0,1,0,
1473253719.963,,-3.000000e+004,7.499994e+001,-5.329024e-004,0.000000e+000,1.427765e-002,0.000000e+000,3,9.051291e-001,1.825000e+000,,,,,,,,,,,,,,,,,,0,5.000000e+000,5.000000e-001,2,1,2.693176e-003,0,1,0,
1473253732.928,,-3.000000e+004,7.499860e+001,-5.350136e-004,0.000000e+000,1.516226e-002,0.000000e+000,3,9.059016e-001,1.825000e+000,,,,,,,,,,,,,,,,,,0,5.000000e+000,5.000000e-001,2,1,5.386353e-003,0,1,0,
1473253897.358,,-4.000000e+004,7.499725e+001,-5.928031e-004,0.000000e+000,1.633792e-002,0.000000e+000,3,9.174735e-001,1.825000e+000,,,,,,,,,,,,,,,,,,0,5.000000e+000,5.000000e-001,2,1,2.693176e-003,0,1,0,
1473253910.930,,-4.000000e+004,7.499590e+001,-5.940592e-004,0.000000e+000,1.576852e-002,0.000000e+000,3,9.132215e-001,1.825000e+000,,,,,,,,,,,,,,,,,,0,5.000000e+000,5.000000e-001,2,1,5.409241e-003,0,1,0,
1473253923.895,,-4.000000e+004,7.499590e+001,-5.916182e-004,0.000000e+000,1.637890e-002,0.000000e+000,3,9.147158e-001,1.825000e+000,,,,,,,,,,,,,,,,,,0,5.000000e+000,5.000000e-001,2,1,5.409241e-003,0,1,0,
1473253936.359,,-4.000000e+004,7.500130e+001,-5.943584e-004,0.000000e+000,1.662171e-002,0.000000e+000,3,9.106122e-001,1.825000e+000,,,,,,,,,,,,,,,,,,0,5.000000e+000,5.000000e-001,2,1,5.401611e-003,0,1,0,
1473254101.839,,-5.000000e+004,7.499724e+001,-6.342081e-004,0.000000e+000,1.722825e-002,0.000000e+000,3,9.149935e-001,1.825000e+000,,,,,,,,,,,,,,,,,,0,5.000000e+000,5.000000e-001,2,1,8.102417e-003,0,1,0,
1473254114.303,,-5.000000e+004,7.499455e+001,-6.309834e-004,0.000000e+000,1.947978e-002,0.000000e+000,3,9.197446e-001,1.825000e+000,,,,,,,,,,,,,,,,,,0,5.000000e+000,5.000000e-001,2,1,1.348114e-002,0,1,0,
1473254127.767,,-5.000000e+004,7.500803e+001,-6.361658e-004,0.000000e+000,1.970873e-002,0.000000e+000,3,9.220095e-001,1.825000e+000,,,,,,,,,,,,,,,,,,0,5.000000e+000,5.000000e-001,2,1,2.969360e-002,0,1,0,
1473254141.735,,-5.000000e+004,7.499860e+001,-6.321145e-004,0.000000e+000,1.864147e-002,0.000000e+000,3,9.215001e-001,1.825000e+000,,,,,,,,,,,,,,,,,,0,5.000000e+000,5.000000e-001,2,1,1.081085e-002,0,1,0,
1473254310.410,,-6.000000e+004,7.499454e+001,-6.641243e-004,0.000000e+000,1.932198e-002,0.000000e+000,3,9.222628e-001,1.825000e+000,,,,,,,,,,,,,,,,,,0,5.000000e+000,5.000000e-001,2,1,2.716064e-003,0,1,0,
1473254324.233,,-6.000000e+004,7.499994e+001,-6.616463e-004,0.000000e+000,2.136474e-002,0.000000e+000,3,9.214187e-001,1.825000e+000,,,,,,,,,,,,,,,,,,0,5.000000e+000,5.000000e-001,2,1,2.693176e-003,0,1,0,
1473254336.447,,-6.000000e+004,7.500129e+001,-6.620936e-004,0.000000e+000,1.431017e-002,0.000000e+000,3,9.191580e-001,1.825000e+000,,,,,,,,,,,,,,,,,,0,5.000000e+000,5.000000e-001,2,1,0.000000e+000,0,1,0,
1473254350.186,,-6.000000e+004,7.499994e+001,-6.657282e-004,0.000000e+000,1.967032e-002,0.000000e+000,3,9.173871e-001,1.825000e+000,,,,,,,,,,,,,,,,,,0,5.000000e+000,5.000000e-001,2,1,2.693176e-003,0,1,0,
1473254521.421,,-7.000000e+004,7.499994e+001,-6.893513e-004,0.000000e+000,1.677049e-002,0.000000e+000,3,9.233161e-001,1.825000e+000,,,,,,,,,,,,,,,,,,0,5.000000e+000,5.000000e-001,2,1,2.693176e-003,0,1,0,
1473254535.385,,-7.000000e+004,7.500264e+001,-6.920671e-004,0.000000e+000,2.172686e-002,0.000000e+000,3,9.211233e-001,1.825000e+000,,,,,,,,,,,,,,,,,,0,5.000000e+000,5.000000e-001,2,1,8.087158e-003,0,1,0,
1473254550.599,,-7.000000e+004,7.500130e+001,-6.899689e-004,0.000000e+000,2.542646e-002,0.000000e+000,3,9.252372e-001,1.825000e+000,,,,,,,,,,,,,,,,,,0,5.000000e+000,5.000000e-001,2,1,1.078033e-002,0,1,0,
1473254562.566,,-7.000000e+004,7.501074e+001,-6.904451e-004,0.000000e+000,2.484994e-002,0.000000e+000,3,9.238576e-001,1.825000e+000,,,,,,,,,,,,,,,,,,0,5.000000e+000,5.000000e-001,2,1,1.348877e-002,0,1,0,
1473254742.024,,-6.000000e+004,7.500129e+001,-6.657836e-004,0.000000e+000,1.858951e-002,0.000000e+000,3,9.186392e-001,1.825000e+000,,,,,,,,,,,,,,,,,,0,5.000000e+000,5.000000e-001,2,1,0.000000e+000,0,1,0,
1473254754.488,,-6.000000e+004,7.500400e+001,-6.679292e-004,0.000000e+000,1.838924e-002,0.000000e+000,3,9.158182e-001,1.825000e+000,,,,,,,,,,,,,,,,,,0,5.000000e+000,5.000000e-001,2,1,1.618958e-002,0,1,0,
1473254767.452,,-6.000000e+004,7.499860e+001,-6.673188e-004,0.000000e+000,2.181581e-002,0.000000e+000,3,9.228048e-001,1.825000e+000,,,,,,,,,,,,,,,,,,0,5.000000e+000,5.000000e-001,2,1,5.386353e-003,0,1,0,
1473254780.604,,-6.000000e+004,7.499994e+001,-6.654750e-004,0.000000e+000,1.745884e-002,0.000000e+000,3,9.149823e-001,1.825000e+000,,,,,,,,,,,,,,,,,,0,5.000000e+000,5.000000e-001,2,1,2.693176e-003,0,1,0,
1473254943.235,,-5.000000e+004,7.500534e+001,-6.281745e-004,0.000000e+000,2.085862e-002,0.000000e+000,3,9.232485e-001,1.825000e+000,,,,,,,,,,,,,,,,,,0,5.000000e+000,5.000000e-001,2,1,8.102417e-003,0,1,0,
1473254954.632,,-5.000000e+004,7.499725e+001,-6.322499e-004,0.000000e+000,2.092016e-002,0.000000e+000,3,9.179816e-001,1.825000e+000,,,,,,,,,,,,,,,,,,0,5.000000e+000,5.000000e-001,2,1,2.693176e-003,0,1,0,
1473254967.497,,-5.000000e+004,7.499454e+001,-6.318958e-004,0.000000e+000,1.925129e-002,0.000000e+000,3,9.179404e-001,1.825000e+000,,,,,,,,,,,,,,,,,,0,5.000000e+000,5.000000e-001,2,1,2.716064e-003,0,1,0,
1473254980.471,,-5.000000e+004,7.499590e+001,-6.316900e-004,0.000000e+000,1.801414e-002,0.000000e+000,3,9.177663e-001,1.825000e+000,,,,,,,,,,,,,,,,,,0,5.000000e+000,5.000000e-001,2,1,5.409241e-003,0,1,0,
1473255147.705,,-4.000000e+004,7.499455e+001,-5.927606e-004,0.000000e+000,1.950615e-002,0.000000e+000,3,9.098456e-001,1.825000e+000,,,,,,,,,,,,,,,,,,0,5.000000e+000,5.000000e-001,2,1,8.094788e-003,0,1,0,
1473255161.169,,-4.000000e+004,7.499994e+001,-5.935743e-004,0.000000e+000,1.864301e-002,0.000000e+000,3,9.133659e-001,1.825000e+000,,,,,,,,,,,,,,,,,,0,5.000000e+000,5.000000e-001,2,1,2.693176e-003,0,1,0,
1473255173.634,,-4.000000e+004,7.499860e+001,-5.906447e-004,0.000000e+000,1.403376e-002,0.000000e+000,3,9.140456e-001,1.825000e+000,,,,,,,,,,,,,,,,,,0,5.000000e+000,5.000000e-001,2,1,5.386353e-003,0,1,0,
1473255186.372,,-4.000000e+004,7.499725e+001,-5.899759e-004,0.000000e+000,1.623717e-002,0.000000e+000,3,9.152498e-001,1.825000e+000,,,,,,,,,,,,,,,,,,0,5.000000e+000,5.000000e-001,2,1,2.693176e-003,0,1,0,
1473255351.795,,-3.000000e+004,7.500129e+001,-5.339892e-004,0.000000e+000,1.698541e-002,0.000000e+000,3,9.062974e-001,1.825000e+000,,,,,,,,,,,,,,,,,,0,5.000000e+000,5.000000e-001,2,1,0.000000e+000,0,1,0,
1473255364.617,,-3.000000e+004,7.500399e+001,-5.355138e-004,0.000000e+000,1.290367e-002,0.000000e+000,3,9.056255e-001,1.825000e+000,,,,,,,,,,,,,,,,,,0,5.000000e+000,5.000000e-001,2,1,2.160645e-002,0,1,0,
1473255379.581,,-3.000000e+004,7.499860e+001,-5.332320e-004,0.000000e+000,1.460539e-002,0.000000e+000,3,9.067094e-001,1.825000e+000,,,,,,,,,,,,,,,,,,0,5.000000e+000,5.000000e-001,2,1,0.000000e+000,0,1,0,
1473255393.296,,-3.000000e+004,7.500398e+001,-5.354878e-004,0.000000e+000,1.507152e-002,0.000000e+000,3,9.084681e-001,1.825000e+000,,,,,,,,,,,,,,,,,,0,5.000000e+000,5.000000e-001,2,1,5.393982e-003,0,1,0,
1473255553.569,,-2.000000e+004,7.499590e+001,-4.507567e-004,0.000000e+000,1.123453e-002,0.000000e+000,3,8.944304e-001,1.825000e+000,,,,,,,,,,,,,,,,,,0,5.000000e+000,5.000000e-001,2,1,1.618958e-002,0,1,0,
1473255563.533,,-2.000000e+004,7.500670e+001,-4.520536e-004,0.000000e+000,1.243375e-002,0.000000e+000,3,8.950388e-001,1.825000e+000,,,,,,,,,,,,,,,,,,0,5.000000e+000,5.000000e-001,2,1,5.393982e-003,0,1,0,
1473255576.430,,-2.000000e+004,7.500398e+001,-4.498412e-004,0.000000e+000,1.011890e-002,0.000000e+000,3,8.926929e-001,1.825000e+000,,,,,,,,,,,,,,,,,,0,5.000000e+000,5.000000e-001,2,1,5.393982e-003,0,1,0,
1473255588.002,,-2.000000e+004,7.500534e+001,-4.522231e-004,0.000000e+000,1.043340e-002,0.000000e+000,3,8.903721e-001,1.825000e+000,,,,,,,,,,,,,,,,,,0,5.000000e+000,5.000000e-001,2,1,2.685547e-003,0,1,0,
1473255745.775,,-1.000000e+004,7.498781e+001,-3.107197e-004,0.000000e+000,2.825608e-003,0.000000e+000,3,8.511119e-001,1.825000e+000,,,,,,,,,,,,,,,,,,0,5.000000e+000,5.000000e-001,2,1,2.158356e-002,0,1,0,
1473255759.239,,-1.000000e+004,7.500398e+001,-3.106955e-004,0.000000e+000,4.448031e-003,0.000000e+000,3,8.508712e-001,1.825000e+000,,,,,,,,,,,,,,,,,,0,5.000000e+000,5.000000e-001,2,1,5.393982e-003,0,1,0,
1473255773.954,,-1.000000e+004,7.499724e+001,-3.110437e-004,0.000000e+000,2.283605e-003,0.000000e+000,3,8.496278e-001,1.825000e+000,,,,,,,,,,,,,,,,,,0,5.000000e+000,5.000000e-001,2,1,8.102417e-003,0,1,0,
1473255788.418,,-1.000000e+004,7.499860e+001,-3.104317e-004,0.000000e+000,3.383039e-003,0.000000e+000,3,8.503265e-001,1.825000e+000,,,,,,,,,,,,,,,,,,0,5.000000e+000,5.000000e-001,2,1,0.000000e+000,0,1,0,
1473255911.644,,-9.000000e+003,7.502289e+001,-2.894070e-004,0.000000e+000,2.911825e-003,0.000000e+000,3,8.394819e-001,1.825000e+000,,,,,,,,,,,,,,,,,,0,5.000000e+000,5.000000e-001,2,1,4.319763e-002,0,1,0,
1473255925.358,,-9.000000e+003,7.499590e+001,-2.893405e-004,0.000000e+000,2.288710e-003,0.000000e+000,3,8.391665e-001,1.825000e+000,,,,,,,,,,,,,,,,,,0,5.000000e+000,5.000000e-001,2,1,0.000000e+000,0,1,0,
1473255937.825,,-9.000000e+003,7.499725e+001,-2.894954e-004,0.000000e+000,-3.626925e-004,0.000000e+000,3,8.404486e-001,1.825000e+000,,,,,,,,,,,,,,,,,,0,5.000000e+000,5.000000e-001,2,1,2.693176e-003,0,1,0,
1473255949.974,,-9.000000e+003,7.499590e+001,-2.903559e-004,0.000000e+000,2.508423e-003,0.000000e+000,3,8.401296e-001,1.825000e+000,,,,,,,,,,,,,,,,,,0,5.000000e+000,5.000000e-001,2,1,5.409241e-003,0,1,0,
1473256076.558,,-7.000000e+003,7.499860e+001,-2.414636e-004,0.000000e+000,-4.234590e-003,0.000000e+000,3,8.114790e-001,1.825000e+000,,,,,,,,,,,,,,,,,,0,5.000000e+000,5.000000e-001,2,1,1.081085e-002,0,1,0,
1473256090.522,,-7.000000e+003,7.499995e+001,-2.417215e-004,0.000000e+000,-1.033716e-003,0.000000e+000,3,8.111147e-001,1.825000e+000,,,,,,,,,,,,,,,,,,0,5.000000e+000,5.000000e-001,2,1,8.094788e-003,0,1,0,
1473256104.238,,-7.000000e+003,7.499725e+001,-2.418239e-004,0.000000e+000,-2.853941e-003,0.000000e+000,3,8.129653e-001,1.825000e+000,,,,,,,,,,,,,,,,,,0,5.000000e+000,5.000000e-001,2,1,2.693176e-003,0,1,0,
1473256117.201,,-7.000000e+003,7.500129e+001,-2.412252e-004,0.000000e+000,-5.922926e-003,0.000000e+000,3,8.116995e-001,1.825000e+000,,,,,,,,,,,,,,,,,,0,5.000000e+000,5.000000e-001,2,1,0.000000e+000,0,1,0,
1473256234.426,,-5.000000e+003,7.499994e+001,-1.811368e-004,0.000000e+000,-1.319811e-002,0.000000e+000,3,7.529207e-001,1.825000e+000,,,,,,,,,,,,,,,,,,0,5.000000e+000,5.000000e-001,2,1,1.349640e-002,0,1,0,
1473256248.414,,-5.000000e+003,7.500130e+001,-1.813420e-004,0.000000e+000,-1.246430e-002,0.000000e+000,3,7.559656e-001,1.825000e+000,,,,,,,,,,,,,,,,,,0,5.000000e+000,5.000000e-001,2,1,1.078033e-002,0,1,0,
1473256260.878,,-5.000000e+003,7.499455e+001,-1.811276e-004,0.000000e+000,-1.233153e-002,0.000000e+000,3,7.543628e-001,1.825000e+000,,,,,,,,,,,,,,,,,,0,5.000000e+000,5.000000e-001,2,1,1.348114e-002,0,1,0,
1473256273.544,,-5.000000e+003,7.500534e+001,-1.812790e-004,0.000000e+000,-1.411496e-002,0.000000e+000,3,7.554520e-001,1.825000e+000,,,,,,,,,,,,,,,,,,0,5.000000e+000,5.000000e-001,2,1,8.102417e-003,0,1,0,
1473256396.627,,-3.000000e+003,7.499725e+001,-1.052015e-004,0.000000e+000,-4.587278e-002,0.000000e+000,3,6.007683e-001,1.825000e+000,,,,,,,,,,,,,,,,,,0,5.000000e+000,5.000000e-001,2,1,2.693176e-003,0,1,0,
1473256409.392,,-3.000000e+003,7.499994e+001,-1.060266e-004,0.000000e+000,-4.385012e-002,0.000000e+000,3,6.074882e-001,1.825000e+000,,,,,,,,,,,,,,,,,,0,5.000000e+000,5.000000e-001,2,1,2.693176e-003,0,1,0,
1473256422.036,,-3.000000e+003,7.500129e+001,-1.053119e-004,0.000000e+000,-4.404772e-002,0.000000e+000,3,6.008485e-001,1.825000e+000,,,,,,,,,,,,,,,,,,0,5.000000e+000,5.000000e-001,2,1,0.000000e+000,0,1,0,
1473256434.897,,-3.000000e+003,7.500130e+001,-1.058704e-004,0.000000e+000,-4.348805e-002,0.000000e+000,3,6.070746e-001,1.825000e+000,,,,,,,,,,,,,,,,,,0,5.000000e+000,5.000000e-001,2,1,5.401611e-003,0,1,0,
1473256558.876,,-1.000000e+003,7.500130e+001,-3.060958e-005,0.000000e+000,-1.243670e+000,0.000000e+000,3,6.683674e-002,1.825000e+000,,,,,,,,,,,,,,,,,,0,5.000000e+000,5.000000e-001,2,1,5.401611e-003,0,1,0,
1473256571.642,,-1.000000e+003,7.499725e+001,-2.944704e-005,0.000000e+000,-1.251644e+000,0.000000e+000,3,1.785306e-002,1.825000e+000,,,,,,,,,,,,,,,,,,0,5.000000e+000,5.000000e-001,2,1,2.693176e-003,0,1,0,
1473256585.167,,-1.000000e+003,7.499454e+001,-2.919837e-005,0.000000e+000,-1.251667e+000,0.000000e+000,3,5.585519e-002,1.825000e+000,,,,,,,,,,,,,,,,,,0,5.000000e+000,5.000000e-001,2,1,2.427673e-002,0,1,0,
1473256600.930,,-1.000000e+003,7.499455e+001,-2.948112e-005,0.000000e+000,-1.251948e+000,0.000000e+000,3,4.252482e-002,1.825000e+000,,,,,,,,,,,,,,,,,,0,5.000000e+000,5.000000e-001,2,1,8.094788e-003,0,1,0,
1473256728.358,,-7.000000e+002,7.500264e+001,-6.474607e-006,0.000000e+000,0.000000e+000,0.000000e+000,3,0.000000e+000,1.825000e+000,,,,,,,,,,,,,,,,,,0,5.000000e+000,5.000000e-001,2,1,2.708435e-003,0,1,0,
1473256741.220,,-7.000000e+002,7.499860e+001,-4.904429e-006,0.000000e+000,0.000000e+000,0.000000e+000,3,0.000000e+000,1.825000e+000,,,,,,,,,,,,,,,,,,0,5.000000e+000,5.000000e-001,2,1,5.386353e-003,0,1,0,
1473256754.435,,-7.000000e+002,7.499860e+001,-6.334125e-006,0.000000e+000,0.000000e+000,0.000000e+000,3,0.000000e+000,1.825000e+000,,,,,,,,,,,,,,,,,,0,5.000000e+000,5.000000e-001,2,1,0.000000e+000,0,1,0,
1473256780.613,,-7.000000e+002,7.500264e+001,-6.740472e-006,0.000000e+000,0.000000e+000,0.000000e+000,3,0.000000e+000,1.825000e+000,,,,,,,,,,,,,,,,,,0,5.000000e+000,5.000000e-001,2,1,2.708435e-003,0,1,0,
1473256904.386,,-6.000000e+002,7.499051e+001,-3.073346e-006,0.000000e+000,0.000000e+000,0.000000e+000,3,0.000000e+000,1.825000e+000,,,,,,,,,,,,,,,,,,0,5.000000e+000,5.000000e-001,2,1,2.698517e-002,0,1,0,
1473256918.600,,-6.000000e+002,7.500400e+001,-2.083726e-006,0.000000e+000,0.000000e+000,0.000000e+000,3,0.000000e+000,1.825000e+000,,,,,,,,,,,,,,,,,,0,5.000000e+000,5.000000e-001,2,1,0.000000e+000,0,1,0,
1473256932.065,,-6.000000e+002,7.499995e+001,-2.899941e-006,0.000000e+000,0.000000e+000,0.000000e+000,3,0.000000e+000,1.825000e+000,,,,,,,,,,,,,,,,,,0,5.000000e+000,5.000000e-001,2,1,8.094788e-003,0,1,0,
1473256945.779,,-6.000000e+002,7.500130e+001,-2.808740e-006,0.000000e+000,0.000000e+000,0.000000e+000,3,0.000000e+000,1.825000e+000,,,,,,,,,,,,,,,,,,0,5.000000e+000,5.000000e-001,2,1,5.401611e-003,0,1,0,
1473257071.254,,-5.000000e+002,7.499860e+001,1.822769e-007,0.000000e+000,0.000000e+000,0.000000e+000,3,0.000000e+000,1.825000e+000,,,,,,,,,,,,,,,,,,0,5.000000e+000,5.000000e-001,2,1,1.081085e-002,0,1,0,
1473257086.719,,-5.000000e+002,7.499590e+001,-3.726423e-007,0.000000e+000,0.000000e+000,0.000000e+000,3,0.000000e+000,1.825000e+000,,,,,,,,,,,,,,,,,,0,5.000000e+000,5.000000e-001,2,1,5.409241e-003,0,1,0,
1473257101.934,,-5.000000e+002,7.499725e+001,-1.565387e-007,0.000000e+000,0.000000e+000,0.000000e+000,3,0.000000e+000,1.825000e+000,,,,,,,,,,,,,,,,,,0,5.000000e+000,5.000000e-001,2,1,2.693176e-003,0,1,0,
1473257115.398,,-5.000000e+002,7.499860e+001,4.013193e-008,0.000000e+000,0.000000e+000,0.000000e+000,3,0.000000e+000,1.825000e+000,,,,,,,,,,,,,,,,,,0,5.000000e+000,5.000000e-001,2,1,0.000000e+000,0,1,0,
1473257240.377,,-4.000000e+002,7.499725e+001,1.352321e-006,0.000000e+000,0.000000e+000,0.000000e+000,3,0.000000e+000,1.825000e+000,,,,,,,,,,,,,,,,,,0,5.000000e+000,5.000000e-001,2,1,2.693176e-003,0,1,0,
1473257253.295,,-4.000000e+002,7.500400e+001,1.106029e-006,0.000000e+000,0.000000e+000,0.000000e+000,3,0.000000e+000,1.825000e+000,,,,,,,,,,,,,,,,,,0,5.000000e+000,5.000000e-001,2,1,1.079559e-002,0,1,0,
1473257266.617,,-4.000000e+002,7.499725e+001,-2.460950e-005,0.000000e+000,-1.389044e+000,0.000000e+000,3,5.082927e-001,1.825000e+000,,,,,,,,,,,,,,,,,,0,5.000000e+000,5.000000e-001,2,1,2.693176e-003,0,1,0,
1473257281.331,,-4.000000e+002,7.499860e+001,1.534883e-006,0.000000e+000,0.000000e+000,0.000000e+000,3,0.000000e+000,1.825000e+000,,,,,,,,,,,,,,,,,,0,5.000000e+000,5.000000e-001,2,1,5.386353e-003,0,1,0,
1473257401.242,,-3.000000e+002,7.499860e+001,-2.041390e-006,0.000000e+000,-4.113776e-001,0.000000e+000,3,0.000000e+000,1.825000e+000,,,,,,,,,,,,,,,,,,0,5.000000e+000,5.000000e-001,2,1,5.386353e-003,0,1,0,
1473257416.815,,-3.000000e+002,7.499860e+001,-1.518932e-005,0.000000e+000,-1.736372e+000,0.000000e+000,3,1.578273e-001,1.825000e+000,,,,,,,,,,,,,,,,,,0,5.000000e+000,5.000000e-001,2,1,0.000000e+000,0,1,0,
1473257431.582,,-3.000000e+002,7.499994e+001,-1.480428e-005,0.000000e+000,-1.018299e+000,0.000000e+000,3,1.691139e-001,1.825000e+000,,,,,,,,,,,,,,,,,,0,5.000000e+000,5.000000e-001,2,1,2.693176e-003,0,1,0,
1473257447.050,,-3.000000e+002,7.500129e+001,1.348391e-006,0.000000e+000,-1.938614e-001,0.000000e+000,3,0.000000e+000,1.825000e+000,,,,,,,,,,,,,,,,,,0,5.000000e+000,5.000000e-001,2,1,0.000000e+000,0,1,0,
1473257568.775,,-2.000000e+002,7.499725e+001,2.734075e-006,0.000000e+000,-2.940900e-002,0.000000e+000,3,0.000000e+000,1.825000e+000,,,,,,,,,,,,,,,,,,0,5.000000e+000,5.000000e-001,2,1,2.693176e-003,0,1,0,
1473257583.421,,-2.000000e+002,7.500130e+001,2.844768e-006,0.000000e+000,-5.699508e-002,0.000000e+000,3,0.000000e+000,1.825000e+000,,,,,,,,,,,,,,,,,,0,5.000000e+000,5.000000e-001,2,1,5.401611e-003,0,1,0,
1473257598.493,,-2.000000e+002,7.499590e+001,2.388351e-006,0.000000e+000,-5.277702e-002,0.000000e+000,3,0.000000e+000,1.825000e+000,,,,,,,,,,,,,,,,,,0,5.000000e+000,5.000000e-001,2,1,5.409241e-003,0,1,0,
1473257610.457,,-2.000000e+002,7.499319e+001,9.864073e-007,0.000000e+000,-2.864859e-001,0.000000e+000,3,0.000000e+000,1.825000e+000,,,,,,,,,,,,,,,,,,0,5.000000e+000,5.000000e-001,2,1,0.000000e+000,0,1,0,
1473257721.932,,-1.800000e+002,7.498915e+001,2.752685e-006,0.000000e+000,1.144230e-003,0.000000e+000,3,0.000000e+000,1.825000e+000,,,,,,,,,,,,,,,,,,0,5.000000e+000,5.000000e-001,2,1,2.427673e-002,0,1,0,
1473257734.896,,-1.800000e+002,7.499860e+001,-1.432115e-005,0.000000e+000,-1.406942e+000,0.000000e+000,3,6.391723e-001,1.825000e+000,,,,,,,,,,,,,,,,,,0,5.000000e+000,5.000000e-001,2,1,5.386353e-003,0,1,0,
1473257749.363,,-1.800000e+002,7.499590e+001,2.531997e-006,0.000000e+000,-4.359609e-002,0.000000e+000,3,0.000000e+000,1.825000e+000,,,,,,,,,,,,,,,,,,0,5.000000e+000,5.000000e-001,2,1,0.000000e+000,0,1,0,
1473257761.347,,-1.800000e+002,7.499860e+001,2.627096e-006,0.000000e+000,-1.641952e-001,0.000000e+000,3,0.000000e+000,1.825000e+000,,,,,,,,,,,,,,,,,,0,5.000000e+000,5.000000e-001,2,1,0.000000e+000,0,1,0,
1473257873.072,,-1.600000e+002,7.500938e+001,3.001174e-006,0.000000e+000,-1.181046e-002,0.000000e+000,3,0.000000e+000,1.825000e+000,,,,,,,,,,,,,,,,,,0,5.000000e+000,5.000000e-001,2,1,2.158356e-002,0,1,0,
1473257886.286,,-1.600000e+002,7.499860e+001,1.164682e-006,0.000000e+000,-2.974586e-001,0.000000e+000,3,0.000000e+000,1.825000e+000,,,,,,,,,,,,,,,,,,0,5.000000e+000,5.000000e-001,2,1,0.000000e+000,0,1,0,
1473257899.000,,-1.600000e+002,7.499860e+001,1.650950e-006,0.000000e+000,-9.167083e-002,0.000000e+000,3,0.000000e+000,1.825000e+000,,,,,,,,,,,,,,,,,,0,5.000000e+000,5.000000e-001,2,1,5.386353e-003,0,1,0,
1473257914.215,,-1.600000e+002,7.500264e+001,2.928333e-006,0.000000e+000,-3.986934e-002,0.000000e+000,3,0.000000e+000,1.825000e+000,,,,,,,,,,,,,,,,,,0,5.000000e+000,5.000000e-001,2,1,8.087158e-003,0,1,0,
1473258022.939,,-1.400000e+002,7.499454e+001,2.659241e-006,0.000000e+000,-5.141543e-002,0.000000e+000,3,0.000000e+000,1.825000e+000,,,,,,,,,,,,,,,,,,0,5.000000e+000,5.000000e-001,2,1,2.716064e-003,0,1,0,
1473258037.403,,-1.400000e+002,7.499320e+001,2.833627e-006,0.000000e+000,4.656555e-002,0.000000e+000,3,0.000000e+000,1.825000e+000,,,,,,,,,,,,,,,,,,0,5.000000e+000,5.000000e-001,2,1,5.401611e-003,0,1,0,
1473258050.307,,-1.400000e+002,7.499454e+001,2.913398e-006,0.000000e+000,-4.546586e-002,0.000000e+000,3,0.000000e+000,1.825000e+000,,,,,,,,,,,,,,,,,,0,5.000000e+000,5.000000e-001,2,1,2.716064e-003,0,1,0,
1473258065.380,,-1.400000e+002,7.500264e+001,2.883894e-006,0.000000e+000,1.086261e-002,0.000000e+000,3,0.000000e+000,1.825000e+000,,,,,,,,,,,,,,,,,,0,5.000000e+000,5.000000e-001,2,1,8.087158e-003,0,1,0,
1473258180.886,,-1.200000e+002,7.500670e+001,2.750988e-006,0.000000e+000,4.169206e-002,0.000000e+000,3,0.000000e+000,1.825000e+000,,,,,,,,,,,,,,,,,,0,5.000000e+000,5.000000e-001,2,1,2.158356e-002,0,1,0,
1473258194.851,,-1.200000e+002,7.499320e+001,1.831284e-006,0.000000e+000,-2.876758e-002,0.000000e+000,3,0.000000e+000,1.825000e+000,,,,,,,,,,,,,,,,,,0,5.000000e+000,5.000000e-001,2,1,5.401611e-003,0,1,0,
1473258208.315,,-1.200000e+002,7.499320e+001,2.607557e-006,0.000000e+000,2.156999e-002,0.000000e+000,3,0.000000e+000,1.825000e+000,,,,,,,,,,,,,,,,,,0,5.000000e+000,5.000000e-001,2,1,5.401611e-003,0,1,0,
1473258223.030,,-1.200000e+002,7.500129e+001,2.253020e-006,0.000000e+000,-2.830934e-002,0.000000e+000,3,0.000000e+000,1.825000e+000,,,,,,,,,,,,,,,,,,0,5.000000e+000,5.000000e-001,2,1,0.000000e+000,0,1,0,
1473258333.781,,-1.000000e+002,7.500130e+001,2.425990e-006,0.000000e+000,-1.837883e-004,0.000000e+000,3,0.000000e+000,1.825000e+000,,,,,,,,,,,,,,,,,,0,5.000000e+000,5.000000e-001,2,1,5.401611e-003,0,1,0,
1473258347.749,,-1.000000e+002,7.499725e+001,2.407160e-006,0.000000e+000,-2.131487e-002,0.000000e+000,3,0.000000e+000,1.825000e+000,,,,,,,,,,,,,,,,,,0,5.000000e+000,5.000000e-001,2,1,2.693176e-003,0,1,0,
1473258364.214,,-1.000000e+002,7.500669e+001,-9.243661e-007,0.000000e+000,-4.489159e-001,0.000000e+000,3,0.000000e+000,1.825000e+000,,,,,,,,,,,,,,,,,,0,5.000000e+000,5.000000e-001,2,1,1.080322e-002,0,1,0,
1473258379.734,,-1.000000e+002,7.500130e+001,2.877401e-006,0.000000e+000,1.154908e-001,0.000000e+000,3,0.000000e+000,1.825000e+000,,,,,,,,,,,,,,,,,,0,5.000000e+000,5.000000e-001,2,1,5.401611e-003,0,1,0,
1473258487.897,,-8.000000e+001,7.500398e+001,1.499100e-006,0.000000e+000,-7.794576e-002,0.000000e+000,3,0.000000e+000,1.825000e+000,,,,,,,,,,,,,,,,,,0,5.000000e+000,5.000000e-001,2,1,5.393982e-003,0,1,0,
1473258500.661,,-8.000000e+001,7.499860e+001,-7.331962e-006,0.000000e+000,-1.399143e+000,0.000000e+000,3,6.057488e-001,1.825000e+000,,,,,,,,,,,,,,,,,,0,5.000000e+000,5.000000e-001,2,1,5.386353e-003,0,1,0,
1473258524.512,,-8.000000e+001,7.499860e+001,1.845983e-006,0.000000e+000,7.313821e-002,0.000000e+000,3,0.000000e+000,1.825000e+000,,,,,,,,,,,,,,,,,,0,5.000000e+000,5.000000e-001,2,1,5.386353e-003,0,1,0,
1473258539.226,,-8.000000e+001,7.499725e+001,1.594128e-006,0.000000e+000,-2.178209e-002,0.000000e+000,3,0.000000e+000,1.825000e+000,,,,,,,,,,,,,,,,,,0,5.000000e+000,5.000000e-001,2,1,2.693176e-003,0,1,0,
1473258648.205,,-6.000000e+001,7.500534e+001,1.521524e-006,0.000000e+000,-3.320295e-002,0.000000e+000,3,0.000000e+000,1.825000e+000,,,,,,,,,,,,,,,,,,0,5.000000e+000,5.000000e-001,2,1,2.429962e-002,0,1,0,
1473258691.703,,-6.000000e+001,7.500264e+001,1.398316e-006,0.000000e+000,-6.170652e-003,0.000000e+000,3,0.000000e+000,1.825000e+000,,,,,,,,,,,,,,,,,,0,5.000000e+000,5.000000e-001,2,1,2.708435e-003,0,1,0,
1473258703.970,,-6.000000e+001,7.499995e+001,1.442019e-006,0.000000e+000,0.000000e+000,0.000000e+000,3,0.000000e+000,1.825000e+000,,,,,,,,,,,,,,,,,,0,5.000000e+000,5.000000e-001,2,1,8.094788e-003,0,1,0,
1473258716.434,,-6.000000e+001,7.500264e+001,1.672633e-006,0.000000e+000,0.000000e+000,0.000000e+000,3,0.000000e+000,1.825000e+000,,,,,,,,,,,,,,,,,,0,5.000000e+000,5.000000e-001,2,1,2.708435e-003,0,1,0,
1473258827.158,,-4.000000e+001,7.499590e+001,1.212819e-006,0.000000e+000,2.087146e-001,0.000000e+000,3,0.000000e+000,1.825000e+000,,,,,,,,,,,,,,,,,,0,5.000000e+000,5.000000e-001,2,1,1.078796e-002,0,1,0,
1473258840.372,,-4.000000e+001,7.500264e+001,1.551313e-006,0.000000e+000,-9.502483e-002,0.000000e+000,3,0.000000e+000,1.825000e+000,,,,,,,,,,,,,,,,,,0,5.000000e+000,5.000000e-001,2,1,8.087158e-003,0,1,0,
1473258884.314,,-4.000000e+001,7.499320e+001,2.036638e-006,0.000000e+000,4.575794e-002,0.000000e+000,3,0.000000e+000,1.825000e+000,,,,,,,,,,,,,,,,,,0,5.000000e+000,5.000000e-001,2,1,5.401611e-003,0,1,0,
1473258898.528,,-4.000000e+001,7.499860e+001,1.755694e-006,0.000000e+000,2.636339e-002,0.000000e+000,3,0.000000e+000,1.825000e+000,,,,,,,,,,,,,,,,,,0,5.000000e+000,5.000000e-001,2,1,0.000000e+000,0,1,0,
1473259007.756,,-2.000000e+001,7.500804e+001,7.678859e-007,0.000000e+000,2.764021e-001,0.000000e+000,3,0.000000e+000,1.825000e+000,,,,,,,,,,,,,,,,,,0,5.000000e+000,5.000000e-001,2,1,2.427673e-002,0,1,0,
1473259020.720,,-2.000000e+001,7.499995e+001,6.073857e-007,0.000000e+000,1.393771e+000,0.000000e+000,3,0.000000e+000,1.825000e+000,,,,,,,,,,,,,,,,,,0,5.000000e+000,5.000000e-001,2,1,8.094788e-003,0,1,0,
1473259035.936,,-2.000000e+001,7.499860e+001,1.285219e-006,0.000000e+000,2.326303e-001,0.000000e+000,3,0.000000e+000,1.825000e+000,,,,,,,,,,,,,,,,,,0,5.000000e+000,5.000000e-001,2,1,5.386353e-003,0,1,0,
1473259048.649,,-2.000000e+001,7.500264e+001,1.434879e-006,0.000000e+000,1.029881e-001,0.000000e+000,3,0.000000e+000,1.825000e+000,,,,,,,,,,,,,,,,,,0,5.000000e+000,5.000000e-001,2,1,2.708435e-003,0,1,0,
1473259159.678,,0.000000e+000,7.499994e+001,8.953457e-007,0.000000e+000,4.400668e-001,0.000000e+000,3,0.000000e+000,1.825000e+000,,,,,,,,,,,,,,,,,,0,5.000000e+000,5.000000e-001,2,1,2.693176e-003,0,1,0,
1473259175.643,,0.000000e+000,7.499994e+001,1.057934e-006,0.000000e+000,-2.997180e-002,0.000000e+000,3,1.658644e-001,1.825000e+000,,,,,,,,,,,,,,,,,,0,5.000000e+000,5.000000e-001,2,1,2.693176e-003,0,1,0,
1473259189.108,,0.000000e+000,7.499860e+001,7.222732e-007,0.000000e+000,-1.204305e-001,0.000000e+000,3,0.000000e+000,1.825000e+000,,,,,,,,,,,,,,,,,,0,5.000000e+000,5.000000e-001,2,1,5.386353e-003,0,1,0,
1473259202.572,,0.000000e+000,7.499994e+001,5.559148e-007,0.000000e+000,1.610163e-001,0.000000e+000,3,0.000000e+000,1.825000e+000,,,,,,,,,,,,,,,,,,0,5.000000e+000,5.000000e-001,2,1,2.693176e-003,0,1,0,
1473259309.549,,2.000000e+001,7.500400e+001,1.382444e-006,0.000000e+000,0.000000e+000,0.000000e+000,3,0.000000e+000,1.825000e+000,,,,,,,,,,,,,,,,,,0,5.000000e+000,5.000000e-001,2,1,2.698517e-002,0,1,0,
1473259324.514,,2.000000e+001,7.499590e+001,4.809872e-007,0.000000e+000,0.000000e+000,0.000000e+000,3,0.000000e+000,1.825000e+000,,,,,,,,,,,,,,,,,,0,5.000000e+000,5.000000e-001,2,1,0.000000e+000,0,1,0,
1473259338.478,,2.000000e+001,7.499860e+001,3.377561e-007,0.000000e+000,0.000000e+000,0.000000e+000,3,0.000000e+000,1.825000e+000,,,,,,,,,,,,,,,,,,0,5.000000e+000,5.000000e-001,2,1,0.000000e+000,0,1,0,
1473259352.693,,2.000000e+001,7.499994e+001,1.004300e-006,0.000000e+000,-1.284640e+000,0.000000e+000,3,0.000000e+000,1.825000e+000,,,,,,,,,,,,,,,,,,0,5.000000e+000,5.000000e-001,2,1,2.693176e-003,0,1,0,
1473259490.267,,4.000000e+001,7.499860e+001,-4.289169e-008,0.000000e+000,0.000000e+000,0.000000e+000,3,0.000000e+000,1.825000e+000,,,,,,,,,,,,,,,,,,0,5.000000e+000,5.000000e-001,2,1,0.000000e+000,0,1,0,
1473259503.482,,4.000000e+001,7.500534e+001,7.189759e-007,0.000000e+000,0.000000e+000,0.000000e+000,3,0.000000e+000,1.825000e+000,,,,,,,,,,,,,,,,,,0,5.000000e+000,5.000000e-001,2,1,2.685547e-003,0,1,0,
1473259516.446,,4.000000e+001,7.498916e+001,5.725675e-007,0.000000e+000,0.000000e+000,0.000000e+000,3,0.000000e+000,1.825000e+000,,,,,,,,,,,,,,,,,,0,5.000000e+000,5.000000e-001,2,1,1.887512e-002,0,1,0,
1473259532.599,,4.000000e+001,7.499995e+001,4.021713e-007,0.000000e+000,0.000000e+000,0.000000e+000,3,0.000000e+000,1.825000e+000,,,,,,,,,,,,,,,,,,0,5.000000e+000,5.000000e-001,2,1,8.094788e-003,0,1,0,
1473259641.935,,6.000000e+001,7.500264e+001,4.780043e-008,0.000000e+000,0.000000e+000,0.000000e+000,3,0.000000e+000,1.825000e+000,,,,,,,,,,,,,,,,,,0,5.000000e+000,5.000000e-001,2,1,2.708435e-003,0,1,0,
1473259656.678,,6.000000e+001,7.499994e+001,-6.828107e-008,0.000000e+000,0.000000e+000,0.000000e+000,3,0.000000e+000,1.825000e+000,,,,,,,,,,,,,,,,,,0,5.000000e+000,5.000000e-001,2,1,2.693176e-003,0,1,0,
1473259679.106,,6.000000e+001,7.500130e+001,4.498394e-006,0.000000e+000,-1.442221e+000,0.000000e+000,3,4.272896e-001,1.825000e+000,,,,,,,,,,,,,,,,,,0,5.000000e+000,5.000000e-001,2,1,5.401611e-003,0,1,0,
1473259694.071,,6.000000e+001,7.499860e+001,-1.445121e-007,0.000000e+000,0.000000e+000,0.000000e+000,3,0.000000e+000,1.825000e+000,,,,,,,,,,,,,,,,,,0,5.000000e+000,5.000000e-001,2,1,0.000000e+000,0,1,0,
1473259804.742,,8.000000e+001,7.499455e+001,6.212662e-006,0.000000e+000,-1.435247e+000,0.000000e+000,3,4.692836e-001,1.825000e+000,,,,,,,,,,,,,,,,,,0,5.000000e+000,5.000000e-001,2,1,8.094788e-003,0,1,0,
1473259817.564,,8.000000e+001,7.500129e+001,5.708424e-006,0.000000e+000,-1.436483e+000,0.000000e+000,3,4.856516e-001,1.825000e+000,,,,,,,,,,,,,,,,,,0,5.000000e+000,5.000000e-001,2,1,0.000000e+000,0,1,0,
1473259831.457,,8.000000e+001,7.500264e+001,-1.800300e-007,0.000000e+000,0.000000e+000,0.000000e+000,3,0.000000e+000,1.825000e+000,,,,,,,,,,,,,,,,,,0,5.000000e+000,5.000000e-001,2,1,8.087158e-003,0,1,0,
1473259846.783,,8.000000e+001,7.500130e+001,2.598622e-006,0.000000e+000,-7.143233e-001,0.000000e+000,3,0.000000e+000,1.825000e+000,,,,,,,,,,,,,,,,,,0,5.000000e+000,5.000000e-001,2,1,1.078033e-002,0,1,0,
1473259955.012,,1.000000e+002,7.500130e+001,-3.217475e-007,0.000000e+000,0.000000e+000,0.000000e+000,3,0.000000e+000,1.825000e+000,,,,,,,,,,,,,,,,,,0,5.000000e+000,5.000000e-001,2,1,5.401611e-003,0,1,0,
1473259980.690,,1.000000e+002,7.499860e+001,-3.219708e-007,0.000000e+000,0.000000e+000,0.000000e+000,3,0.000000e+000,1.825000e+000,,,,,,,,,,,,,,,,,,0,5.000000e+000,5.000000e-001,2,1,0.000000e+000,0,1,0,
1473259994.655,,1.000000e+002,7.499994e+001,7.633740e-006,0.000000e+000,-1.376688e+000,0.000000e+000,3,5.306152e-001,1.825000e+000,,,,,,,,,,,,,,,,,,0,5.000000e+000,5.000000e-001,2,1,2.693176e-003,0,1,0,
1473260007.893,,1.000000e+002,7.499320e+001,-2.427209e-007,0.000000e+000,0.000000e+000,0.000000e+000,3,0.000000e+000,1.825000e+000,,,,,,,,,,,,,,,,,,0,5.000000e+000,5.000000e-001,2,1,1.078796e-002,0,1,0,
1473260136.332,,1.200000e+002,7.499724e+001,-8.805650e-007,0.000000e+000,0.000000e+000,0.000000e+000,3,0.000000e+000,1.825000e+000,,,,,,,,,,,,,,,,,,0,5.000000e+000,5.000000e-001,2,1,8.102417e-003,0,1,0,
1473260151.300,,1.200000e+002,7.500129e+001,-2.216311e-007,0.000000e+000,0.000000e+000,0.000000e+000,3,0.000000e+000,1.825000e+000,,,,,,,,,,,,,,,,,,0,5.000000e+000,5.000000e-001,2,1,0.000000e+000,0,1,0,
1473260165.515,,1.200000e+002,7.500130e+001,-9.437053e-007,0.000000e+000,0.000000e+000,0.000000e+000,3,0.000000e+000,1.825000e+000,,,,,,,,,,,,,,,,,,0,5.000000e+000,5.000000e-001,2,1,5.401611e-003,0,1,0,
1473260179.535,,1.200000e+002,7.499590e+001,9.203467e-006,0.000000e+000,-1.363517e+000,0.000000e+000,3,5.421714e-001,1.825000e+000,,,,,,,,,,,,,,,,,,0,5.000000e+000,5.000000e-001,2,1,0.000000e+000,0,1,0,
1473260289.769,,1.400000e+002,7.500129e+001,-2.151490e-006,0.000000e+000,0.000000e+000,0.000000e+000,3,0.000000e+000,1.825000e+000,,,,,,,,,,,,,,,,,,0,5.000000e+000,5.000000e-001,2,1,0.000000e+000,0,1,0,
1473260302.734,,1.400000e+002,7.499860e+001,-4.909300e-007,0.000000e+000,0.000000e+000,0.000000e+000,3,0.000000e+000,1.825000e+000,,,,,,,,,,,,,,,,,,0,5.000000e+000,5.000000e-001,2,1,5.386353e-003,0,1,0,
1473260315.698,,1.400000e+002,7.499860e+001,1.029082e-005,0.000000e+000,-1.348823e+000,0.000000e+000,3,5.628898e-001,1.825000e+000,,,,,,,,,,,,,,,,,,0,5.000000e+000,5.000000e-001,2,1,5.386353e-003,0,1,0,
1473260328.668,,1.400000e+002,7.499860e+001,-6.963445e-007,0.000000e+000,0.000000e+000,0.000000e+000,3,0.000000e+000,1.825000e+000,,,,,,,,,,,,,,,,,,0,5.000000e+000,5.000000e-001,2,1,5.386353e-003,0,1,0,
1473260466.325,,1.600000e+002,7.499725e+001,-8.264626e-007,0.000000e+000,0.000000e+000,0.000000e+000,3,0.000000e+000,1.825000e+000,,,,,,,,,,,,,,,,,,0,5.000000e+000,5.000000e-001,2,1,2.693176e-003,0,1,0,
1473260478.539,,1.600000e+002,7.500129e+001,-1.773681e-006,0.000000e+000,-6.623034e-002,0.000000e+000,3,0.000000e+000,1.825000e+000,,,,,,,,,,,,,,,,,,0,5.000000e+000,5.000000e-001,2,1,0.000000e+000,0,1,0,
1473260491.503,,1.600000e+002,7.499590e+001,1.212765e-005,0.000000e+000,-1.376314e+000,0.000000e+000,3,5.406909e-001,1.825000e+000,,,,,,,,,,,,,,,,,,0,5.000000e+000,5.000000e-001,2,1,0.000000e+000,0,1,0,
1473260505.010,,1.600000e+002,7.500264e+001,-1.181924e-006,0.000000e+000,0.000000e+000,0.000000e+000,3,0.000000e+000,1.825000e+000,,,,,,,,,,,,,,,,,,0,5.000000e+000,5.000000e-001,2,1,8.087158e-003,0,1,0,
1473260622.985,,1.800000e+002,7.499590e+001,-1.688261e-006,0.000000e+000,0.000000e+000,0.000000e+000,3,0.000000e+000,1.825000e+000,,,,,,,,,,,,,,,,,,0,5.000000e+000,5.000000e-001,2,1,0.000000e+000,0,1,0,
1473260636.949,,1.800000e+002,7.500669e+001,-2.122985e-006,0.000000e+000,-2.334574e+000,0.000000e+000,3,0.000000e+000,1.825000e+000,,,,,,,,,,,,,,,,,,0,5.000000e+000,5.000000e-001,2,1,1.080322e-002,0,1,0,
1473260650.692,,1.800000e+002,7.499725e+001,-7.446852e-007,0.000000e+000,0.000000e+000,0.000000e+000,3,0.000000e+000,1.825000e+000,,,,,,,,,,,,,,,,,,0,5.000000e+000,5.000000e-001,2,1,2.693176e-003,0,1,0,
1473260663.907,,1.800000e+002,7.499860e+001,1.327246e-005,0.000000e+000,-1.380657e+000,0.000000e+000,3,5.314342e-001,1.825000e+000,,,,,,,,,,,,,,,,,,0,5.000000e+000,5.000000e-001,2,1,1.081085e-002,0,1,0,
1473260772.135,,2.000000e+002,7.499860e+001,-1.373067e-006,0.000000e+000,0.000000e+000,0.000000e+000,3,0.000000e+000,1.825000e+000,,,,,,,,,,,,,,,,,,0,5.000000e+000,5.000000e-001,2,1,5.386353e-003,0,1,0,
1473260785.849,,2.000000e+002,7.500264e+001,-1.025653e-006,0.000000e+000,0.000000e+000,0.000000e+000,3,0.000000e+000,1.825000e+000,,,,,,,,,,,,,,,,,,0,5.000000e+000,5.000000e-001,2,1,2.708435e-003,0,1,0,
1473260798.813,,2.000000e+002,7.499320e+001,-7.929997e-007,0.000000e+000,0.000000e+000,0.000000e+000,3,0.000000e+000,1.825000e+000,,,,,,,,,,,,,,,,,,0,5.000000e+000,5.000000e-001,2,1,3.237915e-002,0,1,0,
1473260815.312,,2.000000e+002,7.499994e+001,-4.579605e-007,0.000000e+000,0.000000e+000,0.000000e+000,3,0.000000e+000,1.825000e+000,,,,,,,,,,,,,,,,,,0,5.000000e+000,5.000000e-001,2,1,2.693176e-003,0,1,0,
1473260951.053,,3.000000e+002,7.499454e+001,-1.219057e-006,0.000000e+000,0.000000e+000,0.000000e+000,3,0.000000e+000,1.825000e+000,,,,,,,,,,,,,,,,,,0,5.000000e+000,5.000000e-001,2,1,2.716064e-003,0,1,0,
1473260963.068,,3.000000e+002,7.499995e+001,-3.532932e-007,0.000000e+000,0.000000e+000,0.000000e+000,3,0.000000e+000,1.825000e+000,,,,,,,,,,,,,,,,,,0,5.000000e+000,5.000000e-001,2,1,8.094788e-003,0,1,0,
1473260987.246,,3.000000e+002,7.499994e+001,-5.050048e-007,0.000000e+000,0.000000e+000,0.000000e+000,3,0.000000e+000,1.825000e+000,,,,,,,,,,,,,,,,,,0,5.000000e+000,5.000000e-001,2,1,1.349640e-002,0,1,0,
1473261001.210,,3.000000e+002,7.499590e+001,-4.576852e-007,0.000000e+000,0.000000e+000,0.000000e+000,3,0.000000e+000,1.825000e+000,,,,,,,,,,,,,,,,,,0,5.000000e+000,5.000000e-001,2,1,5.409241e-003,0,1,0,
1473261122.440,,4.000000e+002,7.500400e+001,3.340646e-007,0.000000e+000,0.000000e+000,0.000000e+000,3,0.000000e+000,1.825000e+000,,,,,,,,,,,,,,,,,,0,5.000000e+000,5.000000e-001,2,1,1.079559e-002,0,1,0,
1473261137.837,,4.000000e+002,7.499725e+001,5.587502e-007,0.000000e+000,0.000000e+000,0.000000e+000,3,0.000000e+000,1.825000e+000,,,,,,,,,,,,,,,,,,0,5.000000e+000,5.000000e-001,2,1,2.693176e-003,0,1,0,
1473261151.409,,4.000000e+002,7.499725e+001,3.901844e-007,0.000000e+000,0.000000e+000,0.000000e+000,3,0.000000e+000,1.825000e+000,,,,,,,,,,,,,,,,,,0,5.000000e+000,5.000000e-001,2,1,1.349640e-002,0,1,0,
1473261164.134,,4.000000e+002,7.500264e+001,8.582408e-008,0.000000e+000,0.000000e+000,0.000000e+000,3,0.000000e+000,1.825000e+000,,,,,,,,,,,,,,,,,,0,5.000000e+000,5.000000e-001,2,1,2.708435e-003,0,1,0,
1473261288.109,,5.000000e+002,7.499994e+001,2.264155e-006,0.000000e+000,0.000000e+000,0.000000e+000,3,0.000000e+000,1.825000e+000,,,,,,,,,,,,,,,,,,0,5.000000e+000,5.000000e-001,2,1,2.693176e-003,0,1,0,
1473261300.074,,5.000000e+002,7.499860e+001,2.083064e-006,0.000000e+000,0.000000e+000,0.000000e+000,3,0.000000e+000,1.825000e+000,,,,,,,,,,,,,,,,,,0,5.000000e+000,5.000000e-001,2,1,1.081085e-002,0,1,0,
1473261315.039,,5.000000e+002,7.499860e+001,2.301501e-006,0.000000e+000,0.000000e+000,0.000000e+000,3,0.000000e+000,1.825000e+000,,,,,,,,,,,,,,,,,,0,5.000000e+000,5.000000e-001,2,1,0.000000e+000,0,1,0,
1473261329.814,,5.000000e+002,7.500398e+001,1.977658e-006,0.000000e+000,0.000000e+000,0.000000e+000,3,0.000000e+000,1.825000e+000,,,,,,,,,,,,,,,,,,0,5.000000e+000,5.000000e-001,2,1,5.393982e-003,0,1,0,
1473261445.293,,6.000000e+002,7.499590e+001,3.836142e-006,0.000000e+000,0.000000e+000,0.000000e+000,3,0.000000e+000,1.825000e+000,,,,,,,,,,,,,,,,,,0,5.000000e+000,5.000000e-001,2,1,1.078796e-002,0,1,0,
1473261458.007,,6.000000e+002,7.500129e+001,4.540396e-006,0.000000e+000,0.000000e+000,0.000000e+000,3,0.000000e+000,1.825000e+000,,,,,,,,,,,,,,,,,,0,5.000000e+000,5.000000e-001,2,1,0.000000e+000,0,1,0,
1473261471.471,,6.000000e+002,7.499860e+001,4.326163e-006,0.000000e+000,0.000000e+000,0.000000e+000,3,0.000000e+000,1.825000e+000,,,,,,,,,,,,,,,,,,0,5.000000e+000,5.000000e-001,2,1,5.386353e-003,0,1,0,
1473261485.616,,6.000000e+002,7.499454e+001,4.703889e-006,0.000000e+000,0.000000e+000,0.000000e+000,3,0.000000e+000,1.825000e+000,,,,,,,,,,,,,,,,,,0,5.000000e+000,5.000000e-001,2,1,2.716064e-003,0,1,0,
1473261605.699,,7.000000e+002,7.499051e+001,7.190117e-006,0.000000e+000,0.000000e+000,0.000000e+000,3,0.000000e+000,1.825000e+000,,,,,,,,,,,,,,,,,,0,5.000000e+000,5.000000e-001,2,1,1.079559e-002,0,1,0,
1473261619.669,,7.000000e+002,7.499994e+001,7.737108e-006,0.000000e+000,0.000000e+000,0.000000e+000,3,0.000000e+000,1.825000e+000,,,,,,,,,,,,,,,,,,0,5.000000e+000,5.000000e-001,2,1,2.693176e-003,0,1,0,
1473261632.634,,7.000000e+002,7.500535e+001,6.880474e-006,0.000000e+000,0.000000e+000,0.000000e+000,3,0.000000e+000,1.825000e+000,,,,,,,,,,,,,,,,,,0,5.000000e+000,5.000000e-001,2,1,1.889038e-002,0,1,0,
1473261646.102,,7.000000e+002,7.500130e+001,7.665934e-006,0.000000e+000,0.000000e+000,0.000000e+000,3,0.000000e+000,1.825000e+000,,,,,,,,,,,,,,,,,,0,5.000000e+000,5.000000e-001,2,1,1.078033e-002,0,1,0,
1473261762.577,,1.000000e+003,7.500130e+001,2.888835e-005,0.000000e+000,-1.245843e+000,0.000000e+000,3,6.515228e-003,1.825000e+000,,,,,,,,,,,,,,,,,,0,5.000000e+000,5.000000e-001,2,1,5.401611e-003,0,1,0,
1473261777.041,,1.000000e+003,7.499994e+001,2.899058e-005,0.000000e+000,-1.244304e+000,0.000000e+000,3,6.538939e-003,1.825000e+000,,,,,,,,,,,,,,,,,,0,5.000000e+000,5.000000e-001,2,1,2.693176e-003,0,1,0,
1473261789.505,,1.000000e+003,7.499994e+001,2.912903e-005,0.000000e+000,-1.245644e+000,0.000000e+000,3,6.102911e-003,1.825000e+000,,,,,,,,,,,,,,,,,,0,5.000000e+000,5.000000e-001,2,1,2.693176e-003,0,1,0,
1473261802.470,,1.000000e+003,7.499725e+001,2.892590e-005,0.000000e+000,-1.248221e+000,0.000000e+000,3,4.585270e-003,1.825000e+000,,,,,,,,,,,,,,,,,,0,5.000000e+000,5.000000e-001,2,1,2.693176e-003,0,1,0,
1473261939.216,,3.000000e+003,7.499319e+001,1.059850e-004,0.000000e+000,-4.879324e-002,0.000000e+000,3,6.045825e-001,1.825000e+000,,,,,,,,,,,,,,,,,,0,5.000000e+000,5.000000e-001,2,1,0.000000e+000,0,1,0,
1473261952.958,,3.000000e+003,7.499319e+001,1.066202e-004,0.000000e+000,-4.630256e-002,0.000000e+000,3,6.057489e-001,1.825000e+000,,,,,,,,,,,,,,,,,,0,5.000000e+000,5.000000e-001,2,1,0.000000e+000,0,1,0,
1473261965.217,,3.000000e+003,7.499590e+001,1.064976e-004,0.000000e+000,-4.092369e-002,0.000000e+000,3,6.096189e-001,1.825000e+000,,,,,,,,,,,,,,,,,,0,5.000000e+000,5.000000e-001,2,1,5.409241e-003,0,1,0,
1473261978.183,,3.000000e+003,7.499724e+001,1.059916e-004,0.000000e+000,-4.577979e-002,0.000000e+000,3,6.110459e-001,1.825000e+000,,,,,,,,,,,,,,,,,,0,5.000000e+000,5.000000e-001,2,1,8.102417e-003,0,1,0,
1473262104.660,,5.000000e+003,7.499725e+001,1.818223e-004,0.000000e+000,-1.256956e-002,0.000000e+000,3,7.566168e-001,1.825000e+000,,,,,,,,,,,,,,,,,,0,5.000000e+000,5.000000e-001,2,1,2.693176e-003,0,1,0,
1473262116.804,,5.000000e+003,7.499320e+001,1.819820e-004,0.000000e+000,-1.520349e-002,0.000000e+000,3,7.567050e-001,1.825000e+000,,,,,,,,,,,,,,,,,,0,5.000000e+000,5.000000e-001,2,1,5.401611e-003,0,1,0,
1473262129.626,,5.000000e+003,7.499590e+001,1.817693e-004,0.000000e+000,-1.267427e-002,0.000000e+000,3,7.555191e-001,1.825000e+000,,,,,,,,,,,,,,,,,,0,5.000000e+000,5.000000e-001,2,1,1.078796e-002,0,1,0,
1473262140.340,,5.000000e+003,7.500129e+001,1.820484e-004,0.000000e+000,-1.130563e-002,0.000000e+000,3,7.562707e-001,1.825000e+000,,,,,,,,,,,,,,,,,,0,5.000000e+000,5.000000e-001,2,1,0.000000e+000,0,1,0,
1473262267.070,,7.000000e+003,7.499050e+001,2.418791e-004,0.000000e+000,-2.402054e-003,0.000000e+000,3,8.119844e-001,1.825000e+000,,,,,,,,,,,,,,,,,,0,5.000000e+000,5.000000e-001,2,1,1.618958e-002,0,1,0,
1473262282.084,,7.000000e+003,7.499860e+001,2.423507e-004,0.000000e+000,-3.140533e-003,0.000000e+000,3,8.126194e-001,1.825000e+000,,,,,,,,,,,,,,,,,,0,5.000000e+000,5.000000e-001,2,1,0.000000e+000,0,1,0,
1473262296.048,,7.000000e+003,7.499725e+001,2.418987e-004,0.000000e+000,-1.549764e-003,0.000000e+000,3,8.121315e-001,1.825000e+000,,,,,,,,,,,,,,,,,,0,5.000000e+000,5.000000e-001,2,1,2.693176e-003,0,1,0,
1473262308.262,,7.000000e+003,7.500129e+001,2.416416e-004,0.000000e+000,-2.997310e-003,0.000000e+000,3,8.097836e-001,1.825000e+000,,,,,,,,,,,,,,,,,,0,5.000000e+000,5.000000e-001,2,1,0.000000e+000,0,1,0,
1473262432.989,,9.000000e+003,7.500264e+001,2.900412e-004,0.000000e+000,3.212932e-003,0.000000e+000,3,8.421201e-001,1.825000e+000,,,,,,,,,,,,,,,,,,0,5.000000e+000,5.000000e-001,2,1,2.708435e-003,0,1,0,
1473262445.264,,9.000000e+003,7.499860e+001,2.894242e-004,0.000000e+000,1.251090e-002,0.000000e+000,3,8.217621e-001,1.825000e+000,,,,,,,,,,,,,,,,,,0,5.000000e+000,5.000000e-001,2,1,1.081085e-002,0,1,0,
1473262457.283,,9.000000e+003,7.499454e+001,2.903863e-004,0.000000e+000,2.353516e-003,0.000000e+000,3,8.407115e-001,1.825000e+000,,,,,,,,,,,,,,,,,,0,5.000000e+000,5.000000e-001,2,1,2.716064e-003,0,1,0,
1473262469.768,,9.000000e+003,7.499320e+001,2.902598e-004,0.000000e+000,3.591619e-003,0.000000e+000,3,8.416327e-001,1.825000e+000,,,,,,,,,,,,,,,,,,0,5.000000e+000,5.000000e-001,2,1,1.078796e-002,0,1,0,
1473262589.745,,1.000000e+004,7.499590e+001,3.111692e-004,0.000000e+000,3.501359e-003,0.000000e+000,3,8.504295e-001,1.825000e+000,,,,,,,,,,,,,,,,,,0,5.000000e+000,5.000000e-001,2,1,1.618958e-002,0,1,0,
1473262603.960,,1.000000e+004,7.500400e+001,3.110615e-004,0.000000e+000,4.714017e-003,0.000000e+000,3,8.510754e-001,1.825000e+000,,,,,,,,,,,,,,,,,,0,5.000000e+000,5.000000e-001,2,1,0.000000e+000,0,1,0,
1473262618.424,,1.000000e+004,7.499725e+001,3.107665e-004,0.000000e+000,2.273597e-003,0.000000e+000,3,8.518353e-001,1.825000e+000,,,,,,,,,,,,,,,,,,0,5.000000e+000,5.000000e-001,2,1,2.693176e-003,0,1,0,
1473262630.388,,1.000000e+004,7.499590e+001,3.102097e-004,0.000000e+000,3.067297e-003,0.000000e+000,3,8.512383e-001,1.825000e+000,,,,,,,,,,,,,,,,,,0,5.000000e+000,5.000000e-001,2,1,5.409241e-003,0,1,0,
1473262787.069,,2.000000e+004,7.499994e+001,4.526248e-004,0.000000e+000,1.136917e-002,0.000000e+000,3,8.926014e-001,1.825000e+000,,,,,,,,,,,,,,,,,,0,5.000000e+000,5.000000e-001,2,1,2.693176e-003,0,1,0,
1473262802.392,,2.000000e+004,7.500130e+001,4.517696e-004,0.000000e+000,1.015116e-002,0.000000e+000,3,8.912689e-001,1.825000e+000,,,,,,,,,,,,,,,,,,0,5.000000e+000,5.000000e-001,2,1,5.401611e-003,0,1,0,
1473262817.130,,2.000000e+004,7.500130e+001,4.525829e-004,0.000000e+000,1.129252e-002,0.000000e+000,3,8.946899e-001,1.825000e+000,,,,,,,,,,,,,,,,,,0,5.000000e+000,5.000000e-001,2,1,5.401611e-003,0,1,0,
1473262829.777,,2.000000e+004,7.499994e+001,4.518856e-004,0.000000e+000,1.110474e-002,0.000000e+000,3,8.921118e-001,1.825000e+000,,,,,,,,,,,,,,,,,,0,5.000000e+000,5.000000e-001,2,1,2.693176e-003,0,1,0,
1473262999.119,,3.000000e+004,7.500668e+001,5.344116e-004,0.000000e+000,1.602263e-002,0.000000e+000,3,9.087168e-001,1.825000e+000,,,,,,,,,,,,,,,,,,0,5.000000e+000,5.000000e-001,2,1,2.699280e-002,0,1,0,
1473263011.083,,3.000000e+004,7.499724e+001,5.336597e-004,0.000000e+000,1.632819e-002,0.000000e+000,3,9.082817e-001,1.825000e+000,,,,,,,,,,,,,,,,,,0,5.000000e+000,5.000000e-001,2,1,8.102417e-003,0,1,0,
1473263024.048,,3.000000e+004,7.499860e+001,5.317440e-004,0.000000e+000,1.446570e-002,0.000000e+000,3,9.095175e-001,1.825000e+000,,,,,,,,,,,,,,,,,,0,5.000000e+000,5.000000e-001,2,1,5.386353e-003,0,1,0,
1473263036.762,,3.000000e+004,7.500398e+001,5.356446e-004,0.000000e+000,1.483904e-002,0.000000e+000,3,9.066274e-001,1.825000e+000,,,,,,,,,,,,,,,,,,0,5.000000e+000,5.000000e-001,2,1,5.393982e-003,0,1,0,
1473263194.996,,4.000000e+004,7.499860e+001,5.888137e-004,0.000000e+000,1.706993e-002,0.000000e+000,3,9.134951e-001,1.825000e+000,,,,,,,,,,,,,,,,,,0,5.000000e+000,5.000000e-001,2,1,0.000000e+000,0,1,0,
1473263206.512,,4.000000e+004,7.499994e+001,5.936499e-004,0.000000e+000,1.786527e-002,0.000000e+000,3,9.148541e-001,1.825000e+000,,,,,,,,,,,,,,,,,,0,5.000000e+000,5.000000e-001,2,1,2.693176e-003,0,1,0,
1473263221.976,,4.000000e+004,7.499590e+001,5.917833e-004,0.000000e+000,1.766683e-002,0.000000e+000,3,9.128450e-001,1.825000e+000,,,,,,,,,,,,,,,,,,0,5.000000e+000,5.000000e-001,2,1,5.409241e-003,0,1,0,
1473263234.738,,4.000000e+004,7.499724e+001,5.931638e-004,0.000000e+000,1.505897e-002,0.000000e+000,3,9.127558e-001,1.825000e+000,,,,,,,,,,,,,,,,,,0,5.000000e+000,5.000000e-001,2,1,8.102417e-003,0,1,0,
1473263401.902,,5.000000e+004,7.499994e+001,6.304483e-004,0.000000e+000,2.061932e-002,0.000000e+000,3,9.190358e-001,1.825000e+000,,,,,,,,,,,,,,,,,,0,5.000000e+000,5.000000e-001,2,1,2.693176e-003,0,1,0,
1473263413.725,,5.000000e+004,7.500400e+001,6.325702e-004,0.000000e+000,2.019347e-002,0.000000e+000,3,9.234650e-001,1.825000e+000,,,,,,,,,,,,,,,,,,0,5.000000e+000,5.000000e-001,2,1,1.079559e-002,0,1,0,
1473263427.387,,5.000000e+004,7.500534e+001,6.303950e-004,0.000000e+000,2.051093e-002,0.000000e+000,3,9.182135e-001,1.825000e+000,,,,,,,,,,,,,,,,,,0,5.000000e+000,5.000000e-001,2,1,1.349640e-002,0,1,0,
1473263440.209,,5.000000e+004,7.500264e+001,6.301067e-004,0.000000e+000,1.666359e-002,0.000000e+000,3,9.132508e-001,1.825000e+000,,,,,,,,,,,,,,,,,,0,5.000000e+000,5.000000e-001,2,1,8.087158e-003,0,1,0,
1473263609.194,,6.000000e+004,7.499994e+001,6.620055e-004,0.000000e+000,1.934101e-002,0.000000e+000,3,9.220868e-001,1.825000e+000,,,,,,,,,,,,,,,,,,0,5.000000e+000,5.000000e-001,2,1,1.349640e-002,0,1,0,
1473263623.357,,6.000000e+004,7.499860e+001,6.586867e-004,0.000000e+000,1.909284e-002,0.000000e+000,3,9.199749e-001,1.825000e+000,,,,,,,,,,,,,,,,,,0,5.000000e+000,5.000000e-001,2,1,0.000000e+000,0,1,0,
1473263635.929,,6.000000e+004,7.499860e+001,6.647010e-004,0.000000e+000,2.289199e-002,0.000000e+000,3,9.223489e-001,1.825000e+000,,,,,,,,,,,,,,,,,,0,5.000000e+000,5.000000e-001,2,1,0.000000e+000,0,1,0,
1473263648.084,,6.000000e+004,7.499860e+001,6.675636e-004,0.000000e+000,1.880732e-002,0.000000e+000,3,9.191411e-001,1.825000e+000,,,,,,,,,,,,,,,,,,0,5.000000e+000,5.000000e-001,2,1,5.386353e-003,0,1,0,
1473264616.264,,7.000000e+004,7.500130e+001,6.911221e-004,0.000000e+000,2.393489e-002,0.000000e+000,3,9.205889e-001,1.825000e+000,,,,,,,,,,,,,,,,,,0,5.000000e+000,5.000000e-001,2,1,5.401611e-003,0,1,0,
1473264629.228,,7.000000e+004,7.499994e+001,6.899351e-004,0.000000e+000,1.918947e-002,0.000000e+000,3,9.251893e-001,1.825000e+000,,,,,,,,,,,,,,,,,,0,5.000000e+000,5.000000e-001,2,1,2.693176e-003,0,1,0,
1473264642.443,,7.000000e+004,7.499994e+001,6.973869e-004,0.000000e+000,1.869817e-002,0.000000e+000,3,9.215673e-001,1.825000e+000,,,,,,,,,,,,,,,,,,0,5.000000e+000,5.000000e-001,2,1,2.693176e-003,0,1,0,
1473264653.912,,7.000000e+004,7.499994e+001,6.888332e-004,0.000000e+000,2.011934e-002,0.000000e+000,3,9.267600e-001,1.825000e+000,,,,,,,,,,,,,,,,,,0,5.000000e+000,5.000000e-001,2,1,2.693176e-003,0,1,0,
