[Header]
TITLE,MPMS RSO Measurement
BYAPP,MPMS Measurement,1.1,Summary
FILEOPENTIME, 1473153837.031000 9/6/2016, 9:23:57 PM

INFO, APPNAME, MPMS MultiVu Application, Revision 1.61,  Build 082

INFO, NAME, A344
INFO, WEIGHT, 10.500
INFO, AREA, 1.000
INFO, LENGTH, 1.000
INFO, SHAPE, 0
INFO, COMMENT, m = 0.0105g
INFO, SEQUENCE FILE: 7T_hysteresis_sweep_hi_res_zero_n4.seq


INFO, BACKGROUND DATA FILE:, None


STARTUPAXIS,X,4,LINEAR,AUTO,0.000000,0.000000
STARTUPAXIS,Y1,5,LINEAR,AUTO,0.000000,0.000000


STARTUPGROUP,Longitudinal
FIELDGROUP,Longitudinal,1,2,3,4,5,6,7,8,9,10,11,19,20,21,22,23,35
FIELDGROUP,Transverse,1,2,3,4,12,13,14,15,16,17,18,24,25,26,27,28,35

PLOT_APPEARANCE,ALL,HORZ_GRID_ON,VERT_GRID_ON,MARKERS_AND_LINES

[Data]
Time,Comment,Field (Oe),Temperature (K),Long Moment (emu),Long Scan Std Dev,Long Offset (cm),Long Offset Std Dev,Long Algorithm,Long Reg Fit,Long Reg Factor,Trans Moment (emu),Trans Scan Std Dev,Trans Offset (cm),Trans Offset Std Dev,Trans Algorithm,Trans Reg Fit,Trans Reg Factor,Long Moment [w/o ABS] (emu),Long Scan Std Dev [w/o ABS],Long Offset [w/o ABS] (cm),Long Offset Std Dev [w/o ABS],Long Reg Fit [w/o ABS],Trans Moment [w/o ABS] (emu),Trans Scan Std Dev [w/o ABS],Trans Offset [w/o ABS] (cm),Trans Offset Std Dev [w/o ABS],Trans Reg Fit [w/o ABS],RSO Position (deg),Amplitude (cm),Frequency,Cycles to Average,Scans per Measurement,Delta Temp (K),Error,EC Comp. Running,Using ABS,
1473153837.030,,7.000000e+004,5.004070e+001,9.740071e-004,0.000000e+000,1.107612e-002,0.000000e+000,3,9.416149e-001,1.825000e+000,,,,,,,,,,,,,,,,,,0,5.000000e+000,5.000000e-001,2,1,4.978180e-003,0,0,0,
1473153851.994,,7.000000e+004,5.002826e+001,9.740288e-004,0.000000e+000,1.118599e-002,0.000000e+000,3,9.415467e-001,1.825000e+000,,,,,,,,,,,,,,,,,,0,5.000000e+000,5.000000e-001,2,1,4.981995e-003,0,0,0,
1473153865.985,,7.000000e+004,5.002329e+001,9.740914e-004,0.000000e+000,1.112587e-002,0.000000e+000,3,9.414189e-001,1.825000e+000,,,,,,,,,,,,,,,,,,0,5.000000e+000,5.000000e-001,2,1,2.498627e-003,0,0,0,
1473153878.979,,7.000000e+004,5.001459e+001,9.741567e-004,0.000000e+000,1.100628e-002,0.000000e+000,3,9.413971e-001,1.825000e+000,,,,,,,,,,,,,,,,,,0,5.000000e+000,5.000000e-001,2,1,2.490997e-003,0,0,0,
1473154049.959,,6.000000e+004,5.000216e+001,9.665744e-004,0.000000e+000,1.013834e-002,0.000000e+000,3,9.414933e-001,1.825000e+000,,,,,,,,,,,,,,,,,,0,5.000000e+000,5.000000e-001,2,1,0.000000e+000,0,1,0,
1473154061.967,,6.000000e+004,5.000154e+001,9.649264e-004,0.000000e+000,9.614818e-003,0.000000e+000,3,9.412825e-001,1.825000e+000,,,,,,,,,,,,,,,,,,0,5.000000e+000,5.000000e-001,2,1,1.239777e-003,0,1,0,
1473154074.616,,6.000000e+004,5.000588e+001,9.661262e-004,0.000000e+000,9.870585e-003,0.000000e+000,3,9.407763e-001,1.825000e+000,,,,,,,,,,,,,,,,,,0,5.000000e+000,5.000000e-001,2,1,1.491165e-002,0,1,0,
1473154085.688,,6.000000e+004,4.999967e+001,9.651021e-004,0.000000e+000,1.116662e-002,0.000000e+000,3,9.400019e-001,1.825000e+000,,,,,,,,,,,,,,,,,,0,5.000000e+000,5.000000e-001,2,1,2.490997e-003,0,1,0,
1473154247.671,,5.000000e+004,5.000092e+001,9.537299e-004,0.000000e+000,9.414824e-003,0.000000e+000,3,9.404194e-001,1.825000e+000,,,,,,,,,,,,,,,,,,0,5.000000e+000,5.000000e-001,2,1,4.981995e-003,0,1,0,
1473154259.922,,5.000000e+004,4.999967e+001,9.543781e-004,0.000000e+000,9.195748e-003,0.000000e+000,3,9.423711e-001,1.825000e+000,,,,,,,,,,,,,,,,,,0,5.000000e+000,5.000000e-001,2,1,2.490997e-003,0,1,0,
1473154271.886,,5.000000e+004,5.000092e+001,9.541782e-004,0.000000e+000,9.751250e-003,0.000000e+000,3,9.424725e-001,1.825000e+000,,,,,,,,,,,,,,,,,,0,5.000000e+000,5.000000e-001,2,1,2.479553e-003,0,1,0,
1473154283.850,,5.000000e+004,5.000217e+001,9.539470e-004,0.000000e+000,1.030665e-002,0.000000e+000,3,9.418495e-001,1.825000e+000,,,,,,,,,,,,,,,,,,0,5.000000e+000,5.000000e-001,2,1,2.490997e-003,0,1,0,
1473154449.832,,4.000000e+004,5.000278e+001,9.412320e-004,0.000000e+000,9.316755e-003,0.000000e+000,3,9.447727e-001,1.825000e+000,,,,,,,,,,,,,,,,,,0,5.000000e+000,5.000000e-001,2,1,6.198883e-003,0,1,0,
1473154461.296,,4.000000e+004,4.999905e+001,9.415728e-004,0.000000e+000,1.110952e-002,0.000000e+000,3,9.432601e-001,1.825000e+000,,,,,,,,,,,,,,,,,,0,5.000000e+000,5.000000e-001,2,1,1.251221e-003,0,1,0,
1473154474.010,,4.000000e+004,4.999843e+001,9.396771e-004,0.000000e+000,1.151252e-002,0.000000e+000,3,9.378958e-001,1.825000e+000,,,,,,,,,,,,,,,,,,0,5.000000e+000,5.000000e-001,2,1,0.000000e+000,0,1,0,
1473154486.236,,4.000000e+004,5.000030e+001,9.381777e-004,0.000000e+000,1.143187e-002,0.000000e+000,3,9.416752e-001,1.825000e+000,,,,,,,,,,,,,,,,,,0,5.000000e+000,5.000000e-001,2,1,1.239777e-003,0,1,0,
1473154651.965,,3.000000e+004,4.999782e+001,9.208923e-004,0.000000e+000,6.735056e-003,0.000000e+000,3,9.417245e-001,1.825000e+000,,,,,,,,,,,,,,,,,,0,5.000000e+000,5.000000e-001,2,1,1.366043e-002,0,0,0,
1473154664.680,,3.000000e+004,4.999843e+001,9.200658e-004,0.000000e+000,8.075058e-003,0.000000e+000,3,9.413665e-001,1.825000e+000,,,,,,,,,,,,,,,,,,0,5.000000e+000,5.000000e-001,2,1,0.000000e+000,0,0,0,
1473154676.945,,3.000000e+004,4.999905e+001,9.192162e-004,0.000000e+000,7.684054e-003,0.000000e+000,3,9.407502e-001,1.825000e+000,,,,,,,,,,,,,,,,,,0,5.000000e+000,5.000000e-001,2,1,1.251221e-003,0,0,0,
1473154689.467,,3.000000e+004,4.999781e+001,9.194523e-004,0.000000e+000,7.180284e-003,0.000000e+000,3,9.413780e-001,1.825000e+000,,,,,,,,,,,,,,,,,,0,5.000000e+000,5.000000e-001,2,1,3.730774e-003,0,0,0,
1473154849.201,,2.000000e+004,5.000340e+001,8.933078e-004,0.000000e+000,6.979310e-003,0.000000e+000,3,9.407107e-001,1.825000e+000,,,,,,,,,,,,,,,,,,0,5.000000e+000,5.000000e-001,2,1,4.959106e-003,0,0,0,
1473154861.668,,2.000000e+004,4.999906e+001,8.930084e-004,0.000000e+000,6.725236e-003,0.000000e+000,3,9.406760e-001,1.825000e+000,,,,,,,,,,,,,,,,,,0,5.000000e+000,5.000000e-001,2,1,8.701324e-003,0,0,0,
1473154874.399,,2.000000e+004,5.000029e+001,8.933574e-004,0.000000e+000,6.627392e-003,0.000000e+000,3,9.408504e-001,1.825000e+000,,,,,,,,,,,,,,,,,,0,5.000000e+000,5.000000e-001,2,1,3.730774e-003,0,0,0,
1473154886.864,,2.000000e+004,5.000092e+001,8.934950e-004,0.000000e+000,6.642523e-003,0.000000e+000,3,9.407350e-001,1.825000e+000,,,,,,,,,,,,,,,,,,0,5.000000e+000,5.000000e-001,2,1,4.981995e-003,0,0,0,
1473155045.794,,1.000000e+004,5.000340e+001,8.477582e-004,0.000000e+000,6.105588e-003,0.000000e+000,3,9.345195e-001,1.825000e+000,,,,,,,,,,,,,,,,,,0,5.000000e+000,5.000000e-001,2,1,1.240921e-002,0,0,0,
1473155059.421,,1.000000e+004,4.999719e+001,8.530557e-004,0.000000e+000,6.024795e-003,0.000000e+000,3,9.391378e-001,1.825000e+000,,,,,,,,,,,,,,,,,,0,5.000000e+000,5.000000e-001,2,1,2.479553e-003,0,0,0,
1473155072.885,,1.000000e+004,4.999906e+001,8.520009e-004,0.000000e+000,5.816988e-003,0.000000e+000,3,9.390549e-001,1.825000e+000,,,,,,,,,,,,,,,,,,0,5.000000e+000,5.000000e-001,2,1,3.719330e-003,0,0,0,
1473155085.105,,1.000000e+004,5.000713e+001,8.520764e-004,0.000000e+000,5.924358e-003,0.000000e+000,3,9.391502e-001,1.825000e+000,,,,,,,,,,,,,,,,,,0,5.000000e+000,5.000000e-001,2,1,1.491165e-002,0,0,0,
1473155208.080,,9.000000e+003,5.000029e+001,8.459990e-004,0.000000e+000,6.346242e-003,0.000000e+000,3,9.386548e-001,1.825000e+000,,,,,,,,,,,,,,,,,,0,5.000000e+000,5.000000e-001,2,1,1.116943e-002,0,0,0,
1473155221.045,,9.000000e+003,4.999843e+001,8.462849e-004,0.000000e+000,5.777896e-003,0.000000e+000,3,9.387600e-001,1.825000e+000,,,,,,,,,,,,,,,,,,0,5.000000e+000,5.000000e-001,2,1,0.000000e+000,0,0,0,
1473155234.008,,9.000000e+003,4.999657e+001,8.467964e-004,0.000000e+000,5.891507e-003,0.000000e+000,3,9.386611e-001,1.825000e+000,,,,,,,,,,,,,,,,,,0,5.000000e+000,5.000000e-001,2,1,1.251221e-003,0,0,0,
1473155246.922,,9.000000e+003,4.999781e+001,8.466123e-004,0.000000e+000,5.980419e-003,0.000000e+000,3,9.389085e-001,1.825000e+000,,,,,,,,,,,,,,,,,,0,5.000000e+000,5.000000e-001,2,1,1.228333e-003,0,0,0,
1473155371.005,,7.000000e+003,4.999720e+001,8.339792e-004,0.000000e+000,5.771486e-003,0.000000e+000,3,9.387247e-001,1.825000e+000,,,,,,,,,,,,,,,,,,0,5.000000e+000,5.000000e-001,2,1,0.000000e+000,0,0,0,
1473155384.724,,7.000000e+003,4.999781e+001,8.337971e-004,0.000000e+000,5.986758e-003,0.000000e+000,3,9.384773e-001,1.825000e+000,,,,,,,,,,,,,,,,,,0,5.000000e+000,5.000000e-001,2,1,1.228333e-003,0,0,0,
1473155399.688,,7.000000e+003,4.999905e+001,8.338547e-004,0.000000e+000,5.855217e-003,0.000000e+000,3,9.384205e-001,1.825000e+000,,,,,,,,,,,,,,,,,,0,5.000000e+000,5.000000e-001,2,1,1.251221e-003,0,0,0,
1473155410.152,,7.000000e+003,4.999968e+001,8.337927e-004,0.000000e+000,6.031579e-003,0.000000e+000,3,9.384125e-001,1.825000e+000,,,,,,,,,,,,,,,,,,0,5.000000e+000,5.000000e-001,2,1,0.000000e+000,0,0,0,
1473155533.877,,5.000000e+003,4.999844e+001,8.177319e-004,0.000000e+000,5.787971e-003,0.000000e+000,3,9.384515e-001,1.825000e+000,,,,,,,,,,,,,,,,,,0,5.000000e+000,5.000000e-001,2,1,2.479553e-003,0,1,0,
1473155546.592,,5.000000e+003,4.999781e+001,8.174726e-004,0.000000e+000,5.842070e-003,0.000000e+000,3,9.382466e-001,1.825000e+000,,,,,,,,,,,,,,,,,,0,5.000000e+000,5.000000e-001,2,1,3.730774e-003,0,1,0,
1473155558.306,,5.000000e+003,4.999781e+001,8.179067e-004,0.000000e+000,5.908318e-003,0.000000e+000,3,9.380683e-001,1.825000e+000,,,,,,,,,,,,,,,,,,0,5.000000e+000,5.000000e-001,2,1,3.730774e-003,0,1,0,
1473155571.293,,5.000000e+003,4.999594e+001,8.179726e-004,0.000000e+000,5.627437e-003,0.000000e+000,3,9.379803e-001,1.825000e+000,,,,,,,,,,,,,,,,,,0,5.000000e+000,5.000000e-001,2,1,1.242828e-002,0,1,0,
1473155689.724,,3.000000e+003,5.000278e+001,7.969542e-004,0.000000e+000,6.063698e-003,0.000000e+000,3,9.393737e-001,1.825000e+000,,,,,,,,,,,,,,,,,,0,5.000000e+000,5.000000e-001,2,1,1.251221e-003,0,1,0,
1473155702.296,,3.000000e+003,4.999968e+001,7.968846e-004,0.000000e+000,6.202464e-003,0.000000e+000,3,9.389548e-001,1.825000e+000,,,,,,,,,,,,,,,,,,0,5.000000e+000,5.000000e-001,2,1,0.000000e+000,0,1,0,
1473155715.761,,3.000000e+003,5.000651e+001,7.972389e-004,0.000000e+000,6.136230e-003,0.000000e+000,3,9.391146e-001,1.825000e+000,,,,,,,,,,,,,,,,,,0,5.000000e+000,5.000000e-001,2,1,8.701324e-003,0,1,0,
1473155727.475,,3.000000e+003,5.000092e+001,7.969577e-004,0.000000e+000,6.201568e-003,0.000000e+000,3,9.391555e-001,1.825000e+000,,,,,,,,,,,,,,,,,,0,5.000000e+000,5.000000e-001,2,1,2.479553e-003,0,1,0,
1473155843.699,,1.000000e+003,5.000092e+001,7.587674e-004,0.000000e+000,8.953325e-003,0.000000e+000,3,9.484966e-001,1.825000e+000,,,,,,,,,,,,,,,,,,0,5.000000e+000,5.000000e-001,2,1,0.000000e+000,0,1,0,
1473155856.164,,1.000000e+003,4.999968e+001,7.590573e-004,0.000000e+000,7.518702e-003,0.000000e+000,3,9.500765e-001,1.825000e+000,,,,,,,,,,,,,,,,,,0,5.000000e+000,5.000000e-001,2,1,0.000000e+000,0,1,0,
1473155868.057,,1.000000e+003,5.000278e+001,7.605136e-004,0.000000e+000,7.368662e-003,0.000000e+000,3,9.500127e-001,1.825000e+000,,,,,,,,,,,,,,,,,,0,5.000000e+000,5.000000e-001,2,1,6.198883e-003,0,1,0,
1473155879.629,,1.000000e+003,5.000092e+001,7.603031e-004,0.000000e+000,8.491163e-003,0.000000e+000,3,9.494126e-001,1.825000e+000,,,,,,,,,,,,,,,,,,0,5.000000e+000,5.000000e-001,2,1,0.000000e+000,0,1,0,
1473156000.392,,7.000000e+002,4.999844e+001,7.480899e-004,0.000000e+000,9.033779e-003,0.000000e+000,3,9.541895e-001,1.825000e+000,,,,,,,,,,,,,,,,,,0,5.000000e+000,5.000000e-001,2,1,2.479553e-003,0,1,0,
1473156013.106,,7.000000e+002,4.999968e+001,7.477918e-004,0.000000e+000,8.744627e-003,0.000000e+000,3,9.540498e-001,1.825000e+000,,,,,,,,,,,,,,,,,,0,5.000000e+000,5.000000e-001,2,1,0.000000e+000,0,1,0,
1473156025.376,,7.000000e+002,5.000029e+001,7.482553e-004,0.000000e+000,8.702269e-003,0.000000e+000,3,9.543549e-001,1.825000e+000,,,,,,,,,,,,,,,,,,0,5.000000e+000,5.000000e-001,2,1,3.730774e-003,0,1,0,
1473156037.840,,7.000000e+002,5.000092e+001,7.490150e-004,0.000000e+000,1.200562e-002,0.000000e+000,3,8.599845e-001,1.825000e+000,,,,,,,,,,,,,,,,,,0,5.000000e+000,5.000000e-001,2,1,4.981995e-003,0,1,0,
1473156152.814,,6.000000e+002,4.999719e+001,7.425033e-004,0.000000e+000,9.144209e-003,0.000000e+000,3,9.570819e-001,1.825000e+000,,,,,,,,,,,,,,,,,,0,5.000000e+000,5.000000e-001,2,1,7.450104e-003,0,0,0,
1473156164.727,,6.000000e+002,4.999409e+001,7.427534e-004,0.000000e+000,1.014081e-002,0.000000e+000,3,9.559823e-001,1.825000e+000,,,,,,,,,,,,,,,,,,0,5.000000e+000,5.000000e-001,2,1,1.239777e-003,0,0,0,
1473156176.799,,6.000000e+002,4.999657e+001,7.425647e-004,0.000000e+000,9.522239e-003,0.000000e+000,3,9.562031e-001,1.825000e+000,,,,,,,,,,,,,,,,,,0,5.000000e+000,5.000000e-001,2,1,3.719330e-003,0,0,0,
1473156188.513,,6.000000e+002,4.999905e+001,7.426862e-004,0.000000e+000,9.404560e-003,0.000000e+000,3,9.561992e-001,1.825000e+000,,,,,,,,,,,,,,,,,,0,5.000000e+000,5.000000e-001,2,1,1.251221e-003,0,0,0,
1473156310.186,,5.000000e+002,4.999533e+001,7.372206e-004,0.000000e+000,1.046196e-002,0.000000e+000,3,9.586177e-001,1.825000e+000,,,,,,,,,,,,,,,,,,0,5.000000e+000,5.000000e-001,2,1,1.239777e-003,0,0,0,
1473156321.508,,5.000000e+002,4.999844e+001,7.329600e-004,0.000000e+000,9.406958e-003,0.000000e+000,3,9.576901e-001,1.825000e+000,,,,,,,,,,,,,,,,,,0,5.000000e+000,5.000000e-001,2,1,4.970551e-003,0,0,0,
1473156333.972,,5.000000e+002,4.999471e+001,7.359112e-004,0.000000e+000,9.611490e-003,0.000000e+000,3,9.599500e-001,1.825000e+000,,,,,,,,,,,,,,,,,,0,5.000000e+000,5.000000e-001,2,1,2.479553e-003,0,0,0,
1473156344.937,,5.000000e+002,4.999409e+001,7.353611e-004,0.000000e+000,1.016895e-002,0.000000e+000,3,9.592960e-001,1.825000e+000,,,,,,,,,,,,,,,,,,0,5.000000e+000,5.000000e-001,2,1,1.239777e-003,0,0,0,
1473156459.661,,4.000000e+002,4.999905e+001,7.255841e-004,0.000000e+000,1.011793e-002,0.000000e+000,3,9.637710e-001,1.825000e+000,,,,,,,,,,,,,,,,,,0,5.000000e+000,5.000000e-001,2,1,1.251221e-003,0,0,0,
1473156471.875,,4.000000e+002,4.999905e+001,7.249269e-004,0.000000e+000,1.060464e-002,0.000000e+000,3,9.635150e-001,1.825000e+000,,,,,,,,,,,,,,,,,,0,5.000000e+000,5.000000e-001,2,1,1.251221e-003,0,0,0,
1473156484.339,,4.000000e+002,5.000030e+001,7.252558e-004,0.000000e+000,1.000050e-002,0.000000e+000,3,9.635383e-001,1.825000e+000,,,,,,,,,,,,,,,,,,0,5.000000e+000,5.000000e-001,2,1,1.239777e-003,0,0,0,
1473156496.327,,4.000000e+002,4.999657e+001,7.251519e-004,0.000000e+000,1.046786e-002,0.000000e+000,3,9.625953e-001,1.825000e+000,,,,,,,,,,,,,,,,,,0,5.000000e+000,5.000000e-001,2,1,1.251221e-003,0,0,0,
1473156616.306,,3.000000e+002,5.000217e+001,7.094652e-004,0.000000e+000,1.160064e-002,0.000000e+000,3,9.653781e-001,1.825000e+000,,,,,,,,,,,,,,,,,,0,5.000000e+000,5.000000e-001,2,1,4.970551e-003,0,0,0,
1473156629.571,,3.000000e+002,4.999596e+001,7.112576e-004,0.000000e+000,1.055575e-002,0.000000e+000,3,9.675817e-001,1.825000e+000,,,,,,,,,,,,,,,,,,0,5.000000e+000,5.000000e-001,2,1,2.490997e-003,0,0,0,
1473156641.810,,3.000000e+002,4.999781e+001,7.100875e-004,0.000000e+000,1.072494e-002,0.000000e+000,3,9.672484e-001,1.825000e+000,,,,,,,,,,,,,,,,,,0,5.000000e+000,5.000000e-001,2,1,1.228333e-003,0,0,0,
1473156654.706,,3.000000e+002,4.999905e+001,7.105383e-004,0.000000e+000,1.034784e-002,0.000000e+000,3,9.677406e-001,1.825000e+000,,,,,,,,,,,,,,,,,,0,5.000000e+000,5.000000e-001,2,1,1.251221e-003,0,0,0,
1473156776.341,,2.000000e+002,4.999720e+001,6.861934e-004,0.000000e+000,1.056103e-002,0.000000e+000,3,9.717855e-001,1.825000e+000,,,,,,,,,,,,,,,,,,0,5.000000e+000,5.000000e-001,2,1,0.000000e+000,0,0,0,
1473156790.340,,2.000000e+002,4.999409e+001,6.848655e-004,0.000000e+000,1.138732e-002,0.000000e+000,3,9.716618e-001,1.825000e+000,,,,,,,,,,,,,,,,,,0,5.000000e+000,5.000000e-001,2,1,6.210327e-003,0,0,0,
1473156802.554,,2.000000e+002,5.000092e+001,6.853066e-004,0.000000e+000,1.113673e-002,0.000000e+000,3,9.722517e-001,1.825000e+000,,,,,,,,,,,,,,,,,,0,5.000000e+000,5.000000e-001,2,1,2.479553e-003,0,0,0,
1473156814.769,,2.000000e+002,5.000030e+001,6.851862e-004,0.000000e+000,1.130683e-002,0.000000e+000,3,9.717413e-001,1.825000e+000,,,,,,,,,,,,,,,,,,0,5.000000e+000,5.000000e-001,2,1,1.239777e-003,0,0,0,
1473156932.018,,1.800000e+002,4.999781e+001,6.773053e-004,0.000000e+000,1.140019e-002,0.000000e+000,3,9.731615e-001,1.825000e+000,,,,,,,,,,,,,,,,,,0,5.000000e+000,5.000000e-001,2,1,1.228333e-003,0,1,0,
1473156945.233,,1.800000e+002,5.000278e+001,6.771230e-004,0.000000e+000,1.149707e-002,0.000000e+000,3,9.731160e-001,1.825000e+000,,,,,,,,,,,,,,,,,,0,5.000000e+000,5.000000e-001,2,1,6.198883e-003,0,1,0,
1473156957.947,,1.800000e+002,4.999905e+001,6.782026e-004,0.000000e+000,1.084357e-002,0.000000e+000,3,9.730132e-001,1.825000e+000,,,,,,,,,,,,,,,,,,0,5.000000e+000,5.000000e-001,2,1,1.251221e-003,0,1,0,
1473156970.911,,1.800000e+002,4.999844e+001,6.782918e-004,0.000000e+000,1.106608e-002,0.000000e+000,3,9.726233e-001,1.825000e+000,,,,,,,,,,,,,,,,,,0,5.000000e+000,5.000000e-001,2,1,4.970551e-003,0,1,0,
1473157079.149,,1.600000e+002,5.000465e+001,6.696298e-004,0.000000e+000,1.150989e-002,0.000000e+000,3,9.736611e-001,1.825000e+000,,,,,,,,,,,,,,,,,,0,5.000000e+000,5.000000e-001,2,1,2.468109e-003,0,1,0,
1473157091.613,,1.600000e+002,5.000465e+001,6.700986e-004,0.000000e+000,1.202160e-002,0.000000e+000,3,9.736174e-001,1.825000e+000,,,,,,,,,,,,,,,,,,0,5.000000e+000,5.000000e-001,2,1,2.468109e-003,0,1,0,
1473157105.328,,1.600000e+002,5.000154e+001,6.698149e-004,0.000000e+000,1.112640e-002,0.000000e+000,3,9.734492e-001,1.825000e+000,,,,,,,,,,,,,,,,,,0,5.000000e+000,5.000000e-001,2,1,1.239777e-003,0,1,0,
1473157118.042,,1.600000e+002,5.000465e+001,6.689479e-004,0.000000e+000,1.180976e-002,0.000000e+000,3,9.741740e-001,1.825000e+000,,,,,,,,,,,,,,,,,,0,5.000000e+000,5.000000e-001,2,1,2.468109e-003,0,1,0,
1473157226.818,,1.400000e+002,4.999844e+001,6.601161e-004,0.000000e+000,1.133006e-002,0.000000e+000,3,9.751677e-001,1.825000e+000,,,,,,,,,,,,,,,,,,0,5.000000e+000,5.000000e-001,2,1,7.450104e-003,0,1,0,
1473157239.282,,1.400000e+002,5.000402e+001,6.595009e-004,0.000000e+000,1.191787e-002,0.000000e+000,3,9.746990e-001,1.825000e+000,,,,,,,,,,,,,,,,,,0,5.000000e+000,5.000000e-001,2,1,3.719330e-003,0,1,0,
1473157251.999,,1.400000e+002,5.000092e+001,6.595530e-004,0.000000e+000,1.174274e-002,0.000000e+000,3,9.747512e-001,1.825000e+000,,,,,,,,,,,,,,,,,,0,5.000000e+000,5.000000e-001,2,1,4.981995e-003,0,1,0,
1473157264.395,,1.400000e+002,5.000340e+001,6.598224e-004,0.000000e+000,1.135534e-002,0.000000e+000,3,9.752829e-001,1.825000e+000,,,,,,,,,,,,,,,,,,0,5.000000e+000,5.000000e-001,2,1,4.959106e-003,0,1,0,
1473157373.977,,1.200000e+002,4.999781e+001,6.476431e-004,0.000000e+000,1.118012e-002,0.000000e+000,3,9.767174e-001,1.825000e+000,,,,,,,,,,,,,,,,,,0,5.000000e+000,5.000000e-001,2,1,1.228333e-003,0,1,0,
1473157384.490,,1.200000e+002,4.999781e+001,6.479906e-004,0.000000e+000,1.228046e-002,0.000000e+000,3,9.753913e-001,1.825000e+000,,,,,,,,,,,,,,,,,,0,5.000000e+000,5.000000e-001,2,1,1.228333e-003,0,1,0,
1473157396.205,,1.200000e+002,4.999844e+001,6.478970e-004,0.000000e+000,1.149377e-002,0.000000e+000,3,9.766474e-001,1.825000e+000,,,,,,,,,,,,,,,,,,0,5.000000e+000,5.000000e-001,2,1,2.479553e-003,0,1,0,
1473157407.919,,1.200000e+002,5.000092e+001,6.478790e-004,0.000000e+000,1.167947e-002,0.000000e+000,3,9.762184e-001,1.825000e+000,,,,,,,,,,,,,,,,,,0,5.000000e+000,5.000000e-001,2,1,2.479553e-003,0,1,0,
1473157521.945,,1.000000e+002,5.008755e+001,6.323190e-004,0.000000e+000,1.138985e-002,0.000000e+000,3,9.781682e-001,1.825000e+000,,,,,,,,,,,,,,,,,,0,5.000000e+000,5.000000e-001,2,1,1.832008e-001,0,1,0,
1473157534.409,,1.000000e+002,5.009865e+001,6.321076e-004,0.000000e+000,1.219657e-002,0.000000e+000,3,9.775367e-001,1.825000e+000,,,,,,,,,,,,,,,,,,0,5.000000e+000,5.000000e-001,2,1,8.852005e-002,0,0,0,
1473157545.874,,1.000000e+002,5.003511e+001,6.322982e-004,0.000000e+000,1.085591e-002,0.000000e+000,3,9.792676e-001,1.825000e+000,,,,,,,,,,,,,,,,,,0,5.000000e+000,5.000000e-001,2,1,3.855896e-002,0,0,0,
1473157558.338,,1.000000e+002,5.000900e+001,6.339757e-004,0.000000e+000,1.193395e-002,0.000000e+000,3,9.769679e-001,1.825000e+000,,,,,,,,,,,,,,,,,,0,5.000000e+000,5.000000e-001,2,1,2.113342e-002,0,0,0,
1473157665.312,,8.000000e+001,4.999657e+001,6.172013e-004,0.000000e+000,1.186498e-002,0.000000e+000,3,9.778138e-001,1.825000e+000,,,,,,,,,,,,,,,,,,0,5.000000e+000,5.000000e-001,2,1,1.251221e-003,0,0,0,
1473157678.276,,8.000000e+001,4.999844e+001,6.161190e-004,0.000000e+000,1.217903e-002,0.000000e+000,3,9.789700e-001,1.825000e+000,,,,,,,,,,,,,,,,,,0,5.000000e+000,5.000000e-001,2,1,2.479553e-003,0,0,0,
1473157692.426,,8.000000e+001,4.999471e+001,6.176868e-004,0.000000e+000,1.188580e-002,0.000000e+000,3,9.785330e-001,1.825000e+000,,,,,,,,,,,,,,,,,,0,5.000000e+000,5.000000e-001,2,1,1.490021e-002,0,0,0,
1473157704.999,,8.000000e+001,4.999968e+001,6.166953e-004,0.000000e+000,1.234633e-002,0.000000e+000,3,9.776378e-001,1.825000e+000,,,,,,,,,,,,,,,,,,0,5.000000e+000,5.000000e-001,2,1,4.959106e-003,0,0,0,
1473157814.476,,6.000000e+001,5.000278e+001,5.953900e-004,0.000000e+000,1.278076e-002,0.000000e+000,3,9.794334e-001,1.825000e+000,,,,,,,,,,,,,,,,,,0,5.000000e+000,5.000000e-001,2,1,1.116943e-002,0,0,0,
1473157825.707,,6.000000e+001,4.999781e+001,5.947138e-004,0.000000e+000,1.162046e-002,0.000000e+000,3,9.797639e-001,1.825000e+000,,,,,,,,,,,,,,,,,,0,5.000000e+000,5.000000e-001,2,1,1.228333e-003,0,0,0,
1473157838.921,,6.000000e+001,4.999905e+001,5.948222e-004,0.000000e+000,1.234646e-002,0.000000e+000,3,9.796931e-001,1.825000e+000,,,,,,,,,,,,,,,,,,0,5.000000e+000,5.000000e-001,2,1,1.251221e-003,0,0,0,
1473157852.325,,6.000000e+001,5.000030e+001,5.951424e-004,0.000000e+000,1.223207e-002,0.000000e+000,3,9.797241e-001,1.825000e+000,,,,,,,,,,,,,,,,,,0,5.000000e+000,5.000000e-001,2,1,1.239777e-003,0,0,0,
1473157966.675,,4.000000e+001,4.999719e+001,5.661762e-004,0.000000e+000,1.255319e-002,0.000000e+000,3,9.808569e-001,1.825000e+000,,,,,,,,,,,,,,,,,,0,5.000000e+000,5.000000e-001,2,1,2.479553e-003,0,0,0,
1473157979.674,,4.000000e+001,4.999781e+001,5.669816e-004,0.000000e+000,1.162528e-002,0.000000e+000,3,9.809704e-001,1.825000e+000,,,,,,,,,,,,,,,,,,0,5.000000e+000,5.000000e-001,2,1,3.730774e-003,0,0,0,
1473157991.638,,4.000000e+001,4.998975e+001,5.660603e-004,0.000000e+000,1.285735e-002,0.000000e+000,3,9.809350e-001,1.825000e+000,,,,,,,,,,,,,,,,,,0,5.000000e+000,5.000000e-001,2,1,3.226852e-002,0,0,0,
1473158003.352,,4.000000e+001,4.999720e+001,5.665870e-004,0.000000e+000,1.187408e-002,0.000000e+000,3,9.809099e-001,1.825000e+000,,,,,,,,,,,,,,,,,,0,5.000000e+000,5.000000e-001,2,1,1.242065e-002,0,0,0,
1473158110.830,,2.000000e+001,4.999595e+001,5.273712e-004,0.000000e+000,1.244955e-002,0.000000e+000,3,9.817684e-001,1.825000e+000,,,,,,,,,,,,,,,,,,0,5.000000e+000,5.000000e-001,2,1,0.000000e+000,0,0,0,
1473158125.545,,2.000000e+001,4.999657e+001,5.265935e-004,0.000000e+000,1.194850e-002,0.000000e+000,3,9.831035e-001,1.825000e+000,,,,,,,,,,,,,,,,,,0,5.000000e+000,5.000000e-001,2,1,3.719330e-003,0,0,0,
1473158138.704,,2.000000e+001,4.999595e+001,5.267418e-004,0.000000e+000,1.240399e-002,0.000000e+000,3,9.821676e-001,1.825000e+000,,,,,,,,,,,,,,,,,,0,5.000000e+000,5.000000e-001,2,1,4.959106e-003,0,0,0,
1473158152.028,,2.000000e+001,4.999595e+001,5.263844e-004,0.000000e+000,1.187300e-002,0.000000e+000,3,9.830437e-001,1.825000e+000,,,,,,,,,,,,,,,,,,0,5.000000e+000,5.000000e-001,2,1,4.959106e-003,0,0,0,
1473158259.502,,0.000000e+000,4.999781e+001,4.601817e-004,0.000000e+000,1.391193e-002,0.000000e+000,3,9.824644e-001,1.825000e+000,,,,,,,,,,,,,,,,,,0,5.000000e+000,5.000000e-001,2,1,6.210327e-003,0,0,0,
1473158270.969,,0.000000e+000,5.000030e+001,4.596543e-004,0.000000e+000,1.311577e-002,0.000000e+000,3,9.834194e-001,1.825000e+000,,,,,,,,,,,,,,,,,,0,5.000000e+000,5.000000e-001,2,1,1.239777e-003,0,0,0,
1473158282.933,,0.000000e+000,4.999657e+001,4.586428e-004,0.000000e+000,1.280337e-002,0.000000e+000,3,9.835907e-001,1.825000e+000,,,,,,,,,,,,,,,,,,0,5.000000e+000,5.000000e-001,2,1,1.251221e-003,0,0,0,
1473158294.579,,0.000000e+000,4.999968e+001,4.586148e-004,0.000000e+000,1.267290e-002,0.000000e+000,3,9.836980e-001,1.825000e+000,,,,,,,,,,,,,,,,,,0,5.000000e+000,5.000000e-001,2,1,4.959106e-003,0,0,0,
1473158413.456,,-2.000000e+001,5.004443e+001,1.503253e-004,0.000000e+000,1.614845e-002,0.000000e+000,3,9.861633e-001,1.825000e+000,,,,,,,,,,,,,,,,,,0,5.000000e+000,5.000000e-001,2,1,3.235245e-002,0,1,0,
1473158434.588,,-2.000000e+001,5.000465e+001,1.351089e-004,0.000000e+000,1.675357e-002,0.000000e+000,3,9.844434e-001,1.825000e+000,,,,,,,,,,,,,,,,,,0,5.000000e+000,5.000000e-001,2,1,0.000000e+000,0,1,0,
1473158447.411,,-2.000000e+001,5.000340e+001,1.289764e-004,0.000000e+000,1.548679e-002,0.000000e+000,3,9.857974e-001,1.825000e+000,,,,,,,,,,,,,,,,,,0,5.000000e+000,5.000000e-001,2,1,2.490997e-003,0,1,0,
1473158458.875,,-2.000000e+001,5.000465e+001,1.238057e-004,0.000000e+000,1.807897e-002,0.000000e+000,3,9.839854e-001,1.825000e+000,,,,,,,,,,,,,,,,,,0,5.000000e+000,5.000000e-001,2,1,0.000000e+000,0,1,0,
1473158578.034,,-4.000000e+001,5.000154e+001,-5.093510e-004,0.000000e+000,1.138958e-002,0.000000e+000,3,9.820608e-001,1.825000e+000,,,,,,,,,,,,,,,,,,0,5.000000e+000,5.000000e-001,2,1,6.221771e-003,0,1,0,
1473158589.606,,-4.000000e+001,5.000340e+001,-5.111988e-004,0.000000e+000,1.252712e-002,0.000000e+000,3,9.804577e-001,1.825000e+000,,,,,,,,,,,,,,,,,,0,5.000000e+000,5.000000e-001,2,1,2.490997e-003,0,1,0,
1473158602.071,,-4.000000e+001,5.000092e+001,-5.117839e-004,0.000000e+000,1.303884e-002,0.000000e+000,3,9.806864e-001,1.825000e+000,,,,,,,,,,,,,,,,,,0,5.000000e+000,5.000000e-001,2,1,4.981995e-003,0,1,0,
1473158614.534,,-4.000000e+001,5.000029e+001,-5.133746e-004,0.000000e+000,1.274186e-002,0.000000e+000,3,9.800916e-001,1.825000e+000,,,,,,,,,,,,,,,,,,0,5.000000e+000,5.000000e-001,2,1,3.730774e-003,0,1,0,
1473158730.013,,-6.000000e+001,5.000402e+001,-5.770283e-004,0.000000e+000,1.267724e-002,0.000000e+000,3,9.803975e-001,1.825000e+000,,,,,,,,,,,,,,,,,,0,5.000000e+000,5.000000e-001,2,1,3.719330e-003,0,1,0,
1473158741.923,,-6.000000e+001,5.000402e+001,-5.786360e-004,0.000000e+000,1.236495e-002,0.000000e+000,3,9.798326e-001,1.825000e+000,,,,,,,,,,,,,,,,,,0,5.000000e+000,5.000000e-001,2,1,3.719330e-003,0,1,0,
1473158753.995,,-6.000000e+001,5.000340e+001,-5.786026e-004,0.000000e+000,1.254727e-002,0.000000e+000,3,9.798844e-001,1.825000e+000,,,,,,,,,,,,,,,,,,0,5.000000e+000,5.000000e-001,2,1,2.490997e-003,0,1,0,
1473158768.654,,-6.000000e+001,5.000278e+001,-5.787390e-004,0.000000e+000,1.234709e-002,0.000000e+000,3,9.796796e-001,1.825000e+000,,,,,,,,,,,,,,,,,,0,5.000000e+000,5.000000e-001,2,1,1.251221e-003,0,1,0,
1473158876.736,,-8.000000e+001,5.000030e+001,-6.114788e-004,0.000000e+000,1.210590e-002,0.000000e+000,3,9.787943e-001,1.825000e+000,,,,,,,,,,,,,,,,,,0,5.000000e+000,5.000000e-001,2,1,1.239777e-003,0,1,0,
1473158890.200,,-8.000000e+001,4.999905e+001,-6.115853e-004,0.000000e+000,1.219208e-002,0.000000e+000,3,9.789754e-001,1.825000e+000,,,,,,,,,,,,,,,,,,0,5.000000e+000,5.000000e-001,2,1,1.251221e-003,0,1,0,
1473158903.414,,-8.000000e+001,5.000029e+001,-6.119576e-004,0.000000e+000,1.226817e-002,0.000000e+000,3,9.784096e-001,1.825000e+000,,,,,,,,,,,,,,,,,,0,5.000000e+000,5.000000e-001,2,1,3.730774e-003,0,1,0,
1473158915.379,,-8.000000e+001,5.000029e+001,-6.125493e-004,0.000000e+000,1.205444e-002,0.000000e+000,3,9.789045e-001,1.825000e+000,,,,,,,,,,,,,,,,,,0,5.000000e+000,5.000000e-001,2,1,3.730774e-003,0,1,0,
1473159021.607,,-1.000000e+002,5.000154e+001,-6.335506e-004,0.000000e+000,1.265622e-002,0.000000e+000,3,9.778014e-001,1.825000e+000,,,,,,,,,,,,,,,,,,0,5.000000e+000,5.000000e-001,2,1,8.678436e-003,0,1,0,
1473159033.321,,-1.000000e+002,4.999657e+001,-6.340033e-004,0.000000e+000,1.295807e-002,0.000000e+000,3,9.765548e-001,1.825000e+000,,,,,,,,,,,,,,,,,,0,5.000000e+000,5.000000e-001,2,1,3.719330e-003,0,1,0,
1473159045.537,,-1.000000e+002,5.000030e+001,-6.337557e-004,0.000000e+000,1.312795e-002,0.000000e+000,3,9.764873e-001,1.825000e+000,,,,,,,,,,,,,,,,,,0,5.000000e+000,5.000000e-001,2,1,8.701324e-003,0,0,0,
1473159057.750,,-1.000000e+002,4.999844e+001,-6.343486e-004,0.000000e+000,1.198774e-002,0.000000e+000,3,9.778507e-001,1.825000e+000,,,,,,,,,,,,,,,,,,0,5.000000e+000,5.000000e-001,2,1,7.450104e-003,0,0,0,
1473159164.473,,-1.200000e+002,4.999844e+001,-6.507124e-004,0.000000e+000,1.197693e-002,0.000000e+000,3,9.775195e-001,1.825000e+000,,,,,,,,,,,,,,,,,,0,5.000000e+000,5.000000e-001,2,1,2.479553e-003,0,0,0,
1473159177.636,,-1.200000e+002,4.999905e+001,-6.514634e-004,0.000000e+000,1.217709e-002,0.000000e+000,3,9.754038e-001,1.825000e+000,,,,,,,,,,,,,,,,,,0,5.000000e+000,5.000000e-001,2,1,1.251221e-003,0,0,0,
1473159189.208,,-1.200000e+002,5.000154e+001,-6.503141e-004,0.000000e+000,1.187303e-002,0.000000e+000,3,9.760333e-001,1.825000e+000,,,,,,,,,,,,,,,,,,0,5.000000e+000,5.000000e-001,2,1,8.678436e-003,0,0,0,
1473159202.672,,-1.200000e+002,5.000588e+001,-6.504234e-004,0.000000e+000,1.197503e-002,0.000000e+000,3,9.765589e-001,1.825000e+000,,,,,,,,,,,,,,,,,,0,5.000000e+000,5.000000e-001,2,1,0.000000e+000,0,0,0,
1473159310.150,,-1.400000e+002,4.999657e+001,-6.623071e-004,0.000000e+000,1.288261e-002,0.000000e+000,3,9.735721e-001,1.825000e+000,,,,,,,,,,,,,,,,,,0,5.000000e+000,5.000000e-001,2,1,6.210327e-003,0,0,0,
1473159322.864,,-1.400000e+002,4.999844e+001,-6.633191e-004,0.000000e+000,1.179257e-002,0.000000e+000,3,9.757176e-001,1.825000e+000,,,,,,,,,,,,,,,,,,0,5.000000e+000,5.000000e-001,2,1,2.479553e-003,0,0,0,
1473159346.293,,-1.400000e+002,5.000029e+001,-6.629167e-004,0.000000e+000,1.176051e-002,0.000000e+000,3,9.752791e-001,1.825000e+000,,,,,,,,,,,,,,,,,,0,5.000000e+000,5.000000e-001,2,1,3.730774e-003,0,0,0,
1473159358.209,,-1.400000e+002,4.999657e+001,-6.634662e-004,0.000000e+000,1.166671e-002,0.000000e+000,3,9.758072e-001,1.825000e+000,,,,,,,,,,,,,,,,,,0,5.000000e+000,5.000000e-001,2,1,3.719330e-003,0,0,0,
1473159466.541,,-1.600000e+002,4.999906e+001,-6.734326e-004,0.000000e+000,1.279196e-002,0.000000e+000,3,9.733170e-001,1.825000e+000,,,,,,,,,,,,,,,,,,0,5.000000e+000,5.000000e-001,2,1,8.701324e-003,0,0,0,
1473159479.518,,-1.600000e+002,4.999906e+001,-6.736711e-004,0.000000e+000,1.117998e-002,0.000000e+000,3,9.743801e-001,1.825000e+000,,,,,,,,,,,,,,,,,,0,5.000000e+000,5.000000e-001,2,1,8.701324e-003,0,0,0,
1473159492.482,,-1.600000e+002,4.999967e+001,-6.732343e-004,0.000000e+000,1.208952e-002,0.000000e+000,3,9.743322e-001,1.825000e+000,,,,,,,,,,,,,,,,,,0,5.000000e+000,5.000000e-001,2,1,2.490997e-003,0,0,0,
1473159503.508,,-1.600000e+002,5.000092e+001,-6.735178e-004,0.000000e+000,1.177363e-002,0.000000e+000,3,9.745295e-001,1.825000e+000,,,,,,,,,,,,,,,,,,0,5.000000e+000,5.000000e-001,2,1,4.981995e-003,0,0,0,
1473159620.237,,-1.800000e+002,4.999719e+001,-6.828740e-004,0.000000e+000,1.137958e-002,0.000000e+000,3,9.732318e-001,1.825000e+000,,,,,,,,,,,,,,,,,,0,5.000000e+000,5.000000e-001,2,1,2.479553e-003,0,0,0,
1473159632.201,,-1.800000e+002,4.999781e+001,-6.821090e-004,0.000000e+000,1.134307e-002,0.000000e+000,3,9.730889e-001,1.825000e+000,,,,,,,,,,,,,,,,,,0,5.000000e+000,5.000000e-001,2,1,6.210327e-003,0,0,0,
1473159645.166,,-1.800000e+002,4.999471e+001,-6.818783e-004,0.000000e+000,1.206456e-002,0.000000e+000,3,9.736363e-001,1.825000e+000,,,,,,,,,,,,,,,,,,0,5.000000e+000,5.000000e-001,2,1,4.970551e-003,0,0,0,
1473159656.880,,-1.800000e+002,4.999781e+001,-6.812429e-004,0.000000e+000,1.188047e-002,0.000000e+000,3,9.728532e-001,1.825000e+000,,,,,,,,,,,,,,,,,,0,5.000000e+000,5.000000e-001,2,1,1.228333e-003,0,0,0,
1473159765.368,,-2.000000e+002,4.999844e+001,-6.898784e-004,0.000000e+000,1.129974e-002,0.000000e+000,3,9.722348e-001,1.825000e+000,,,,,,,,,,,,,,,,,,0,5.000000e+000,5.000000e-001,2,1,4.970551e-003,0,0,0,
1473159779.082,,-2.000000e+002,4.999596e+001,-6.898009e-004,0.000000e+000,1.139146e-002,0.000000e+000,3,9.727391e-001,1.825000e+000,,,,,,,,,,,,,,,,,,0,5.000000e+000,5.000000e-001,2,1,2.490997e-003,0,0,0,
1473159791.585,,-2.000000e+002,4.999596e+001,-6.899263e-004,0.000000e+000,1.148017e-002,0.000000e+000,3,9.722100e-001,1.825000e+000,,,,,,,,,,,,,,,,,,0,5.000000e+000,5.000000e-001,2,1,2.490997e-003,0,0,0,
1473159804.110,,-2.000000e+002,4.999720e+001,-6.893328e-004,0.000000e+000,1.186701e-002,0.000000e+000,3,9.719484e-001,1.825000e+000,,,,,,,,,,,,,,,,,,0,5.000000e+000,5.000000e-001,2,1,0.000000e+000,0,0,0,
1473159917.589,,-3.000000e+002,5.000092e+001,-7.133088e-004,0.000000e+000,1.058139e-002,0.000000e+000,3,9.685210e-001,1.825000e+000,,,,,,,,,,,,,,,,,,0,5.000000e+000,5.000000e-001,2,1,2.479553e-003,0,1,0,
1473159929.053,,-3.000000e+002,4.999967e+001,-7.144556e-004,0.000000e+000,1.116098e-002,0.000000e+000,3,9.682121e-001,1.825000e+000,,,,,,,,,,,,,,,,,,0,5.000000e+000,5.000000e-001,2,1,2.490997e-003,0,1,0,
1473159940.767,,-3.000000e+002,4.999905e+001,-7.139703e-004,0.000000e+000,1.137150e-002,0.000000e+000,3,9.682720e-001,1.825000e+000,,,,,,,,,,,,,,,,,,0,5.000000e+000,5.000000e-001,2,1,1.251221e-003,0,1,0,
1473159954.481,,-3.000000e+002,4.999906e+001,-7.138614e-004,0.000000e+000,1.106426e-002,0.000000e+000,3,9.679058e-001,1.825000e+000,,,,,,,,,,,,,,,,,,0,5.000000e+000,5.000000e-001,2,1,3.719330e-003,0,1,0,
1473160073.997,,-4.000000e+002,4.999905e+001,-7.278651e-004,0.000000e+000,1.107353e-002,0.000000e+000,3,9.626281e-001,1.825000e+000,,,,,,,,,,,,,,,,,,0,5.000000e+000,5.000000e-001,2,1,1.251221e-003,0,1,0,
1473160087.212,,-4.000000e+002,4.999906e+001,-7.281096e-004,0.000000e+000,1.066407e-002,0.000000e+000,3,9.633850e-001,1.825000e+000,,,,,,,,,,,,,,,,,,0,5.000000e+000,5.000000e-001,2,1,3.719330e-003,0,1,0,
1473160098.926,,-4.000000e+002,4.999905e+001,-7.282803e-004,0.000000e+000,1.099491e-002,0.000000e+000,3,9.635651e-001,1.825000e+000,,,,,,,,,,,,,,,,,,0,5.000000e+000,5.000000e-001,2,1,1.251221e-003,0,1,0,
1473160110.890,,-4.000000e+002,5.000154e+001,-7.280760e-004,0.000000e+000,1.100706e-002,0.000000e+000,3,9.636332e-001,1.825000e+000,,,,,,,,,,,,,,,,,,0,5.000000e+000,5.000000e-001,2,1,6.221771e-003,0,1,0,
1473160231.119,,-5.000000e+002,5.000217e+001,-7.371444e-004,0.000000e+000,1.056773e-002,0.000000e+000,3,9.601389e-001,1.825000e+000,,,,,,,,,,,,,,,,,,0,5.000000e+000,5.000000e-001,2,1,2.490997e-003,0,1,0,
1473160242.833,,-5.000000e+002,5.000217e+001,-7.373851e-004,0.000000e+000,1.048960e-002,0.000000e+000,3,9.599320e-001,1.825000e+000,,,,,,,,,,,,,,,,,,0,5.000000e+000,5.000000e-001,2,1,2.490997e-003,0,1,0,
1473160256.548,,-5.000000e+002,5.000217e+001,-7.377332e-004,0.000000e+000,1.040207e-002,0.000000e+000,3,9.598938e-001,1.825000e+000,,,,,,,,,,,,,,,,,,0,5.000000e+000,5.000000e-001,2,1,2.490997e-003,0,1,0,
1473160269.012,,-5.000000e+002,5.000713e+001,-7.376133e-004,0.000000e+000,1.038503e-002,0.000000e+000,3,9.598769e-001,1.825000e+000,,,,,,,,,,,,,,,,,,0,5.000000e+000,5.000000e-001,2,1,7.450104e-003,0,1,0,
1473160384.492,,-6.000000e+002,5.000402e+001,-7.441106e-004,0.000000e+000,9.970950e-003,0.000000e+000,3,9.570432e-001,1.825000e+000,,,,,,,,,,,,,,,,,,0,5.000000e+000,5.000000e-001,2,1,1.118088e-002,0,1,0,
1473160396.957,,-6.000000e+002,4.999967e+001,-7.440256e-004,0.000000e+000,9.577904e-003,0.000000e+000,3,9.576181e-001,1.825000e+000,,,,,,,,,,,,,,,,,,0,5.000000e+000,5.000000e-001,2,1,2.490997e-003,0,1,0,
1473160409.421,,-6.000000e+002,5.000030e+001,-7.450059e-004,0.000000e+000,9.989817e-003,0.000000e+000,3,9.564542e-001,1.825000e+000,,,,,,,,,,,,,,,,,,0,5.000000e+000,5.000000e-001,2,1,1.239777e-003,0,1,0,
1473160421.654,,-6.000000e+002,5.000030e+001,-7.443679e-004,0.000000e+000,9.751473e-003,0.000000e+000,3,9.571480e-001,1.825000e+000,,,,,,,,,,,,,,,,,,0,5.000000e+000,5.000000e-001,2,1,1.239777e-003,0,1,0,
1473160536.439,,-7.000000e+002,4.999968e+001,-7.494695e-004,0.000000e+000,9.420169e-003,0.000000e+000,3,9.541880e-001,1.825000e+000,,,,,,,,,,,,,,,,,,0,5.000000e+000,5.000000e-001,2,1,0.000000e+000,0,1,0,
1473160548.653,,-7.000000e+002,4.999905e+001,-7.499306e-004,0.000000e+000,9.130246e-003,0.000000e+000,3,9.546434e-001,1.825000e+000,,,,,,,,,,,,,,,,,,0,5.000000e+000,5.000000e-001,2,1,1.251221e-003,0,1,0,
1473160560.367,,-7.000000e+002,5.000030e+001,-7.498657e-004,0.000000e+000,9.420119e-003,0.000000e+000,3,9.546067e-001,1.825000e+000,,,,,,,,,,,,,,,,,,0,5.000000e+000,5.000000e-001,2,1,1.239777e-003,0,0,0,
1473160573.370,,-7.000000e+002,5.000216e+001,-7.495306e-004,0.000000e+000,9.905628e-003,0.000000e+000,3,9.544585e-001,1.825000e+000,,,,,,,,,,,,,,,,,,0,5.000000e+000,5.000000e-001,2,1,0.000000e+000,0,0,0,
1473160686.345,,-1.000000e+003,4.999843e+001,-7.607106e-004,0.000000e+000,8.837360e-003,0.000000e+000,3,9.493923e-001,1.825000e+000,,,,,,,,,,,,,,,,,,0,5.000000e+000,5.000000e-001,2,1,0.000000e+000,0,0,0,
1473160698.810,,-1.000000e+003,4.999408e+001,-7.608226e-004,0.000000e+000,9.126846e-003,0.000000e+000,3,9.492699e-001,1.825000e+000,,,,,,,,,,,,,,,,,,0,5.000000e+000,5.000000e-001,2,1,8.697510e-003,0,0,0,
1473160711.573,,-1.000000e+003,4.999843e+001,-7.607447e-004,0.000000e+000,8.898097e-003,0.000000e+000,3,9.493250e-001,1.825000e+000,,,,,,,,,,,,,,,,,,0,5.000000e+000,5.000000e-001,2,1,0.000000e+000,0,0,0,
1473160723.287,,-1.000000e+003,5.000154e+001,-7.607971e-004,0.000000e+000,9.046739e-003,0.000000e+000,3,9.492406e-001,1.825000e+000,,,,,,,,,,,,,,,,,,0,5.000000e+000,5.000000e-001,2,1,8.678436e-003,0,0,0,
1473160846.571,,-3.000000e+003,5.000092e+001,-7.987201e-004,0.000000e+000,7.804479e-003,0.000000e+000,3,9.375746e-001,1.825000e+000,,,,,,,,,,,,,,,,,,0,5.000000e+000,5.000000e-001,2,1,4.981995e-003,0,0,0,
1473160859.035,,-3.000000e+003,4.999719e+001,-7.962454e-004,0.000000e+000,6.962350e-003,0.000000e+000,3,9.387358e-001,1.825000e+000,,,,,,,,,,,,,,,,,,0,5.000000e+000,5.000000e-001,2,1,2.479553e-003,0,0,0,
1473160870.999,,-3.000000e+003,4.999719e+001,-8.032970e-004,0.000000e+000,7.605873e-003,0.000000e+000,3,9.359989e-001,1.825000e+000,,,,,,,,,,,,,,,,,,0,5.000000e+000,5.000000e-001,2,1,2.479553e-003,0,0,0,
1473160884.743,,-3.000000e+003,4.999967e+001,-7.960547e-004,0.000000e+000,6.365724e-003,0.000000e+000,3,9.381897e-001,1.825000e+000,,,,,,,,,,,,,,,,,,0,5.000000e+000,5.000000e-001,2,1,2.490997e-003,0,0,0,
1473161006.969,,-5.000000e+003,5.000030e+001,-8.176633e-004,0.000000e+000,6.824474e-003,0.000000e+000,3,9.380790e-001,1.825000e+000,,,,,,,,,,,,,,,,,,0,5.000000e+000,5.000000e-001,2,1,1.239777e-003,0,0,0,
1473161017.933,,-5.000000e+003,4.999968e+001,-8.179959e-004,0.000000e+000,6.654683e-003,0.000000e+000,3,9.382753e-001,1.825000e+000,,,,,,,,,,,,,,,,,,0,5.000000e+000,5.000000e-001,2,1,0.000000e+000,0,0,0,
1473161030.433,,-5.000000e+003,5.000154e+001,-8.181457e-004,0.000000e+000,6.697998e-003,0.000000e+000,3,9.381356e-001,1.825000e+000,,,,,,,,,,,,,,,,,,0,5.000000e+000,5.000000e-001,2,1,3.730774e-003,0,0,0,
1473161042.647,,-5.000000e+003,4.999657e+001,-8.179383e-004,0.000000e+000,6.721771e-003,0.000000e+000,3,9.380766e-001,1.825000e+000,,,,,,,,,,,,,,,,,,0,5.000000e+000,5.000000e-001,2,1,1.251221e-003,0,0,0,
1473161168.127,,-7.000000e+003,4.999160e+001,-8.344623e-004,0.000000e+000,7.390912e-003,0.000000e+000,3,9.377339e-001,1.825000e+000,,,,,,,,,,,,,,,,,,0,5.000000e+000,5.000000e-001,2,1,1.364899e-002,0,0,0,
1473161181.341,,-7.000000e+003,4.999781e+001,-8.338743e-004,0.000000e+000,6.800917e-003,0.000000e+000,3,9.384083e-001,1.825000e+000,,,,,,,,,,,,,,,,,,0,5.000000e+000,5.000000e-001,2,1,1.228333e-003,0,0,0,
1473161193.805,,-7.000000e+003,4.999719e+001,-8.339118e-004,0.000000e+000,6.736007e-003,0.000000e+000,3,9.385309e-001,1.825000e+000,,,,,,,,,,,,,,,,,,0,5.000000e+000,5.000000e-001,2,1,2.479553e-003,0,0,0,
1473161206.714,,-7.000000e+003,4.999657e+001,-8.339001e-004,0.000000e+000,6.799570e-003,0.000000e+000,3,9.384279e-001,1.825000e+000,,,,,,,,,,,,,,,,,,0,5.000000e+000,5.000000e-001,2,1,1.251221e-003,0,0,0,
1473161324.550,,-9.000000e+003,4.999719e+001,-8.467112e-004,0.000000e+000,6.902763e-003,0.000000e+000,3,9.388328e-001,1.825000e+000,,,,,,,,,,,,,,,,,,0,5.000000e+000,5.000000e-001,2,1,2.479553e-003,0,0,0,
1473161338.265,,-9.000000e+003,4.999781e+001,-8.466979e-004,0.000000e+000,6.932356e-003,0.000000e+000,3,9.390164e-001,1.825000e+000,,,,,,,,,,,,,,,,,,0,5.000000e+000,5.000000e-001,2,1,3.730774e-003,0,0,0,
1473161352.979,,-9.000000e+003,4.999657e+001,-8.466906e-004,0.000000e+000,6.993317e-003,0.000000e+000,3,9.389124e-001,1.825000e+000,,,,,,,,,,,,,,,,,,0,5.000000e+000,5.000000e-001,2,1,3.719330e-003,0,0,0,
1473161365.694,,-9.000000e+003,4.999844e+001,-8.466641e-004,0.000000e+000,6.984977e-003,0.000000e+000,3,9.388129e-001,1.825000e+000,,,,,,,,,,,,,,,,,,0,5.000000e+000,5.000000e-001,2,1,7.450104e-003,0,0,0,
1473161487.672,,-1.000000e+004,4.999844e+001,-8.522095e-004,0.000000e+000,7.091498e-003,0.000000e+000,3,9.390882e-001,1.825000e+000,,,,,,,,,,,,,,,,,,0,5.000000e+000,5.000000e-001,2,1,9.941101e-003,0,1,0,
1473161500.438,,-1.000000e+004,5.000030e+001,-8.521149e-004,0.000000e+000,7.187134e-003,0.000000e+000,3,9.392818e-001,1.825000e+000,,,,,,,,,,,,,,,,,,0,5.000000e+000,5.000000e-001,2,1,1.239777e-003,0,1,0,
1473161512.152,,-1.000000e+004,5.000030e+001,-8.523499e-004,0.000000e+000,7.216610e-003,0.000000e+000,3,9.389784e-001,1.825000e+000,,,,,,,,,,,,,,,,,,0,5.000000e+000,5.000000e-001,2,1,1.239777e-003,0,1,0,
1473161523.634,,-1.000000e+004,5.000154e+001,-8.521877e-004,0.000000e+000,7.200995e-003,0.000000e+000,3,9.389762e-001,1.825000e+000,,,,,,,,,,,,,,,,,,0,5.000000e+000,5.000000e-001,2,1,1.239777e-003,0,1,0,
1473161677.363,,-2.000000e+004,5.000465e+001,-8.929189e-004,0.000000e+000,7.811712e-003,0.000000e+000,3,9.407228e-001,1.825000e+000,,,,,,,,,,,,,,,,,,0,5.000000e+000,5.000000e-001,2,1,2.468109e-003,0,1,0,
1473161689.580,,-2.000000e+004,5.000278e+001,-8.928647e-004,0.000000e+000,8.477304e-003,0.000000e+000,3,9.405400e-001,1.825000e+000,,,,,,,,,,,,,,,,,,0,5.000000e+000,5.000000e-001,2,1,1.251221e-003,0,1,0,
1473161701.806,,-2.000000e+004,5.000589e+001,-8.940551e-004,0.000000e+000,8.063802e-003,0.000000e+000,3,9.402668e-001,1.825000e+000,,,,,,,,,,,,,,,,,,0,5.000000e+000,5.000000e-001,2,1,2.479553e-003,0,1,0,
1473161714.547,,-2.000000e+004,5.000340e+001,-8.931226e-004,0.000000e+000,8.309626e-003,0.000000e+000,3,9.408055e-001,1.825000e+000,,,,,,,,,,,,,,,,,,0,5.000000e+000,5.000000e-001,2,1,7.450104e-003,0,1,0,
1473161875.777,,-3.000000e+004,5.000216e+001,-9.181187e-004,0.000000e+000,8.817216e-003,0.000000e+000,3,9.442195e-001,1.825000e+000,,,,,,,,,,,,,,,,,,0,5.000000e+000,5.000000e-001,2,1,0.000000e+000,0,1,0,
1473161888.255,,-3.000000e+004,5.000092e+001,-9.213702e-004,0.000000e+000,1.005234e-002,0.000000e+000,3,9.418637e-001,1.825000e+000,,,,,,,,,,,,,,,,,,0,5.000000e+000,5.000000e-001,2,1,2.479553e-003,0,1,0,
1473161900.219,,-3.000000e+004,4.999905e+001,-9.173602e-004,0.000000e+000,1.043350e-002,0.000000e+000,3,9.439348e-001,1.825000e+000,,,,,,,,,,,,,,,,,,0,5.000000e+000,5.000000e-001,2,1,1.251221e-003,0,1,0,
1473161913.683,,-3.000000e+004,4.999967e+001,-9.187499e-004,0.000000e+000,9.331633e-003,0.000000e+000,3,9.412805e-001,1.825000e+000,,,,,,,,,,,,,,,,,,0,5.000000e+000,5.000000e-001,2,1,2.490997e-003,0,1,0,
1473162072.165,,-4.000000e+004,5.000154e+001,-9.399636e-004,0.000000e+000,6.701231e-003,0.000000e+000,3,9.414461e-001,1.825000e+000,,,,,,,,,,,,,,,,,,0,5.000000e+000,5.000000e-001,2,1,8.678436e-003,0,1,0,
1473162083.879,,-4.000000e+004,4.999781e+001,-9.336897e-004,0.000000e+000,1.144482e-002,0.000000e+000,3,9.394578e-001,1.825000e+000,,,,,,,,,,,,,,,,,,0,5.000000e+000,5.000000e-001,2,1,1.228333e-003,0,1,0,
1473162095.651,,-4.000000e+004,4.999905e+001,-9.378439e-004,0.000000e+000,1.067096e-002,0.000000e+000,3,9.405345e-001,1.825000e+000,,,,,,,,,,,,,,,,,,0,5.000000e+000,5.000000e-001,2,1,1.251221e-003,0,0,0,
1473162106.115,,-4.000000e+004,5.000217e+001,-9.432879e-004,0.000000e+000,7.243956e-003,0.000000e+000,3,9.450951e-001,1.825000e+000,,,,,,,,,,,,,,,,,,0,5.000000e+000,5.000000e-001,2,1,4.970551e-003,0,0,0,
1473162271.594,,-5.000000e+004,4.999719e+001,-9.528599e-004,0.000000e+000,1.028475e-002,0.000000e+000,3,9.425566e-001,1.825000e+000,,,,,,,,,,,,,,,,,,0,5.000000e+000,5.000000e-001,2,1,4.970551e-003,0,0,0,
1473162284.811,,-5.000000e+004,5.000092e+001,-9.519843e-004,0.000000e+000,1.092931e-002,0.000000e+000,3,9.423085e-001,1.825000e+000,,,,,,,,,,,,,,,,,,0,5.000000e+000,5.000000e-001,2,1,0.000000e+000,0,0,0,
1473162296.776,,-5.000000e+004,4.999160e+001,-9.535937e-004,0.000000e+000,1.013683e-002,0.000000e+000,3,9.427577e-001,1.825000e+000,,,,,,,,,,,,,,,,,,0,5.000000e+000,5.000000e-001,2,1,1.364899e-002,0,0,0,
1473162308.740,,-5.000000e+004,4.999967e+001,-9.545811e-004,0.000000e+000,1.109455e-002,0.000000e+000,3,9.421129e-001,1.825000e+000,,,,,,,,,,,,,,,,,,0,5.000000e+000,5.000000e-001,2,1,2.490997e-003,0,0,0,
1473162470.150,,-6.000000e+004,4.999719e+001,-9.688201e-004,0.000000e+000,1.173398e-002,0.000000e+000,3,9.411234e-001,1.825000e+000,,,,,,,,,,,,,,,,,,0,5.000000e+000,5.000000e-001,2,1,2.479553e-003,0,0,0,
1473162482.472,,-6.000000e+004,4.999409e+001,-9.636813e-004,0.000000e+000,1.014915e-002,0.000000e+000,3,9.409851e-001,1.825000e+000,,,,,,,,,,,,,,,,,,0,5.000000e+000,5.000000e-001,2,1,1.239777e-003,0,0,0,
1473162495.881,,-6.000000e+004,4.999844e+001,-9.655003e-004,0.000000e+000,1.059326e-002,0.000000e+000,3,9.418522e-001,1.825000e+000,,,,,,,,,,,,,,,,,,0,5.000000e+000,5.000000e-001,2,1,2.479553e-003,0,0,0,
1473162508.205,,-6.000000e+004,4.999781e+001,-9.655040e-004,0.000000e+000,1.065991e-002,0.000000e+000,3,9.416866e-001,1.825000e+000,,,,,,,,,,,,,,,,,,0,5.000000e+000,5.000000e-001,2,1,1.228333e-003,0,0,0,
1473162675.128,,-7.000000e+004,4.999719e+001,-9.743466e-004,0.000000e+000,1.089777e-002,0.000000e+000,3,9.416775e-001,1.825000e+000,,,,,,,,,,,,,,,,,,0,5.000000e+000,5.000000e-001,2,1,4.970551e-003,0,0,0,
1473162685.952,,-7.000000e+004,4.999968e+001,-9.744175e-004,0.000000e+000,1.098340e-002,0.000000e+000,3,9.416609e-001,1.825000e+000,,,,,,,,,,,,,,,,,,0,5.000000e+000,5.000000e-001,2,1,0.000000e+000,0,0,0,
1473162700.198,,-7.000000e+004,4.999347e+001,-9.743549e-004,0.000000e+000,1.104143e-002,0.000000e+000,3,9.416273e-001,1.825000e+000,,,,,,,,,,,,,,,,,,0,5.000000e+000,5.000000e-001,2,1,0.000000e+000,0,0,0,
1473162714.105,,-7.000000e+004,4.999223e+001,-9.742445e-004,0.000000e+000,1.093273e-002,0.000000e+000,3,9.415255e-001,1.825000e+000,,,,,,,,,,,,,,,,,,0,5.000000e+000,5.000000e-001,2,1,9.941101e-003,0,0,0,
1473162885.697,,-6.000000e+004,5.000278e+001,-9.665528e-004,0.000000e+000,1.030003e-002,0.000000e+000,3,9.412144e-001,1.825000e+000,,,,,,,,,,,,,,,,,,0,5.000000e+000,5.000000e-001,2,1,3.730774e-003,0,1,0,
1473162898.161,,-6.000000e+004,4.999844e+001,-9.659623e-004,0.000000e+000,9.541371e-003,0.000000e+000,3,9.404459e-001,1.825000e+000,,,,,,,,,,,,,,,,,,0,5.000000e+000,5.000000e-001,2,1,2.479553e-003,0,1,0,
1473162908.561,,-6.000000e+004,4.999781e+001,-9.639167e-004,0.000000e+000,1.063089e-002,0.000000e+000,3,9.424653e-001,1.825000e+000,,,,,,,,,,,,,,,,,,0,5.000000e+000,5.000000e-001,2,1,1.228333e-003,0,1,0,
1473162921.633,,-6.000000e+004,5.000092e+001,-9.649066e-004,0.000000e+000,1.049851e-002,0.000000e+000,3,9.419832e-001,1.825000e+000,,,,,,,,,,,,,,,,,,0,5.000000e+000,5.000000e-001,2,1,2.479553e-003,0,1,0,
1473163089.126,,-5.000000e+004,5.000340e+001,-9.536765e-004,0.000000e+000,8.028436e-003,0.000000e+000,3,9.426607e-001,1.825000e+000,,,,,,,,,,,,,,,,,,0,5.000000e+000,5.000000e-001,2,1,2.490997e-003,0,1,0,
1473163101.590,,-5.000000e+004,5.000278e+001,-9.521386e-004,0.000000e+000,7.512688e-003,0.000000e+000,3,9.431780e-001,1.825000e+000,,,,,,,,,,,,,,,,,,0,5.000000e+000,5.000000e-001,2,1,3.730774e-003,0,1,0,
1473163113.749,,-5.000000e+004,5.000651e+001,-9.541594e-004,0.000000e+000,1.014999e-002,0.000000e+000,3,9.384663e-001,1.825000e+000,,,,,,,,,,,,,,,,,,0,5.000000e+000,5.000000e-001,2,1,3.719330e-003,0,1,0,
1473163126.072,,-5.000000e+004,5.000340e+001,-9.532027e-004,0.000000e+000,9.239727e-003,0.000000e+000,3,9.406170e-001,1.825000e+000,,,,,,,,,,,,,,,,,,0,5.000000e+000,5.000000e-001,2,1,2.490997e-003,0,1,0,
1473163284.054,,-4.000000e+004,5.000465e+001,-9.407411e-004,0.000000e+000,1.284653e-002,0.000000e+000,3,9.420325e-001,1.825000e+000,,,,,,,,,,,,,,,,,,0,5.000000e+000,5.000000e-001,2,1,9.929657e-003,0,1,0,
1473163296.570,,-4.000000e+004,4.999906e+001,-9.420242e-004,0.000000e+000,6.613833e-003,0.000000e+000,3,9.402285e-001,1.825000e+000,,,,,,,,,,,,,,,,,,0,5.000000e+000,5.000000e-001,2,1,3.719330e-003,0,1,0,
1473163308.784,,-4.000000e+004,4.999906e+001,-9.417448e-004,0.000000e+000,7.682772e-003,0.000000e+000,3,9.391016e-001,1.825000e+000,,,,,,,,,,,,,,,,,,0,5.000000e+000,5.000000e-001,2,1,3.719330e-003,0,1,0,
1473163320.998,,-4.000000e+004,4.999967e+001,-9.394721e-004,0.000000e+000,7.644761e-003,0.000000e+000,3,9.437798e-001,1.825000e+000,,,,,,,,,,,,,,,,,,0,5.000000e+000,5.000000e-001,2,1,2.490997e-003,0,1,0,
1473163485.750,,-3.000000e+004,4.992227e+001,-9.193912e-004,0.000000e+000,7.176031e-003,0.000000e+000,3,9.414755e-001,1.825000e+000,,,,,,,,,,,,,,,,,,0,5.000000e+000,5.000000e-001,2,1,1.548195e-001,0,1,0,
1473163497.978,,-3.000000e+004,5.002081e+001,-9.171220e-004,0.000000e+000,8.741960e-003,0.000000e+000,3,9.439709e-001,1.825000e+000,,,,,,,,,,,,,,,,,,0,5.000000e+000,5.000000e-001,2,1,1.242828e-002,0,0,0,
1473163510.692,,-3.000000e+004,5.000837e+001,-9.212115e-004,0.000000e+000,8.548564e-003,0.000000e+000,3,9.376767e-001,1.825000e+000,,,,,,,,,,,,,,,,,,0,5.000000e+000,5.000000e-001,2,1,1.988220e-002,0,0,0,
1473163523.906,,-3.000000e+004,5.000029e+001,-9.197143e-004,0.000000e+000,6.770942e-003,0.000000e+000,3,9.402845e-001,1.825000e+000,,,,,,,,,,,,,,,,,,0,5.000000e+000,5.000000e-001,2,1,3.730774e-003,0,0,0,
1473163688.636,,-2.000000e+004,4.999968e+001,-8.936780e-004,0.000000e+000,6.422119e-003,0.000000e+000,3,9.416581e-001,1.825000e+000,,,,,,,,,,,,,,,,,,0,5.000000e+000,5.000000e-001,2,1,7.461548e-003,0,0,0,
1473163700.350,,-2.000000e+004,5.000217e+001,-8.936774e-004,0.000000e+000,6.729033e-003,0.000000e+000,3,9.406372e-001,1.825000e+000,,,,,,,,,,,,,,,,,,0,5.000000e+000,5.000000e-001,2,1,2.490997e-003,0,0,0,
1473163712.314,,-2.000000e+004,4.999781e+001,-8.944054e-004,0.000000e+000,7.085371e-003,0.000000e+000,3,9.397550e-001,1.825000e+000,,,,,,,,,,,,,,,,,,0,5.000000e+000,5.000000e-001,2,1,6.210327e-003,0,0,0,
1473163725.290,,-2.000000e+004,5.000029e+001,-8.930652e-004,0.000000e+000,6.486989e-003,0.000000e+000,3,9.401929e-001,1.825000e+000,,,,,,,,,,,,,,,,,,0,5.000000e+000,5.000000e-001,2,1,3.730774e-003,0,0,0,
1473163884.523,,-1.000000e+004,5.000092e+001,-8.529504e-004,0.000000e+000,6.634857e-003,0.000000e+000,3,9.387108e-001,1.825000e+000,,,,,,,,,,,,,,,,,,0,5.000000e+000,5.000000e-001,2,1,4.981995e-003,0,0,0,
1473163897.738,,-1.000000e+004,5.000217e+001,-8.490963e-004,0.000000e+000,5.450644e-003,0.000000e+000,3,9.375369e-001,1.825000e+000,,,,,,,,,,,,,,,,,,0,5.000000e+000,5.000000e-001,2,1,9.929657e-003,0,0,0,
1473163910.202,,-1.000000e+004,4.999905e+001,-8.538891e-004,0.000000e+000,6.696261e-003,0.000000e+000,3,9.388918e-001,1.825000e+000,,,,,,,,,,,,,,,,,,0,5.000000e+000,5.000000e-001,2,1,1.251221e-003,0,0,0,
1473163921.916,,-1.000000e+004,5.000092e+001,-8.523830e-004,0.000000e+000,6.260572e-003,0.000000e+000,3,9.391097e-001,1.825000e+000,,,,,,,,,,,,,,,,,,0,5.000000e+000,5.000000e-001,2,1,0.000000e+000,0,0,0,
1473164043.891,,-9.000000e+003,5.000465e+001,-8.467582e-004,0.000000e+000,6.028984e-003,0.000000e+000,3,9.391215e-001,1.825000e+000,,,,,,,,,,,,,,,,,,0,5.000000e+000,5.000000e-001,2,1,1.243210e-002,0,0,0,
1473164057.606,,-9.000000e+003,4.999719e+001,-8.463800e-004,0.000000e+000,6.242852e-003,0.000000e+000,3,9.389482e-001,1.825000e+000,,,,,,,,,,,,,,,,,,0,5.000000e+000,5.000000e-001,2,1,2.479553e-003,0,0,0,
1473164069.252,,-9.000000e+003,4.999719e+001,-8.466992e-004,0.000000e+000,6.031225e-003,0.000000e+000,3,9.390718e-001,1.825000e+000,,,,,,,,,,,,,,,,,,0,5.000000e+000,5.000000e-001,2,1,2.479553e-003,0,0,0,
1473164081.325,,-9.000000e+003,4.999781e+001,-8.462166e-004,0.000000e+000,6.041209e-003,0.000000e+000,3,9.393148e-001,1.825000e+000,,,,,,,,,,,,,,,,,,0,5.000000e+000,5.000000e-001,2,1,3.730774e-003,0,0,0,
1473164200.064,,-7.000000e+003,5.000030e+001,-8.338789e-004,0.000000e+000,6.685764e-003,0.000000e+000,3,9.382780e-001,1.825000e+000,,,,,,,,,,,,,,,,,,0,5.000000e+000,5.000000e-001,2,1,1.366043e-002,0,0,0,
1473164212.278,,-7.000000e+003,4.999595e+001,-8.335694e-004,0.000000e+000,6.484162e-003,0.000000e+000,3,9.384291e-001,1.825000e+000,,,,,,,,,,,,,,,,,,0,5.000000e+000,5.000000e-001,2,1,4.959106e-003,0,0,0,
1473164224.742,,-7.000000e+003,4.999906e+001,-8.335903e-004,0.000000e+000,6.225220e-003,0.000000e+000,3,9.382926e-001,1.825000e+000,,,,,,,,,,,,,,,,,,0,5.000000e+000,5.000000e-001,2,1,3.719330e-003,0,0,0,
1473164237.707,,-7.000000e+003,5.000217e+001,-8.337447e-004,0.000000e+000,6.216285e-003,0.000000e+000,3,9.386029e-001,1.825000e+000,,,,,,,,,,,,,,,,,,0,5.000000e+000,5.000000e-001,2,1,2.490997e-003,0,0,0,
1473164359.932,,-5.000000e+003,4.999843e+001,-8.174668e-004,0.000000e+000,6.611759e-003,0.000000e+000,3,9.386796e-001,1.825000e+000,,,,,,,,,,,,,,,,,,0,5.000000e+000,5.000000e-001,2,1,0.000000e+000,0,1,0,
1473164372.896,,-5.000000e+003,4.999905e+001,-8.180248e-004,0.000000e+000,6.436570e-003,0.000000e+000,3,9.380039e-001,1.825000e+000,,,,,,,,,,,,,,,,,,0,5.000000e+000,5.000000e-001,2,1,1.251221e-003,0,1,0,
1473164385.364,,-5.000000e+003,5.000030e+001,-8.177921e-004,0.000000e+000,6.181142e-003,0.000000e+000,3,9.384643e-001,1.825000e+000,,,,,,,,,,,,,,,,,,0,5.000000e+000,5.000000e-001,2,1,1.239777e-003,0,1,0,
1473164398.079,,-5.000000e+003,5.000216e+001,-8.179506e-004,0.000000e+000,6.329192e-003,0.000000e+000,3,9.379836e-001,1.825000e+000,,,,,,,,,,,,,,,,,,0,5.000000e+000,5.000000e-001,2,1,0.000000e+000,0,1,0,
1473164514.053,,-3.000000e+003,4.999905e+001,-7.972402e-004,0.000000e+000,6.519137e-003,0.000000e+000,3,9.392313e-001,1.825000e+000,,,,,,,,,,,,,,,,,,0,5.000000e+000,5.000000e-001,2,1,1.251221e-003,0,1,0,
1473164525.768,,-3.000000e+003,5.000030e+001,-7.969638e-004,0.000000e+000,6.697938e-003,0.000000e+000,3,9.390491e-001,1.825000e+000,,,,,,,,,,,,,,,,,,0,5.000000e+000,5.000000e-001,2,1,1.239777e-003,0,1,0,
1473164538.732,,-3.000000e+003,5.000527e+001,-7.976788e-004,0.000000e+000,6.246712e-003,0.000000e+000,3,9.391384e-001,1.825000e+000,,,,,,,,,,,,,,,,,,0,5.000000e+000,5.000000e-001,2,1,1.118088e-002,0,1,0,
1473164550.696,,-3.000000e+003,5.000403e+001,-7.972477e-004,0.000000e+000,6.756368e-003,0.000000e+000,3,9.393802e-001,1.825000e+000,,,,,,,,,,,,,,,,,,0,5.000000e+000,5.000000e-001,2,1,1.366043e-002,0,1,0,
1473164672.193,,-1.000000e+003,5.000092e+001,-7.592710e-004,0.000000e+000,8.591942e-003,0.000000e+000,3,9.490662e-001,1.825000e+000,,,,,,,,,,,,,,,,,,0,5.000000e+000,5.000000e-001,2,1,9.929657e-003,0,1,0,
1473164683.910,,-1.000000e+003,5.000402e+001,-7.593958e-004,0.000000e+000,8.866126e-003,0.000000e+000,3,9.486706e-001,1.825000e+000,,,,,,,,,,,,,,,,,,0,5.000000e+000,5.000000e-001,2,1,6.210327e-003,0,1,0,
1473164695.559,,-1.000000e+003,5.000589e+001,-7.598172e-004,0.000000e+000,8.582791e-003,0.000000e+000,3,9.496475e-001,1.825000e+000,,,,,,,,,,,,,,,,,,0,5.000000e+000,5.000000e-001,2,1,2.479553e-003,0,1,0,
1473164708.131,,-1.000000e+003,4.999906e+001,-7.598100e-004,0.000000e+000,8.765408e-003,0.000000e+000,3,9.492916e-001,1.825000e+000,,,,,,,,,,,,,,,,,,0,5.000000e+000,5.000000e-001,2,1,8.701324e-003,0,1,0,
1473164837.107,,-7.000000e+002,5.000092e+001,-7.476464e-004,0.000000e+000,9.227399e-003,0.000000e+000,3,9.539282e-001,1.825000e+000,,,,,,,,,,,,,,,,,,0,5.000000e+000,5.000000e-001,2,1,0.000000e+000,0,1,0,
1473164849.571,,-7.000000e+002,4.999781e+001,-7.483143e-004,0.000000e+000,9.338805e-003,0.000000e+000,3,9.540413e-001,1.825000e+000,,,,,,,,,,,,,,,,,,0,5.000000e+000,5.000000e-001,2,1,1.228333e-003,0,1,0,
1473164862.285,,-7.000000e+002,5.000030e+001,-7.479627e-004,0.000000e+000,9.437403e-003,0.000000e+000,3,9.543225e-001,1.825000e+000,,,,,,,,,,,,,,,,,,0,5.000000e+000,5.000000e-001,2,1,1.239777e-003,0,1,0,
1473164873.298,,-7.000000e+002,5.000030e+001,-7.478538e-004,0.000000e+000,9.342986e-003,0.000000e+000,3,9.540411e-001,1.825000e+000,,,,,,,,,,,,,,,,,,0,5.000000e+000,5.000000e-001,2,1,1.239777e-003,0,1,0,
1473164995.027,,-6.000000e+002,5.000031e+001,-7.428299e-004,0.000000e+000,9.538041e-003,0.000000e+000,3,9.566541e-001,1.825000e+000,,,,,,,,,,,,,,,,,,0,5.000000e+000,5.000000e-001,2,1,6.210327e-003,0,1,0,
1473165006.742,,-6.000000e+002,4.999719e+001,-8.141247e-004,0.000000e+000,-4.187208e-002,0.000000e+000,3,8.536294e-001,1.825000e+000,,,,,,,,,,,,,,,,,,0,5.000000e+000,5.000000e-001,2,1,2.479553e-003,0,1,0,
1473165019.481,,-6.000000e+002,5.000402e+001,-7.415276e-004,0.000000e+000,1.035482e-002,0.000000e+000,3,9.556785e-001,1.825000e+000,,,,,,,,,,,,,,,,,,0,5.000000e+000,5.000000e-001,2,1,6.210327e-003,0,0,0,
1473165031.195,,-6.000000e+002,4.999844e+001,-7.420296e-004,0.000000e+000,9.361492e-003,0.000000e+000,3,9.567767e-001,1.825000e+000,,,,,,,,,,,,,,,,,,0,5.000000e+000,5.000000e-001,2,1,2.479553e-003,0,0,0,
1473165151.170,,-5.000000e+002,4.999905e+001,-7.348131e-004,0.000000e+000,1.065704e-002,0.000000e+000,3,9.584691e-001,1.825000e+000,,,,,,,,,,,,,,,,,,0,5.000000e+000,5.000000e-001,2,1,1.251221e-003,0,0,0,
1473165163.884,,-5.000000e+002,5.000340e+001,-7.349934e-004,0.000000e+000,1.033381e-002,0.000000e+000,3,9.591768e-001,1.825000e+000,,,,,,,,,,,,,,,,,,0,5.000000e+000,5.000000e-001,2,1,1.739120e-002,0,0,0,
1473165176.600,,-5.000000e+002,5.000340e+001,-7.341144e-004,0.000000e+000,1.011479e-002,0.000000e+000,3,9.602035e-001,1.825000e+000,,,,,,,,,,,,,,,,,,0,5.000000e+000,5.000000e-001,2,1,1.491165e-002,0,0,0,
1473165188.814,,-5.000000e+002,5.000092e+001,-7.349882e-004,0.000000e+000,8.973276e-003,0.000000e+000,3,9.606085e-001,1.825000e+000,,,,,,,,,,,,,,,,,,0,5.000000e+000,5.000000e-001,2,1,4.981995e-003,0,0,0,
1473165311.793,,-4.000000e+002,4.999906e+001,-7.275864e-004,0.000000e+000,1.082211e-002,0.000000e+000,3,9.617148e-001,1.825000e+000,,,,,,,,,,,,,,,,,,0,5.000000e+000,5.000000e-001,2,1,3.719330e-003,0,0,0,
1473165324.507,,-4.000000e+002,4.999968e+001,-7.247239e-004,0.000000e+000,1.113613e-002,0.000000e+000,3,9.631019e-001,1.825000e+000,,,,,,,,,,,,,,,,,,0,5.000000e+000,5.000000e-001,2,1,0.000000e+000,0,0,0,
1473165337.494,,-4.000000e+002,4.999905e+001,-7.249588e-004,0.000000e+000,1.100927e-002,0.000000e+000,3,9.631652e-001,1.825000e+000,,,,,,,,,,,,,,,,,,0,5.000000e+000,5.000000e-001,2,1,1.251221e-003,0,0,0,
1473165349.958,,-4.000000e+002,4.999657e+001,-7.251466e-004,0.000000e+000,1.028599e-002,0.000000e+000,3,9.637108e-001,1.825000e+000,,,,,,,,,,,,,,,,,,0,5.000000e+000,5.000000e-001,2,1,1.615143e-002,0,0,0,
1473165465.933,,-3.000000e+002,5.000217e+001,-7.114671e-004,0.000000e+000,1.197814e-002,0.000000e+000,3,9.665292e-001,1.825000e+000,,,,,,,,,,,,,,,,,,0,5.000000e+000,5.000000e-001,2,1,4.970551e-003,0,0,0,
1473165478.647,,-3.000000e+002,4.999781e+001,-7.106483e-004,0.000000e+000,1.144993e-002,0.000000e+000,3,9.669821e-001,1.825000e+000,,,,,,,,,,,,,,,,,,0,5.000000e+000,5.000000e-001,2,1,1.228333e-003,0,0,0,
1473165491.361,,-3.000000e+002,5.000215e+001,-7.104842e-004,0.000000e+000,1.135541e-002,0.000000e+000,3,9.680919e-001,1.825000e+000,,,,,,,,,,,,,,,,,,0,5.000000e+000,5.000000e-001,2,1,7.450104e-003,0,0,0,
1473165504.825,,-3.000000e+002,5.000217e+001,-7.106515e-004,0.000000e+000,1.133158e-002,0.000000e+000,3,9.674190e-001,1.825000e+000,,,,,,,,,,,,,,,,,,0,5.000000e+000,5.000000e-001,2,1,2.490997e-003,0,0,0,
1473165618.304,,-2.000000e+002,4.999284e+001,-6.865091e-004,0.000000e+000,1.075154e-002,0.000000e+000,3,9.724097e-001,1.825000e+000,,,,,,,,,,,,,,,,,,0,5.000000e+000,5.000000e-001,2,1,1.116943e-002,0,0,0,
1473165631.768,,-2.000000e+002,4.999533e+001,-6.854949e-004,0.000000e+000,1.172846e-002,0.000000e+000,3,9.723281e-001,1.825000e+000,,,,,,,,,,,,,,,,,,0,5.000000e+000,5.000000e-001,2,1,1.239777e-003,0,0,0,
1473165643.982,,-2.000000e+002,4.999596e+001,-6.857863e-004,0.000000e+000,1.100271e-002,0.000000e+000,3,9.729115e-001,1.825000e+000,,,,,,,,,,,,,,,,,,0,5.000000e+000,5.000000e-001,2,1,2.490997e-003,0,0,0,
1473165657.197,,-2.000000e+002,4.999719e+001,-6.852999e-004,0.000000e+000,1.165429e-002,0.000000e+000,3,9.718478e-001,1.825000e+000,,,,,,,,,,,,,,,,,,0,5.000000e+000,5.000000e-001,2,1,2.479553e-003,0,0,0,
1473165765.184,,-1.800000e+002,4.999720e+001,-6.784828e-004,0.000000e+000,1.080434e-002,0.000000e+000,3,9.743183e-001,1.825000e+000,,,,,,,,,,,,,,,,,,0,5.000000e+000,5.000000e-001,2,1,0.000000e+000,0,0,0,
1473165776.452,,-1.800000e+002,4.999657e+001,-6.784748e-004,0.000000e+000,1.266854e-002,0.000000e+000,3,9.721458e-001,1.825000e+000,,,,,,,,,,,,,,,,,,0,5.000000e+000,5.000000e-001,2,1,1.251221e-003,0,0,0,
1473165790.666,,-1.800000e+002,4.999781e+001,-6.774986e-004,0.000000e+000,1.162864e-002,0.000000e+000,3,9.733599e-001,1.825000e+000,,,,,,,,,,,,,,,,,,0,5.000000e+000,5.000000e-001,2,1,1.228333e-003,0,0,0,
1473165801.883,,-1.800000e+002,4.999844e+001,-6.774543e-004,0.000000e+000,1.215649e-002,0.000000e+000,3,9.728318e-001,1.825000e+000,,,,,,,,,,,,,,,,,,0,5.000000e+000,5.000000e-001,2,1,2.479553e-003,0,0,0,
1473165908.876,,-1.600000e+002,4.999657e+001,-6.696011e-004,0.000000e+000,1.163081e-002,0.000000e+000,3,9.743136e-001,1.825000e+000,,,,,,,,,,,,,,,,,,0,5.000000e+000,5.000000e-001,2,1,1.251221e-003,0,1,0,
1473165920.842,,-1.600000e+002,5.000030e+001,-6.692497e-004,0.000000e+000,1.144773e-002,0.000000e+000,3,9.751956e-001,1.825000e+000,,,,,,,,,,,,,,,,,,0,5.000000e+000,5.000000e-001,2,1,1.239777e-003,0,1,0,
1473165933.056,,-1.600000e+002,5.000154e+001,-6.696222e-004,0.000000e+000,1.161976e-002,0.000000e+000,3,9.748333e-001,1.825000e+000,,,,,,,,,,,,,,,,,,0,5.000000e+000,5.000000e-001,2,1,3.730774e-003,0,1,0,
1473165945.541,,-1.600000e+002,4.999967e+001,-6.691946e-004,0.000000e+000,1.179633e-002,0.000000e+000,3,9.742760e-001,1.825000e+000,,,,,,,,,,,,,,,,,,0,5.000000e+000,5.000000e-001,2,1,2.490997e-003,0,1,0,
1473166055.015,,-1.400000e+002,5.000031e+001,-6.591656e-004,0.000000e+000,1.216256e-002,0.000000e+000,3,9.753438e-001,1.825000e+000,,,,,,,,,,,,,,,,,,0,5.000000e+000,5.000000e-001,2,1,6.210327e-003,0,1,0,
1473166067.980,,-1.400000e+002,4.999968e+001,-6.592124e-004,0.000000e+000,1.236344e-002,0.000000e+000,3,9.751419e-001,1.825000e+000,,,,,,,,,,,,,,,,,,0,5.000000e+000,5.000000e-001,2,1,0.000000e+000,0,1,0,
1473166080.126,,-1.400000e+002,4.999780e+001,-6.593633e-004,0.000000e+000,1.170553e-002,0.000000e+000,3,9.756511e-001,1.825000e+000,,,,,,,,,,,,,,,,,,0,5.000000e+000,5.000000e-001,2,1,1.614761e-002,0,1,0,
1473166091.948,,-1.400000e+002,5.000340e+001,-6.595351e-004,0.000000e+000,1.227270e-002,0.000000e+000,3,9.746405e-001,1.825000e+000,,,,,,,,,,,,,,,,,,0,5.000000e+000,5.000000e-001,2,1,4.959106e-003,0,1,0,
1473166200.176,,-1.200000e+002,5.000278e+001,-6.471546e-004,0.000000e+000,1.249383e-002,0.000000e+000,3,9.763739e-001,1.825000e+000,,,,,,,,,,,,,,,,,,0,5.000000e+000,5.000000e-001,2,1,6.198883e-003,0,1,0,
1473166211.928,,-1.200000e+002,5.000154e+001,-6.480147e-004,0.000000e+000,1.255960e-002,0.000000e+000,3,9.756570e-001,1.825000e+000,,,,,,,,,,,,,,,,,,0,5.000000e+000,5.000000e-001,2,1,1.239777e-003,0,1,0,
1473166224.642,,-1.200000e+002,4.999905e+001,-6.476308e-004,0.000000e+000,1.212064e-002,0.000000e+000,3,9.761847e-001,1.825000e+000,,,,,,,,,,,,,,,,,,0,5.000000e+000,5.000000e-001,2,1,6.210327e-003,0,1,0,
1473166235.606,,-1.200000e+002,5.000713e+001,-6.474728e-004,0.000000e+000,1.213510e-002,0.000000e+000,3,9.765528e-001,1.825000e+000,,,,,,,,,,,,,,,,,,0,5.000000e+000,5.000000e-001,2,1,2.490997e-003,0,1,0,
1473166349.361,,-1.000000e+002,5.000340e+001,-6.335375e-004,0.000000e+000,1.251919e-002,0.000000e+000,3,9.774160e-001,1.825000e+000,,,,,,,,,,,,,,,,,,0,5.000000e+000,5.000000e-001,2,1,1.491165e-002,0,1,0,
1473166362.254,,-1.000000e+002,4.999844e+001,-6.336294e-004,0.000000e+000,1.227341e-002,0.000000e+000,3,9.772049e-001,1.825000e+000,,,,,,,,,,,,,,,,,,0,5.000000e+000,5.000000e-001,2,1,4.970551e-003,0,1,0,
1473166374.326,,-1.000000e+002,4.999967e+001,-6.335356e-004,0.000000e+000,1.229560e-002,0.000000e+000,3,9.775721e-001,1.825000e+000,,,,,,,,,,,,,,,,,,0,5.000000e+000,5.000000e-001,2,1,2.490997e-003,0,1,0,
1473166385.981,,-1.000000e+002,4.999905e+001,-6.335113e-004,0.000000e+000,1.229494e-002,0.000000e+000,3,9.773881e-001,1.825000e+000,,,,,,,,,,,,,,,,,,0,5.000000e+000,5.000000e-001,2,1,1.251221e-003,0,1,0,
1473166496.084,,-8.000000e+001,5.000402e+001,-6.168235e-004,0.000000e+000,1.213084e-002,0.000000e+000,3,9.786369e-001,1.825000e+000,,,,,,,,,,,,,,,,,,0,5.000000e+000,5.000000e-001,2,1,1.118088e-002,0,1,0,
1473166509.048,,-8.000000e+001,5.000030e+001,-6.169032e-004,0.000000e+000,1.292474e-002,0.000000e+000,3,9.780071e-001,1.825000e+000,,,,,,,,,,,,,,,,,,0,5.000000e+000,5.000000e-001,2,1,8.701324e-003,0,1,0,
1473166521.303,,-8.000000e+001,4.999906e+001,-6.101193e-004,0.000000e+000,9.661984e-003,0.000000e+000,3,9.703057e-001,1.825000e+000,,,,,,,,,,,,,,,,,,0,5.000000e+000,5.000000e-001,2,1,3.719330e-003,0,1,0,
1473166533.517,,-8.000000e+001,4.999844e+001,-6.162293e-004,0.000000e+000,1.321015e-002,0.000000e+000,3,9.781114e-001,1.825000e+000,,,,,,,,,,,,,,,,,,0,5.000000e+000,5.000000e-001,2,1,2.479553e-003,0,0,0,
1473166641.491,,-6.000000e+001,4.999967e+001,-5.956284e-004,0.000000e+000,1.163470e-002,0.000000e+000,3,9.800065e-001,1.825000e+000,,,,,,,,,,,,,,,,,,0,5.000000e+000,5.000000e-001,2,1,2.490997e-003,0,0,0,
1473166654.205,,-6.000000e+001,4.999967e+001,-5.948295e-004,0.000000e+000,1.258819e-002,0.000000e+000,3,9.789490e-001,1.825000e+000,,,,,,,,,,,,,,,,,,0,5.000000e+000,5.000000e-001,2,1,2.490997e-003,0,0,0,
1473166666.977,,-6.000000e+001,4.999471e+001,-5.947446e-004,0.000000e+000,1.292990e-002,0.000000e+000,3,9.797151e-001,1.825000e+000,,,,,,,,,,,,,,,,,,0,5.000000e+000,5.000000e-001,2,1,2.479553e-003,0,0,0,
1473166678.941,,-6.000000e+001,5.000340e+001,-5.950481e-004,0.000000e+000,1.225385e-002,0.000000e+000,3,9.796323e-001,1.825000e+000,,,,,,,,,,,,,,,,,,0,5.000000e+000,5.000000e-001,2,1,1.240921e-002,0,0,0,
1473166788.452,,-4.000000e+001,5.000340e+001,-5.655676e-004,0.000000e+000,1.177764e-002,0.000000e+000,3,9.779699e-001,1.825000e+000,,,,,,,,,,,,,,,,,,0,5.000000e+000,5.000000e-001,2,1,2.490997e-003,0,0,0,
1473166801.476,,-4.000000e+001,4.999844e+001,-5.678799e-004,0.000000e+000,1.287591e-002,0.000000e+000,3,9.801051e-001,1.825000e+000,,,,,,,,,,,,,,,,,,0,5.000000e+000,5.000000e-001,2,1,7.450104e-003,0,0,0,
1473166814.387,,-4.000000e+001,5.000465e+001,-5.662962e-004,0.000000e+000,1.284674e-002,0.000000e+000,3,9.810749e-001,1.825000e+000,,,,,,,,,,,,,,,,,,0,5.000000e+000,5.000000e-001,2,1,9.929657e-003,0,0,0,
1473166827.460,,-4.000000e+001,5.000030e+001,-5.667573e-004,0.000000e+000,1.296668e-002,0.000000e+000,3,9.804910e-001,1.825000e+000,,,,,,,,,,,,,,,,,,0,5.000000e+000,5.000000e-001,2,1,1.239777e-003,0,0,0,
1473166934.959,,-2.000000e+001,4.999906e+001,-5.266601e-004,0.000000e+000,1.325453e-002,0.000000e+000,3,9.812168e-001,1.825000e+000,,,,,,,,,,,,,,,,,,0,5.000000e+000,5.000000e-001,2,1,8.701324e-003,0,0,0,
1473166947.179,,-2.000000e+001,5.000340e+001,-5.263555e-004,0.000000e+000,1.290536e-002,0.000000e+000,3,9.810972e-001,1.825000e+000,,,,,,,,,,,,,,,,,,0,5.000000e+000,5.000000e-001,2,1,2.490997e-003,0,0,0,
1473166957.893,,-2.000000e+001,4.999906e+001,-5.261415e-004,0.000000e+000,1.321377e-002,0.000000e+000,3,9.822204e-001,1.825000e+000,,,,,,,,,,,,,,,,,,0,5.000000e+000,5.000000e-001,2,1,3.719330e-003,0,0,0,
1473166969.661,,-2.000000e+001,4.999968e+001,-5.269212e-004,0.000000e+000,1.253705e-002,0.000000e+000,3,9.823232e-001,1.825000e+000,,,,,,,,,,,,,,,,,,0,5.000000e+000,5.000000e-001,2,1,0.000000e+000,0,0,0,
1473167072.884,,0.000000e+000,4.999844e+001,-4.597675e-004,0.000000e+000,1.361290e-002,0.000000e+000,3,9.841218e-001,1.825000e+000,,,,,,,,,,,,,,,,,,0,5.000000e+000,5.000000e-001,2,1,4.970551e-003,0,0,0,
1473167085.352,,0.000000e+000,4.999781e+001,-4.596074e-004,0.000000e+000,1.313297e-002,0.000000e+000,3,9.835997e-001,1.825000e+000,,,,,,,,,,,,,,,,,,0,5.000000e+000,5.000000e-001,2,1,6.210327e-003,0,0,0,
1473167097.589,,0.000000e+000,5.000030e+001,-4.594644e-004,0.000000e+000,1.259315e-002,0.000000e+000,3,9.843478e-001,1.825000e+000,,,,,,,,,,,,,,,,,,0,5.000000e+000,5.000000e-001,2,1,1.239777e-003,0,0,0,
1473167109.553,,0.000000e+000,4.999968e+001,-4.586914e-004,0.000000e+000,1.320485e-002,0.000000e+000,3,9.840817e-001,1.825000e+000,,,,,,,,,,,,,,,,,,0,5.000000e+000,5.000000e-001,2,1,0.000000e+000,0,0,0,
1473167223.527,,2.000000e+001,5.000092e+001,-1.519556e-004,0.000000e+000,1.680206e-002,0.000000e+000,3,9.792936e-001,1.825000e+000,,,,,,,,,,,,,,,,,,0,5.000000e+000,5.000000e-001,2,1,9.929657e-003,0,0,0,
1473167246.246,,2.000000e+001,4.999781e+001,-1.360635e-004,0.000000e+000,1.484117e-002,0.000000e+000,3,9.835595e-001,1.825000e+000,,,,,,,,,,,,,,,,,,0,5.000000e+000,5.000000e-001,2,1,1.228333e-003,0,0,0,
1473167260.475,,2.000000e+001,4.999905e+001,-1.288447e-004,0.000000e+000,1.604714e-002,0.000000e+000,3,9.844315e-001,1.825000e+000,,,,,,,,,,,,,,,,,,0,5.000000e+000,5.000000e-001,2,1,1.251221e-003,0,0,0,
1473167273.378,,2.000000e+001,5.000030e+001,-1.239010e-004,0.000000e+000,1.612272e-002,0.000000e+000,3,9.855832e-001,1.825000e+000,,,,,,,,,,,,,,,,,,0,5.000000e+000,5.000000e-001,2,1,1.239777e-003,0,0,0,
1473167392.928,,4.000000e+001,5.000154e+001,5.100538e-004,0.000000e+000,1.235404e-002,0.000000e+000,3,9.809229e-001,1.825000e+000,,,,,,,,,,,,,,,,,,0,5.000000e+000,5.000000e-001,2,1,1.239777e-003,0,0,0,
1473167406.143,,4.000000e+001,5.000217e+001,5.109844e-004,0.000000e+000,1.317944e-002,0.000000e+000,3,9.800745e-001,1.825000e+000,,,,,,,,,,,,,,,,,,0,5.000000e+000,5.000000e-001,2,1,2.490997e-003,0,1,0,
1473167418.107,,4.000000e+001,4.999844e+001,5.117541e-004,0.000000e+000,1.287514e-002,0.000000e+000,3,9.810492e-001,1.825000e+000,,,,,,,,,,,,,,,,,,0,5.000000e+000,5.000000e-001,2,1,2.479553e-003,0,1,0,
1473167431.128,,4.000000e+001,4.999968e+001,5.126186e-004,0.000000e+000,1.276488e-002,0.000000e+000,3,9.808939e-001,1.825000e+000,,,,,,,,,,,,,,,,,,0,5.000000e+000,5.000000e-001,2,1,0.000000e+000,0,1,0,
1473167536.602,,6.000000e+001,5.000154e+001,5.771325e-004,0.000000e+000,1.335493e-002,0.000000e+000,3,9.787263e-001,1.825000e+000,,,,,,,,,,,,,,,,,,0,5.000000e+000,5.000000e-001,2,1,3.730774e-003,0,1,0,
1473167548.851,,6.000000e+001,4.999968e+001,5.770127e-004,0.000000e+000,1.291936e-002,0.000000e+000,3,9.793417e-001,1.825000e+000,,,,,,,,,,,,,,,,,,0,5.000000e+000,5.000000e-001,2,1,0.000000e+000,0,1,0,
1473167560.830,,6.000000e+001,5.000402e+001,5.784279e-004,0.000000e+000,1.226280e-002,0.000000e+000,3,9.803953e-001,1.825000e+000,,,,,,,,,,,,,,,,,,0,5.000000e+000,5.000000e-001,2,1,3.719330e-003,0,1,0,
1473167572.794,,6.000000e+001,5.000154e+001,5.778391e-004,0.000000e+000,1.306013e-002,0.000000e+000,3,9.792791e-001,1.825000e+000,,,,,,,,,,,,,,,,,,0,5.000000e+000,5.000000e-001,2,1,3.730774e-003,0,1,0,
1473167680.051,,8.000000e+001,5.000526e+001,6.120956e-004,0.000000e+000,1.292900e-002,0.000000e+000,3,9.783782e-001,1.825000e+000,,,,,,,,,,,,,,,,,,0,5.000000e+000,5.000000e-001,2,1,6.210327e-003,0,1,0,
1473167694.268,,8.000000e+001,5.000154e+001,6.114720e-004,0.000000e+000,1.288836e-002,0.000000e+000,3,9.786447e-001,1.825000e+000,,,,,,,,,,,,,,,,,,0,5.000000e+000,5.000000e-001,2,1,1.239777e-003,0,1,0,
1473167707.166,,8.000000e+001,5.000402e+001,6.121623e-004,0.000000e+000,1.287943e-002,0.000000e+000,3,9.786465e-001,1.825000e+000,,,,,,,,,,,,,,,,,,0,5.000000e+000,5.000000e-001,2,1,3.719330e-003,0,1,0,
1473167718.550,,8.000000e+001,5.000465e+001,6.120868e-004,0.000000e+000,1.279917e-002,0.000000e+000,3,9.784160e-001,1.825000e+000,,,,,,,,,,,,,,,,,,0,5.000000e+000,5.000000e-001,2,1,2.468109e-003,0,1,0,
1473167824.799,,1.000000e+002,5.000030e+001,6.342340e-004,0.000000e+000,1.253890e-002,0.000000e+000,3,9.779810e-001,1.825000e+000,,,,,,,,,,,,,,,,,,0,5.000000e+000,5.000000e-001,2,1,1.239777e-003,0,1,0,
1473167835.763,,1.000000e+002,4.999905e+001,6.342887e-004,0.000000e+000,1.251910e-002,0.000000e+000,3,9.777786e-001,1.825000e+000,,,,,,,,,,,,,,,,,,0,5.000000e+000,5.000000e-001,2,1,1.251221e-003,0,1,0,
1473167849.228,,1.000000e+002,5.000527e+001,6.344813e-004,0.000000e+000,1.219391e-002,0.000000e+000,3,9.777703e-001,1.825000e+000,,,,,,,,,,,,,,,,,,0,5.000000e+000,5.000000e-001,2,1,3.719330e-003,0,1,0,
1473167861.457,,1.000000e+002,5.000340e+001,6.345811e-004,0.000000e+000,1.272437e-002,0.000000e+000,3,9.774417e-001,1.825000e+000,,,,,,,,,,,,,,,,,,0,5.000000e+000,5.000000e-001,2,1,2.490997e-003,0,1,0,
1473167969.735,,1.200000e+002,5.000278e+001,6.504480e-004,0.000000e+000,1.218246e-002,0.000000e+000,3,9.764484e-001,1.825000e+000,,,,,,,,,,,,,,,,,,0,5.000000e+000,5.000000e-001,2,1,3.730774e-003,0,1,0,
1473167981.949,,1.200000e+002,5.000092e+001,6.503140e-004,0.000000e+000,1.232875e-002,0.000000e+000,3,9.768534e-001,1.825000e+000,,,,,,,,,,,,,,,,,,0,5.000000e+000,5.000000e-001,2,1,2.479553e-003,0,1,0,
1473167993.167,,1.200000e+002,4.999968e+001,6.507970e-004,0.000000e+000,1.233348e-002,0.000000e+000,3,9.764544e-001,1.825000e+000,,,,,,,,,,,,,,,,,,0,5.000000e+000,5.000000e-001,2,1,0.000000e+000,0,1,0,
1473168003.881,,1.200000e+002,4.999968e+001,6.506909e-004,0.000000e+000,1.237097e-002,0.000000e+000,3,9.766588e-001,1.825000e+000,,,,,,,,,,,,,,,,,,0,5.000000e+000,5.000000e-001,2,1,0.000000e+000,0,1,0,
1473168113.625,,1.400000e+002,4.999533e+001,6.628638e-004,0.000000e+000,1.277239e-002,0.000000e+000,3,9.750596e-001,1.825000e+000,,,,,,,,,,,,,,,,,,0,5.000000e+000,5.000000e-001,2,1,3.730774e-003,0,0,0,
1473168126.025,,1.400000e+002,4.999781e+001,6.637980e-004,0.000000e+000,1.151335e-002,0.000000e+000,3,9.762211e-001,1.825000e+000,,,,,,,,,,,,,,,,,,0,5.000000e+000,5.000000e-001,2,1,1.228333e-003,0,0,0,
1473168139.097,,1.400000e+002,5.000030e+001,6.634642e-004,0.000000e+000,1.237111e-002,0.000000e+000,3,9.754735e-001,1.825000e+000,,,,,,,,,,,,,,,,,,0,5.000000e+000,5.000000e-001,2,1,1.239777e-003,0,0,0,
1473168150.061,,1.400000e+002,4.999719e+001,6.635634e-004,0.000000e+000,1.195623e-002,0.000000e+000,3,9.760931e-001,1.825000e+000,,,,,,,,,,,,,,,,,,0,5.000000e+000,5.000000e-001,2,1,4.970551e-003,0,0,0,
1473168263.285,,1.600000e+002,4.999967e+001,6.727928e-004,0.000000e+000,1.298314e-002,0.000000e+000,3,9.737545e-001,1.825000e+000,,,,,,,,,,,,,,,,,,0,5.000000e+000,5.000000e-001,2,1,2.490997e-003,0,0,0,
1473168274.952,,1.600000e+002,5.000029e+001,6.734767e-004,0.000000e+000,1.248370e-002,0.000000e+000,3,9.738313e-001,1.825000e+000,,,,,,,,,,,,,,,,,,0,5.000000e+000,5.000000e-001,2,1,3.730774e-003,0,0,0,
1473168286.529,,1.600000e+002,5.000340e+001,6.740295e-004,0.000000e+000,1.154768e-002,0.000000e+000,3,9.741902e-001,1.825000e+000,,,,,,,,,,,,,,,,,,0,5.000000e+000,5.000000e-001,2,1,7.450104e-003,0,0,0,
1473168297.993,,1.600000e+002,5.000092e+001,6.725403e-004,0.000000e+000,1.185272e-002,0.000000e+000,3,9.725273e-001,1.825000e+000,,,,,,,,,,,,,,,,,,0,5.000000e+000,5.000000e-001,2,1,2.479553e-003,0,0,0,
1473168410.717,,1.800000e+002,5.000217e+001,6.820609e-004,0.000000e+000,1.231316e-002,0.000000e+000,3,9.731404e-001,1.825000e+000,,,,,,,,,,,,,,,,,,0,5.000000e+000,5.000000e-001,2,1,2.490997e-003,0,0,0,
1473168422.931,,1.800000e+002,4.999844e+001,6.834815e-004,0.000000e+000,1.193939e-002,0.000000e+000,3,9.730920e-001,1.825000e+000,,,,,,,,,,,,,,,,,,0,5.000000e+000,5.000000e-001,2,1,2.479553e-003,0,0,0,
1473168437.146,,1.800000e+002,5.000278e+001,6.829163e-004,0.000000e+000,1.142807e-002,0.000000e+000,3,9.736043e-001,1.825000e+000,,,,,,,,,,,,,,,,,,0,5.000000e+000,5.000000e-001,2,1,6.198883e-003,0,0,0,
1473168450.360,,1.800000e+002,4.999968e+001,6.825864e-004,0.000000e+000,1.200657e-002,0.000000e+000,3,9.732137e-001,1.825000e+000,,,,,,,,,,,,,,,,,,0,5.000000e+000,5.000000e-001,2,1,4.959106e-003,0,0,0,
1473168560.584,,2.000000e+002,4.999782e+001,6.894670e-004,0.000000e+000,1.197538e-002,0.000000e+000,3,9.724727e-001,1.825000e+000,,,,,,,,,,,,,,,,,,0,5.000000e+000,5.000000e-001,2,1,1.366043e-002,0,0,0,
1473168573.549,,2.000000e+002,5.000092e+001,6.892621e-004,0.000000e+000,1.200431e-002,0.000000e+000,3,9.723849e-001,1.825000e+000,,,,,,,,,,,,,,,,,,0,5.000000e+000,5.000000e-001,2,1,2.479553e-003,0,0,0,
1473168586.018,,2.000000e+002,4.999657e+001,6.895121e-004,0.000000e+000,1.193234e-002,0.000000e+000,3,9.725053e-001,1.825000e+000,,,,,,,,,,,,,,,,,,0,5.000000e+000,5.000000e-001,2,1,3.719330e-003,0,0,0,
1473168598.732,,2.000000e+002,5.000216e+001,6.894653e-004,0.000000e+000,1.130319e-002,0.000000e+000,3,9.728804e-001,1.825000e+000,,,,,,,,,,,,,,,,,,0,5.000000e+000,5.000000e-001,2,1,0.000000e+000,0,0,0,
1473168721.457,,3.000000e+002,5.000031e+001,7.137702e-004,0.000000e+000,1.177241e-002,0.000000e+000,3,9.668311e-001,1.825000e+000,,,,,,,,,,,,,,,,,,0,5.000000e+000,5.000000e-001,2,1,6.210327e-003,0,0,0,
1473168733.921,,3.000000e+002,4.999781e+001,7.140023e-004,0.000000e+000,1.141366e-002,0.000000e+000,3,9.677319e-001,1.825000e+000,,,,,,,,,,,,,,,,,,0,5.000000e+000,5.000000e-001,2,1,3.730774e-003,0,0,0,
1473168749.136,,3.000000e+002,4.999781e+001,7.144870e-004,0.000000e+000,1.137271e-002,0.000000e+000,3,9.679954e-001,1.825000e+000,,,,,,,,,,,,,,,,,,0,5.000000e+000,5.000000e-001,2,1,6.210327e-003,0,0,0,
1473168761.609,,3.000000e+002,4.999720e+001,7.145097e-004,0.000000e+000,1.118536e-002,0.000000e+000,3,9.678431e-001,1.825000e+000,,,,,,,,,,,,,,,,,,0,5.000000e+000,5.000000e-001,2,1,0.000000e+000,0,0,0,
1473168875.875,,4.000000e+002,4.999968e+001,7.281372e-004,0.000000e+000,1.088502e-002,0.000000e+000,3,9.640659e-001,1.825000e+000,,,,,,,,,,,,,,,,,,0,5.000000e+000,5.000000e-001,2,1,7.461548e-003,0,0,0,
1473168889.031,,4.000000e+002,5.000402e+001,7.279498e-004,0.000000e+000,1.057790e-002,0.000000e+000,3,9.642999e-001,1.825000e+000,,,,,,,,,,,,,,,,,,0,5.000000e+000,5.000000e-001,2,1,6.210327e-003,0,0,0,
1473168900.603,,4.000000e+002,5.000030e+001,7.278945e-004,0.000000e+000,1.131966e-002,0.000000e+000,3,9.630868e-001,1.825000e+000,,,,,,,,,,,,,,,,,,0,5.000000e+000,5.000000e-001,2,1,1.239777e-003,0,0,0,
1473168910.817,,4.000000e+002,4.999968e+001,7.282263e-004,0.000000e+000,1.111738e-002,0.000000e+000,3,9.637104e-001,1.825000e+000,,,,,,,,,,,,,,,,,,0,5.000000e+000,5.000000e-001,2,1,0.000000e+000,0,0,0,
1473169029.842,,5.000000e+002,5.000092e+001,7.380575e-004,0.000000e+000,1.031454e-002,0.000000e+000,3,9.601291e-001,1.825000e+000,,,,,,,,,,,,,,,,,,0,5.000000e+000,5.000000e-001,2,1,0.000000e+000,0,1,0,
1473169040.806,,5.000000e+002,4.999968e+001,7.378592e-004,0.000000e+000,9.867815e-003,0.000000e+000,3,9.599853e-001,1.825000e+000,,,,,,,,,,,,,,,,,,0,5.000000e+000,5.000000e-001,2,1,0.000000e+000,0,1,0,
1473169053.276,,5.000000e+002,4.999967e+001,7.376506e-004,0.000000e+000,1.069302e-002,0.000000e+000,3,9.598730e-001,1.825000e+000,,,,,,,,,,,,,,,,,,0,5.000000e+000,5.000000e-001,2,1,2.490997e-003,0,1,0,
1473169067.444,,5.000000e+002,5.000154e+001,7.377586e-004,0.000000e+000,1.047442e-002,0.000000e+000,3,9.599894e-001,1.825000e+000,,,,,,,,,,,,,,,,,,0,5.000000e+000,5.000000e-001,2,1,6.221771e-003,0,1,0,
1473169179.276,,6.000000e+002,4.999967e+001,7.444124e-004,0.000000e+000,1.009163e-002,0.000000e+000,3,9.572712e-001,1.825000e+000,,,,,,,,,,,,,,,,,,0,5.000000e+000,5.000000e-001,2,1,2.490997e-003,0,1,0,
1473169191.007,,6.000000e+002,5.000402e+001,7.438900e-004,0.000000e+000,1.029088e-002,0.000000e+000,3,9.568367e-001,1.825000e+000,,,,,,,,,,,,,,,,,,0,5.000000e+000,5.000000e-001,2,1,6.210327e-003,0,1,0,
1473169203.221,,6.000000e+002,5.000278e+001,7.448327e-004,0.000000e+000,1.046805e-002,0.000000e+000,3,9.563436e-001,1.825000e+000,,,,,,,,,,,,,,,,,,0,5.000000e+000,5.000000e-001,2,1,3.730774e-003,0,1,0,
1473169214.935,,6.000000e+002,5.000217e+001,7.439228e-004,0.000000e+000,9.685068e-003,0.000000e+000,3,9.575949e-001,1.825000e+000,,,,,,,,,,,,,,,,,,0,5.000000e+000,5.000000e-001,2,1,2.490997e-003,0,1,0,
1473169336.911,,7.000000e+002,5.000092e+001,7.503001e-004,0.000000e+000,1.073330e-002,0.000000e+000,3,9.535972e-001,1.825000e+000,,,,,,,,,,,,,,,,,,0,5.000000e+000,5.000000e-001,2,1,2.479553e-003,0,1,0,
1473169348.809,,7.000000e+002,5.000278e+001,7.501790e-004,0.000000e+000,9.096099e-003,0.000000e+000,3,9.557698e-001,1.825000e+000,,,,,,,,,,,,,,,,,,0,5.000000e+000,5.000000e-001,2,1,6.198883e-003,0,1,0,
1473169361.131,,7.000000e+002,5.000217e+001,7.498225e-004,0.000000e+000,1.004968e-002,0.000000e+000,3,9.542395e-001,1.825000e+000,,,,,,,,,,,,,,,,,,0,5.000000e+000,5.000000e-001,2,1,4.970551e-003,0,1,0,
1473169374.095,,7.000000e+002,5.000402e+001,7.493622e-004,0.000000e+000,9.859441e-003,0.000000e+000,3,9.543382e-001,1.825000e+000,,,,,,,,,,,,,,,,,,0,5.000000e+000,5.000000e-001,2,1,3.719330e-003,0,1,0,
1473169488.824,,1.000000e+003,5.000215e+001,7.608504e-004,0.000000e+000,9.095810e-003,0.000000e+000,3,9.493012e-001,1.825000e+000,,,,,,,,,,,,,,,,,,0,5.000000e+000,5.000000e-001,2,1,7.450104e-003,0,1,0,
1473169500.788,,1.000000e+003,4.999843e+001,7.606807e-004,0.000000e+000,9.170978e-003,0.000000e+000,3,9.494222e-001,1.825000e+000,,,,,,,,,,,,,,,,,,0,5.000000e+000,5.000000e-001,2,1,0.000000e+000,0,1,0,
1473169511.502,,1.000000e+003,4.999781e+001,7.608134e-004,0.000000e+000,9.178382e-003,0.000000e+000,3,9.495315e-001,1.825000e+000,,,,,,,,,,,,,,,,,,0,5.000000e+000,5.000000e-001,2,1,1.228333e-003,0,1,0,
1473169523.466,,1.000000e+003,4.999906e+001,7.608003e-004,0.000000e+000,9.285753e-003,0.000000e+000,3,9.494858e-001,1.825000e+000,,,,,,,,,,,,,,,,,,0,5.000000e+000,5.000000e-001,2,1,3.719330e-003,0,1,0,
1473169662.315,,3.000000e+003,5.000278e+001,7.963675e-004,0.000000e+000,7.042344e-003,0.000000e+000,3,9.400817e-001,1.825000e+000,,,,,,,,,,,,,,,,,,0,5.000000e+000,5.000000e-001,2,1,1.251221e-003,0,1,0,
1473169674.279,,3.000000e+003,5.000217e+001,7.975145e-004,0.000000e+000,7.292462e-003,0.000000e+000,3,9.392025e-001,1.825000e+000,,,,,,,,,,,,,,,,,,0,5.000000e+000,5.000000e-001,2,1,4.970551e-003,0,0,0,
1473169688.244,,3.000000e+003,5.000030e+001,7.965504e-004,0.000000e+000,7.439092e-003,0.000000e+000,3,9.391591e-001,1.825000e+000,,,,,,,,,,,,,,,,,,0,5.000000e+000,5.000000e-001,2,1,1.239777e-003,0,0,0,
1473169700.459,,3.000000e+003,4.999968e+001,7.968975e-004,0.000000e+000,7.132867e-003,0.000000e+000,3,9.390065e-001,1.825000e+000,,,,,,,,,,,,,,,,,,0,5.000000e+000,5.000000e-001,2,1,0.000000e+000,0,0,0,
1473169821.874,,5.000000e+003,4.999843e+001,8.180637e-004,0.000000e+000,6.662107e-003,0.000000e+000,3,9.377896e-001,1.825000e+000,,,,,,,,,,,,,,,,,,0,5.000000e+000,5.000000e-001,2,1,0.000000e+000,0,0,0,
1473169833.946,,5.000000e+003,4.999905e+001,8.181995e-004,0.000000e+000,7.133580e-003,0.000000e+000,3,9.384018e-001,1.825000e+000,,,,,,,,,,,,,,,,,,0,5.000000e+000,5.000000e-001,2,1,1.251221e-003,0,0,0,
1473169847.161,,5.000000e+003,4.999905e+001,8.181356e-004,0.000000e+000,7.155323e-003,0.000000e+000,3,9.381137e-001,1.825000e+000,,,,,,,,,,,,,,,,,,0,5.000000e+000,5.000000e-001,2,1,1.251221e-003,0,0,0,
1473169860.805,,5.000000e+003,4.999905e+001,8.182336e-004,0.000000e+000,6.978296e-003,0.000000e+000,3,9.382467e-001,1.825000e+000,,,,,,,,,,,,,,,,,,0,5.000000e+000,5.000000e-001,2,1,1.251221e-003,0,0,0,
1473169989.389,,7.000000e+003,4.999347e+001,8.328512e-004,0.000000e+000,6.829694e-003,0.000000e+000,3,9.383358e-001,1.825000e+000,,,,,,,,,,,,,,,,,,0,5.000000e+000,5.000000e-001,2,1,4.959106e-003,0,0,0,
1473169999.555,,7.000000e+003,4.999533e+001,8.355893e-004,0.000000e+000,7.740813e-003,0.000000e+000,3,9.378583e-001,1.825000e+000,,,,,,,,,,,,,,,,,,0,5.000000e+000,5.000000e-001,2,1,8.689880e-003,0,0,0,
1473170012.127,,7.000000e+003,4.999223e+001,8.330438e-004,0.000000e+000,6.642202e-003,0.000000e+000,3,9.385156e-001,1.825000e+000,,,,,,,,,,,,,,,,,,0,5.000000e+000,5.000000e-001,2,1,1.490021e-002,0,0,0,
1473170024.041,,7.000000e+003,4.999968e+001,8.331634e-004,0.000000e+000,7.011052e-003,0.000000e+000,3,9.383382e-001,1.825000e+000,,,,,,,,,,,,,,,,,,0,5.000000e+000,5.000000e-001,2,1,0.000000e+000,0,0,0,
1473170148.629,,9.000000e+003,4.999720e+001,8.467837e-004,0.000000e+000,7.353589e-003,0.000000e+000,3,9.388445e-001,1.825000e+000,,,,,,,,,,,,,,,,,,0,5.000000e+000,5.000000e-001,2,1,0.000000e+000,0,0,0,
1473170161.400,,9.000000e+003,5.000278e+001,8.466921e-004,0.000000e+000,7.377912e-003,0.000000e+000,3,9.388961e-001,1.825000e+000,,,,,,,,,,,,,,,,,,0,5.000000e+000,5.000000e-001,2,1,1.366043e-002,0,0,0,
1473170173.114,,9.000000e+003,4.999844e+001,8.466548e-004,0.000000e+000,7.346962e-003,0.000000e+000,3,9.389217e-001,1.825000e+000,,,,,,,,,,,,,,,,,,0,5.000000e+000,5.000000e-001,2,1,4.970551e-003,0,0,0,
1473170184.828,,9.000000e+003,4.999906e+001,8.466829e-004,0.000000e+000,7.298113e-003,0.000000e+000,3,9.389033e-001,1.825000e+000,,,,,,,,,,,,,,,,,,0,5.000000e+000,5.000000e-001,2,1,3.719330e-003,0,0,0,
1473170305.053,,1.000000e+004,4.999596e+001,8.522980e-004,0.000000e+000,7.366077e-003,0.000000e+000,3,9.391350e-001,1.825000e+000,,,,,,,,,,,,,,,,,,0,5.000000e+000,5.000000e-001,2,1,2.490997e-003,0,0,0,
1473170317.768,,1.000000e+004,5.000029e+001,8.522976e-004,0.000000e+000,7.336530e-003,0.000000e+000,3,9.390728e-001,1.825000e+000,,,,,,,,,,,,,,,,,,0,5.000000e+000,5.000000e-001,2,1,3.730774e-003,0,0,0,
1473170329.732,,1.000000e+004,4.999596e+001,8.523173e-004,0.000000e+000,7.314256e-003,0.000000e+000,3,9.391576e-001,1.825000e+000,,,,,,,,,,,,,,,,,,0,5.000000e+000,5.000000e-001,2,1,2.490997e-003,0,0,0,
1473170340.491,,1.000000e+004,4.999781e+001,8.522871e-004,0.000000e+000,7.423840e-003,0.000000e+000,3,9.390384e-001,1.825000e+000,,,,,,,,,,,,,,,,,,0,5.000000e+000,5.000000e-001,2,1,1.228333e-003,0,0,0,
1473170499.973,,2.000000e+004,4.999844e+001,8.933039e-004,0.000000e+000,8.399894e-003,0.000000e+000,3,9.394637e-001,1.825000e+000,,,,,,,,,,,,,,,,,,0,5.000000e+000,5.000000e-001,2,1,2.479553e-003,0,1,0,
1473170511.954,,2.000000e+004,5.000030e+001,8.931324e-004,0.000000e+000,8.333594e-003,0.000000e+000,3,9.404755e-001,1.825000e+000,,,,,,,,,,,,,,,,,,0,5.000000e+000,5.000000e-001,2,1,1.239777e-003,0,1,0,
1473170523.668,,2.000000e+004,4.999906e+001,8.932707e-004,0.000000e+000,8.508968e-003,0.000000e+000,3,9.404291e-001,1.825000e+000,,,,,,,,,,,,,,,,,,0,5.000000e+000,5.000000e-001,2,1,3.719330e-003,0,1,0,
1473170534.882,,2.000000e+004,4.999844e+001,8.940375e-004,0.000000e+000,8.332515e-003,0.000000e+000,3,9.402720e-001,1.825000e+000,,,,,,,,,,,,,,,,,,0,5.000000e+000,5.000000e-001,2,1,2.479553e-003,0,1,0,
1473170696.866,,3.000000e+004,5.000215e+001,9.205376e-004,0.000000e+000,9.006356e-003,0.000000e+000,3,9.409100e-001,1.825000e+000,,,,,,,,,,,,,,,,,,0,5.000000e+000,5.000000e-001,2,1,7.450104e-003,0,1,0,
1473170708.123,,3.000000e+004,5.000029e+001,9.204366e-004,0.000000e+000,9.190050e-003,0.000000e+000,3,9.416969e-001,1.825000e+000,,,,,,,,,,,,,,,,,,0,5.000000e+000,5.000000e-001,2,1,3.730774e-003,0,1,0,
1473170720.528,,3.000000e+004,4.999967e+001,9.194857e-004,0.000000e+000,9.038067e-003,0.000000e+000,3,9.412364e-001,1.825000e+000,,,,,,,,,,,,,,,,,,0,5.000000e+000,5.000000e-001,2,1,2.490997e-003,0,1,0,
1473170733.100,,3.000000e+004,5.000340e+001,9.197254e-004,0.000000e+000,9.424134e-003,0.000000e+000,3,9.411593e-001,1.825000e+000,,,,,,,,,,,,,,,,,,0,5.000000e+000,5.000000e-001,2,1,2.490997e-003,0,1,0,
1473170889.138,,4.000000e+004,5.000465e+001,9.422822e-004,0.000000e+000,9.676948e-003,0.000000e+000,3,9.428526e-001,1.825000e+000,,,,,,,,,,,,,,,,,,0,5.000000e+000,5.000000e-001,2,1,4.970551e-003,0,1,0,
1473170901.542,,4.000000e+004,5.000278e+001,9.372742e-004,0.000000e+000,1.118487e-002,0.000000e+000,3,9.427107e-001,1.825000e+000,,,,,,,,,,,,,,,,,,0,5.000000e+000,5.000000e-001,2,1,1.251221e-003,0,1,0,
1473170914.380,,4.000000e+004,5.000340e+001,9.400127e-004,0.000000e+000,9.159114e-003,0.000000e+000,3,9.418474e-001,1.825000e+000,,,,,,,,,,,,,,,,,,0,5.000000e+000,5.000000e-001,2,1,2.490997e-003,0,1,0,
1473170926.531,,4.000000e+004,5.000154e+001,9.401786e-004,0.000000e+000,1.183929e-002,0.000000e+000,3,9.419207e-001,1.825000e+000,,,,,,,,,,,,,,,,,,0,5.000000e+000,5.000000e-001,2,1,1.239777e-003,0,1,0,
1473171093.622,,5.000000e+004,5.000278e+001,9.528531e-004,0.000000e+000,9.995192e-003,0.000000e+000,3,9.428483e-001,1.825000e+000,,,,,,,,,,,,,,,,,,0,5.000000e+000,5.000000e-001,2,1,1.251221e-003,0,1,0,
1473171105.538,,5.000000e+004,4.999781e+001,9.500548e-004,0.000000e+000,7.668902e-003,0.000000e+000,3,9.388815e-001,1.825000e+000,,,,,,,,,,,,,,,,,,0,5.000000e+000,5.000000e-001,2,1,3.730774e-003,0,1,0,
1473171117.611,,5.000000e+004,5.000030e+001,9.448951e-004,0.000000e+000,1.198245e-002,0.000000e+000,3,9.412522e-001,1.825000e+000,,,,,,,,,,,,,,,,,,0,5.000000e+000,5.000000e-001,2,1,1.239777e-003,0,1,0,
1473171129.117,,5.000000e+004,4.999781e+001,9.522023e-004,0.000000e+000,1.347648e-002,0.000000e+000,3,9.414110e-001,1.825000e+000,,,,,,,,,,,,,,,,,,0,5.000000e+000,5.000000e-001,2,1,8.689880e-003,0,1,0,
1473171299.600,,6.000000e+004,4.999968e+001,9.631973e-004,0.000000e+000,9.545317e-003,0.000000e+000,3,9.456015e-001,1.825000e+000,,,,,,,,,,,,,,,,,,0,5.000000e+000,5.000000e-001,2,1,0.000000e+000,0,0,0,
1473171312.085,,6.000000e+004,4.999844e+001,9.657709e-004,0.000000e+000,1.365685e-002,0.000000e+000,3,9.410593e-001,1.825000e+000,,,,,,,,,,,,,,,,,,0,5.000000e+000,5.000000e-001,2,1,2.479553e-003,0,0,0,
1473171324.549,,6.000000e+004,4.999906e+001,9.671568e-004,0.000000e+000,1.401780e-002,0.000000e+000,3,9.396742e-001,1.825000e+000,,,,,,,,,,,,,,,,,,0,5.000000e+000,5.000000e-001,2,1,3.719330e-003,0,0,0,
1473171336.764,,6.000000e+004,4.999906e+001,9.634560e-004,0.000000e+000,1.184264e-002,0.000000e+000,3,9.428125e-001,1.825000e+000,,,,,,,,,,,,,,,,,,0,5.000000e+000,5.000000e-001,2,1,3.719330e-003,0,0,0,
1473171510.994,,7.000000e+004,4.999408e+001,9.745334e-004,0.000000e+000,1.102124e-002,0.000000e+000,3,9.394891e-001,1.825000e+000,,,,,,,,,,,,,,,,,,0,5.000000e+000,5.000000e-001,2,1,8.697510e-003,0,0,0,
1473171523.222,,7.000000e+004,4.999595e+001,9.748898e-004,0.000000e+000,1.111886e-002,0.000000e+000,3,9.408325e-001,1.825000e+000,,,,,,,,,,,,,,,,,,0,5.000000e+000,5.000000e-001,2,1,4.959106e-003,0,0,0,
1473171535.436,,7.000000e+004,4.999905e+001,9.730195e-004,0.000000e+000,1.171480e-002,0.000000e+000,3,9.420187e-001,1.825000e+000,,,,,,,,,,,,,,,,,,0,5.000000e+000,5.000000e-001,2,1,1.251221e-003,0,0,0,
1473171548.151,,7.000000e+004,4.999844e+001,9.754385e-004,0.000000e+000,1.163894e-002,0.000000e+000,3,9.418260e-001,1.825000e+000,,,,,,,,,,,,,,,,,,0,5.000000e+000,5.000000e-001,2,1,4.970551e-003,0,0,0,
