[Header]
TITLE,MPMS RSO Measurement
BYAPP,MPMS Measurement,1.1,Summary
FILEOPENTIME, 1473307860.326000 9/8/2016, 4:11:00 PM

INFO, APPNAME, MPMS MultiVu Application, Revision 1.61,  Build 082

INFO, NAME, A344
INFO, WEIGHT, 10.500
INFO, AREA, 1.000
INFO, LENGTH, 1.000
INFO, SHAPE, 0
INFO, COMMENT, m = 0.0105g
INFO, SEQUENCE FILE: 7T_hysteresis_sweep_hi_res_zero_n4.seq


INFO, BACKGROUND DATA FILE:, None


STARTUPAXIS,X,4,LINEAR,AUTO,0.000000,0.000000
STARTUPAXIS,Y1,5,LINEAR,AUTO,0.000000,0.000000


STARTUPGROUP,Longitudinal
FIELDGROUP,Longitudinal,1,2,3,4,5,6,7,8,9,10,11,19,20,21,22,23,35
FIELDGROUP,Transverse,1,2,3,4,12,13,14,15,16,17,18,24,25,26,27,28,35

PLOT_APPEARANCE,ALL,HORZ_GRID_ON,VERT_GRID_ON,MARKERS_AND_LINES

[Data]
Time,Comment,Field (Oe),Temperature (K),Long Moment (emu),Long Scan Std Dev,Long Offset (cm),Long Offset Std Dev,Long Algorithm,Long Reg Fit,Long Reg Factor,Trans Moment (emu),Trans Scan Std Dev,Trans Offset (cm),Trans Offset Std Dev,Trans Algorithm,Trans Reg Fit,Trans Reg Factor,Long Moment [w/o ABS] (emu),Long Scan Std Dev [w/o ABS],Long Offset [w/o ABS] (cm),Long Offset Std Dev [w/o ABS],Long Reg Fit [w/o ABS],Trans Moment [w/o ABS] (emu),Trans Scan Std Dev [w/o ABS],Trans Offset [w/o ABS] (cm),Trans Offset Std Dev [w/o ABS],Trans Reg Fit [w/o ABS],RSO Position (deg),Amplitude (cm),Frequency,Cycles to Average,Scans per Measurement,Delta Temp (K),Error,EC Comp. Running,Using ABS,
1473307860.325,,7.000000e+004,3.001350e+001,1.158834e-003,0.000000e+000,8.376954e-003,0.000000e+000,3,9.492412e-001,1.825000e+000,,,,,,,,,,,,,,,,,,0,5.000000e+000,5.000000e-001,2,1,0.000000e+000,0,0,0,
1473307872.543,,7.000000e+004,3.000762e+001,1.158906e-003,0.000000e+000,8.418632e-003,0.000000e+000,3,9.493737e-001,1.825000e+000,,,,,,,,,,,,,,,,,,0,5.000000e+000,5.000000e-001,2,1,0.000000e+000,0,0,0,
1473307884.758,,7.000000e+004,3.000645e+001,1.158768e-003,0.000000e+000,8.452006e-003,0.000000e+000,3,9.493638e-001,1.825000e+000,,,,,,,,,,,,,,,,,,0,5.000000e+000,5.000000e-001,2,1,2.340317e-003,0,0,0,
1473307896.656,,7.000000e+004,3.000469e+001,1.158820e-003,0.000000e+000,8.548858e-003,0.000000e+000,3,9.492617e-001,1.825000e+000,,,,,,,,,,,,,,,,,,0,5.000000e+000,5.000000e-001,2,1,3.520966e-003,0,0,0,
1473308074.244,,6.000000e+004,3.000117e+001,1.158328e-003,0.000000e+000,7.207365e-003,0.000000e+000,3,9.491668e-001,1.825000e+000,,,,,,,,,,,,,,,,,,0,5.000000e+000,5.000000e-001,2,1,1.180649e-003,0,1,0,
1473308088.161,,6.000000e+004,3.000058e+001,1.159539e-003,0.000000e+000,7.362035e-003,0.000000e+000,3,9.494115e-001,1.825000e+000,,,,,,,,,,,,,,,,,,0,5.000000e+000,5.000000e-001,2,1,4.690170e-003,0,1,0,
1473308099.233,,6.000000e+004,3.000175e+001,1.157249e-003,0.000000e+000,7.139210e-003,0.000000e+000,3,9.493393e-001,1.825000e+000,,,,,,,,,,,,,,,,,,0,5.000000e+000,5.000000e-001,2,1,2.349854e-003,0,1,0,
1473308111.247,,6.000000e+004,3.000058e+001,1.157072e-003,0.000000e+000,6.874703e-003,0.000000e+000,3,9.493104e-001,1.825000e+000,,,,,,,,,,,,,,,,,,0,5.000000e+000,5.000000e-001,2,1,0.000000e+000,0,1,0,
1473308272.480,,5.000000e+004,3.000235e+001,1.156050e-003,0.000000e+000,6.621531e-003,0.000000e+000,3,9.500948e-001,1.825000e+000,,,,,,,,,,,,,,,,,,0,5.000000e+000,5.000000e-001,2,1,1.169205e-003,0,1,0,
1473308283.444,,5.000000e+004,3.000235e+001,1.155115e-003,0.000000e+000,6.472584e-003,0.000000e+000,3,9.500399e-001,1.825000e+000,,,,,,,,,,,,,,,,,,0,5.000000e+000,5.000000e-001,2,1,1.169205e-003,0,1,0,
1473308296.947,,5.000000e+004,3.000469e+001,1.154806e-003,0.000000e+000,7.068277e-003,0.000000e+000,3,9.494367e-001,1.825000e+000,,,,,,,,,,,,,,,,,,0,5.000000e+000,5.000000e-001,2,1,3.520966e-003,0,1,0,
1473308309.183,,5.000000e+004,3.000410e+001,1.155806e-003,0.000000e+000,6.345366e-003,0.000000e+000,3,9.501577e-001,1.825000e+000,,,,,,,,,,,,,,,,,,0,5.000000e+000,5.000000e-001,2,1,2.349854e-003,0,1,0,
1473308473.723,,4.000000e+004,3.000058e+001,1.149059e-003,0.000000e+000,3.276886e-003,0.000000e+000,3,9.459320e-001,1.825000e+000,,,,,,,,,,,,,,,,,,0,5.000000e+000,5.000000e-001,2,1,0.000000e+000,0,1,0,
1473308485.950,,4.000000e+004,2.999882e+001,1.156340e-003,0.000000e+000,4.312105e-003,0.000000e+000,3,9.493027e-001,1.825000e+000,,,,,,,,,,,,,,,,,,0,5.000000e+000,5.000000e-001,2,1,3.519058e-003,0,1,0,
1473308498.414,,4.000000e+004,3.000117e+001,1.149812e-003,0.000000e+000,7.785048e-003,0.000000e+000,3,9.477571e-001,1.825000e+000,,,,,,,,,,,,,,,,,,0,5.000000e+000,5.000000e-001,2,1,1.180649e-003,0,1,0,
1473308510.878,,4.000000e+004,2.999941e+001,1.147773e-003,0.000000e+000,5.511100e-003,0.000000e+000,3,9.476783e-001,1.825000e+000,,,,,,,,,,,,,,,,,,0,5.000000e+000,5.000000e-001,2,1,2.340317e-003,0,1,0,
1473308672.107,,3.000000e+004,3.000117e+001,1.145188e-003,0.000000e+000,4.742327e-003,0.000000e+000,3,9.505751e-001,1.825000e+000,,,,,,,,,,,,,,,,,,0,5.000000e+000,5.000000e-001,2,1,3.519058e-003,0,0,0,
1473308684.321,,3.000000e+004,3.000234e+001,1.145241e-003,0.000000e+000,4.668071e-003,0.000000e+000,3,9.509748e-001,1.825000e+000,,,,,,,,,,,,,,,,,,0,5.000000e+000,5.000000e-001,2,1,3.520966e-003,0,0,0,
1473308696.537,,3.000000e+004,2.999882e+001,1.145163e-003,0.000000e+000,4.737761e-003,0.000000e+000,3,9.509375e-001,1.825000e+000,,,,,,,,,,,,,,,,,,0,5.000000e+000,5.000000e-001,2,1,3.519058e-003,0,0,0,
1473308708.251,,3.000000e+004,2.999882e+001,1.145054e-003,0.000000e+000,4.766729e-003,0.000000e+000,3,9.508382e-001,1.825000e+000,,,,,,,,,,,,,,,,,,0,5.000000e+000,5.000000e-001,2,1,3.519058e-003,0,0,0,
1473308869.985,,2.000000e+004,3.000000e+001,1.137185e-003,0.000000e+000,4.553871e-003,0.000000e+000,3,9.504595e-001,1.825000e+000,,,,,,,,,,,,,,,,,,0,5.000000e+000,5.000000e-001,2,1,3.520966e-003,0,0,0,
1473308882.729,,2.000000e+004,3.000000e+001,1.131873e-003,0.000000e+000,3.515358e-003,0.000000e+000,3,9.504921e-001,1.825000e+000,,,,,,,,,,,,,,,,,,0,5.000000e+000,5.000000e-001,2,1,3.520966e-003,0,0,0,
1473308895.451,,2.000000e+004,3.000058e+001,1.135638e-003,0.000000e+000,4.196632e-003,0.000000e+000,3,9.509332e-001,1.825000e+000,,,,,,,,,,,,,,,,,,0,5.000000e+000,5.000000e-001,2,1,0.000000e+000,0,0,0,
1473308906.931,,2.000000e+004,3.000117e+001,1.134724e-003,0.000000e+000,4.088151e-003,0.000000e+000,3,9.509505e-001,1.825000e+000,,,,,,,,,,,,,,,,,,0,5.000000e+000,5.000000e-001,2,1,1.180649e-003,0,0,0,
1473309065.410,,1.000000e+004,2.999824e+001,1.115078e-003,0.000000e+000,3.307352e-003,0.000000e+000,3,9.509233e-001,1.825000e+000,,,,,,,,,,,,,,,,,,0,5.000000e+000,5.000000e-001,2,1,0.000000e+000,0,0,0,
1473309077.168,,1.000000e+004,2.999883e+001,1.115257e-003,0.000000e+000,3.506555e-003,0.000000e+000,3,9.509072e-001,1.825000e+000,,,,,,,,,,,,,,,,,,0,5.000000e+000,5.000000e-001,2,1,1.171112e-003,0,0,0,
1473309091.132,,1.000000e+004,2.999824e+001,1.115309e-003,0.000000e+000,3.597434e-003,0.000000e+000,3,9.509448e-001,1.825000e+000,,,,,,,,,,,,,,,,,,0,5.000000e+000,5.000000e-001,2,1,2.349854e-003,0,0,0,
1473309103.596,,1.000000e+004,2.999824e+001,1.115472e-003,0.000000e+000,3.451483e-003,0.000000e+000,3,9.509013e-001,1.825000e+000,,,,,,,,,,,,,,,,,,0,5.000000e+000,5.000000e-001,2,1,0.000000e+000,0,0,0,
1473309223.821,,9.000000e+003,3.000234e+001,1.112460e-003,0.000000e+000,3.509995e-003,0.000000e+000,3,9.509500e-001,1.825000e+000,,,,,,,,,,,,,,,,,,0,5.000000e+000,5.000000e-001,2,1,3.520966e-003,0,0,0,
1473309236.036,,9.000000e+003,2.999824e+001,1.112570e-003,0.000000e+000,3.467254e-003,0.000000e+000,3,9.507946e-001,1.825000e+000,,,,,,,,,,,,,,,,,,0,5.000000e+000,5.000000e-001,2,1,0.000000e+000,0,0,0,
1473309249.750,,9.000000e+003,3.000000e+001,1.112529e-003,0.000000e+000,3.288524e-003,0.000000e+000,3,9.509495e-001,1.825000e+000,,,,,,,,,,,,,,,,,,0,5.000000e+000,5.000000e-001,2,1,1.169205e-003,0,0,0,
1473309262.214,,9.000000e+003,3.000176e+001,1.112584e-003,0.000000e+000,3.522792e-003,0.000000e+000,3,9.509140e-001,1.825000e+000,,,,,,,,,,,,,,,,,,0,5.000000e+000,5.000000e-001,2,1,0.000000e+000,0,0,0,
1473309387.194,,7.000000e+003,3.000000e+001,1.105258e-003,0.000000e+000,3.577291e-003,0.000000e+000,3,9.509249e-001,1.825000e+000,,,,,,,,,,,,,,,,,,0,5.000000e+000,5.000000e-001,2,1,1.169205e-003,0,1,0,
1473309399.158,,7.000000e+003,3.000058e+001,1.105251e-003,0.000000e+000,3.591622e-003,0.000000e+000,3,9.508355e-001,1.825000e+000,,,,,,,,,,,,,,,,,,0,5.000000e+000,5.000000e-001,2,1,0.000000e+000,0,1,0,
1473309411.144,,7.000000e+003,3.000058e+001,1.105145e-003,0.000000e+000,3.483089e-003,0.000000e+000,3,9.509549e-001,1.825000e+000,,,,,,,,,,,,,,,,,,0,5.000000e+000,5.000000e-001,2,1,0.000000e+000,0,1,0,
1473309423.858,,7.000000e+003,3.000058e+001,1.105474e-003,0.000000e+000,3.505246e-003,0.000000e+000,3,9.507688e-001,1.825000e+000,,,,,,,,,,,,,,,,,,0,5.000000e+000,5.000000e-001,2,1,0.000000e+000,0,1,0,
1473309549.385,,5.000000e+003,3.000235e+001,1.095671e-003,0.000000e+000,3.721975e-003,0.000000e+000,3,9.510135e-001,1.825000e+000,,,,,,,,,,,,,,,,,,0,5.000000e+000,5.000000e-001,2,1,1.169205e-003,0,1,0,
1473309561.099,,5.000000e+003,3.000175e+001,1.095392e-003,0.000000e+000,3.602173e-003,0.000000e+000,3,9.512419e-001,1.825000e+000,,,,,,,,,,,,,,,,,,0,5.000000e+000,5.000000e-001,2,1,2.349854e-003,0,1,0,
1473309572.563,,5.000000e+003,3.000235e+001,1.095520e-003,0.000000e+000,3.663242e-003,0.000000e+000,3,9.510210e-001,1.825000e+000,,,,,,,,,,,,,,,,,,0,5.000000e+000,5.000000e-001,2,1,1.169205e-003,0,1,0,
1473309583.559,,5.000000e+003,3.000410e+001,1.095431e-003,0.000000e+000,3.680319e-003,0.000000e+000,3,9.508464e-001,1.825000e+000,,,,,,,,,,,,,,,,,,0,5.000000e+000,5.000000e-001,2,1,2.349854e-003,0,1,0,
1473309700.844,,3.000000e+003,2.999941e+001,1.081369e-003,0.000000e+000,3.635365e-003,0.000000e+000,3,9.527009e-001,1.825000e+000,,,,,,,,,,,,,,,,,,0,5.000000e+000,5.000000e-001,2,1,4.699707e-003,0,1,0,
1473309713.084,,3.000000e+003,3.000117e+001,1.081445e-003,0.000000e+000,4.023652e-003,0.000000e+000,3,9.517336e-001,1.825000e+000,,,,,,,,,,,,,,,,,,0,5.000000e+000,5.000000e-001,2,1,1.180649e-003,0,1,0,
1473309725.799,,3.000000e+003,3.000176e+001,1.080394e-003,0.000000e+000,4.422914e-003,0.000000e+000,3,9.519526e-001,1.825000e+000,,,,,,,,,,,,,,,,,,0,5.000000e+000,5.000000e-001,2,1,0.000000e+000,0,1,0,
1473309737.060,,3.000000e+003,3.000117e+001,1.080796e-003,0.000000e+000,4.009450e-003,0.000000e+000,3,9.522700e-001,1.825000e+000,,,,,,,,,,,,,,,,,,0,5.000000e+000,5.000000e-001,2,1,1.180649e-003,0,1,0,
1473309858.726,,1.000000e+003,3.000000e+001,1.045406e-003,0.000000e+000,5.601965e-003,0.000000e+000,3,9.600287e-001,1.825000e+000,,,,,,,,,,,,,,,,,,0,5.000000e+000,5.000000e-001,2,1,1.169205e-003,0,1,0,
1473309870.600,,1.000000e+003,3.000175e+001,1.046095e-003,0.000000e+000,5.381475e-003,0.000000e+000,3,9.601450e-001,1.825000e+000,,,,,,,,,,,,,,,,,,0,5.000000e+000,5.000000e-001,2,1,4.690170e-003,0,1,0,
1473309882.814,,1.000000e+003,3.000234e+001,1.045048e-003,0.000000e+000,5.339120e-003,0.000000e+000,3,9.598613e-001,1.825000e+000,,,,,,,,,,,,,,,,,,0,5.000000e+000,5.000000e-001,2,1,3.520966e-003,0,1,0,
1473309895.779,,1.000000e+003,3.000176e+001,1.046115e-003,0.000000e+000,5.479715e-003,0.000000e+000,3,9.594379e-001,1.825000e+000,,,,,,,,,,,,,,,,,,0,5.000000e+000,5.000000e-001,2,1,0.000000e+000,0,1,0,
1473310022.258,,7.000000e+002,3.000059e+001,1.032146e-003,0.000000e+000,5.729766e-003,0.000000e+000,3,9.643475e-001,1.825000e+000,,,,,,,,,,,,,,,,,,0,5.000000e+000,5.000000e-001,2,1,2.349854e-003,0,0,0,
1473310034.472,,7.000000e+002,3.000058e+001,1.032767e-003,0.000000e+000,5.630269e-003,0.000000e+000,3,9.639326e-001,1.825000e+000,,,,,,,,,,,,,,,,,,0,5.000000e+000,5.000000e-001,2,1,0.000000e+000,0,0,0,
1473310047.438,,7.000000e+002,3.000000e+001,1.033338e-003,0.000000e+000,5.600040e-003,0.000000e+000,3,9.638216e-001,1.825000e+000,,,,,,,,,,,,,,,,,,0,5.000000e+000,5.000000e-001,2,1,1.169205e-003,0,0,0,
1473310059.651,,7.000000e+002,2.999883e+001,1.033344e-003,0.000000e+000,5.754496e-003,0.000000e+000,3,9.633532e-001,1.825000e+000,,,,,,,,,,,,,,,,,,0,5.000000e+000,5.000000e-001,2,1,1.171112e-003,0,0,0,
1473310182.126,,6.000000e+002,2.999883e+001,1.025246e-003,0.000000e+000,6.529874e-003,0.000000e+000,3,9.641764e-001,1.825000e+000,,,,,,,,,,,,,,,,,,0,5.000000e+000,5.000000e-001,2,1,1.171112e-003,0,0,0,
1473310194.590,,6.000000e+002,2.999706e+001,1.026847e-003,0.000000e+000,6.678173e-003,0.000000e+000,3,9.648460e-001,1.825000e+000,,,,,,,,,,,,,,,,,,0,5.000000e+000,5.000000e-001,2,1,2.349854e-003,0,0,0,
1473310206.738,,6.000000e+002,3.000059e+001,1.026189e-003,0.000000e+000,6.543375e-003,0.000000e+000,3,9.650234e-001,1.825000e+000,,,,,,,,,,,,,,,,,,0,5.000000e+000,5.000000e-001,2,1,2.349854e-003,0,0,0,
1473310220.310,,6.000000e+002,2.999824e+001,1.026493e-003,0.000000e+000,6.145519e-003,0.000000e+000,3,9.652872e-001,1.825000e+000,,,,,,,,,,,,,,,,,,0,5.000000e+000,5.000000e-001,2,1,2.349854e-003,0,0,0,
1473310339.050,,5.000000e+002,2.999941e+001,1.021751e-003,0.000000e+000,7.003798e-003,0.000000e+000,3,9.660394e-001,1.825000e+000,,,,,,,,,,,,,,,,,,0,5.000000e+000,5.000000e-001,2,1,2.340317e-003,0,0,0,
1473310352.014,,5.000000e+002,3.000058e+001,1.019043e-003,0.000000e+000,6.374936e-003,0.000000e+000,3,9.673252e-001,1.825000e+000,,,,,,,,,,,,,,,,,,0,5.000000e+000,5.000000e-001,2,1,0.000000e+000,0,0,0,
1473310364.729,,5.000000e+002,3.000059e+001,1.019451e-003,0.000000e+000,6.248685e-003,0.000000e+000,3,9.677956e-001,1.825000e+000,,,,,,,,,,,,,,,,,,0,5.000000e+000,5.000000e-001,2,1,2.349854e-003,0,0,0,
1473310376.693,,5.000000e+002,3.000059e+001,1.018686e-003,0.000000e+000,6.642567e-003,0.000000e+000,3,9.671407e-001,1.825000e+000,,,,,,,,,,,,,,,,,,0,5.000000e+000,5.000000e-001,2,1,2.349854e-003,0,0,0,
1473310497.353,,4.000000e+002,2.999765e+001,1.008463e-003,0.000000e+000,7.197252e-003,0.000000e+000,3,9.700141e-001,1.825000e+000,,,,,,,,,,,,,,,,,,0,5.000000e+000,5.000000e-001,2,1,1.178741e-003,0,0,0,
1473310509.425,,4.000000e+002,3.000058e+001,1.008021e-003,0.000000e+000,6.721731e-003,0.000000e+000,3,9.698044e-001,1.825000e+000,,,,,,,,,,,,,,,,,,0,5.000000e+000,5.000000e-001,2,1,0.000000e+000,0,0,0,
1473310521.639,,4.000000e+002,3.000000e+001,1.008639e-003,0.000000e+000,6.838917e-003,0.000000e+000,3,9.697580e-001,1.825000e+000,,,,,,,,,,,,,,,,,,0,5.000000e+000,5.000000e-001,2,1,1.169205e-003,0,0,0,
1473310533.401,,4.000000e+002,3.000117e+001,1.008106e-003,0.000000e+000,7.150601e-003,0.000000e+000,3,9.694253e-001,1.825000e+000,,,,,,,,,,,,,,,,,,0,5.000000e+000,5.000000e-001,2,1,1.180649e-003,0,0,0,
1473310648.899,,3.000000e+002,2.999824e+001,9.935857e-004,0.000000e+000,7.369862e-003,0.000000e+000,3,9.728176e-001,1.825000e+000,,,,,,,,,,,,,,,,,,0,5.000000e+000,5.000000e-001,2,1,0.000000e+000,0,0,0,
1473310662.134,,3.000000e+002,2.999941e+001,9.932389e-004,0.000000e+000,7.167883e-003,0.000000e+000,3,9.727784e-001,1.825000e+000,,,,,,,,,,,,,,,,,,0,5.000000e+000,5.000000e-001,2,1,2.340317e-003,0,0,0,
1473310674.348,,3.000000e+002,2.999882e+001,9.932596e-004,0.000000e+000,7.335924e-003,0.000000e+000,3,9.723641e-001,1.825000e+000,,,,,,,,,,,,,,,,,,0,5.000000e+000,5.000000e-001,2,1,3.519058e-003,0,0,0,
1473310687.594,,3.000000e+002,2.999824e+001,9.933773e-004,0.000000e+000,7.499121e-003,0.000000e+000,3,9.723902e-001,1.825000e+000,,,,,,,,,,,,,,,,,,0,5.000000e+000,5.000000e-001,2,1,2.349854e-003,0,0,0,
1473310808.069,,2.000000e+002,3.000000e+001,9.694833e-004,0.000000e+000,7.822437e-003,0.000000e+000,3,9.754542e-001,1.825000e+000,,,,,,,,,,,,,,,,,,0,5.000000e+000,5.000000e-001,2,1,1.169205e-003,0,0,0,
1473310820.533,,2.000000e+002,2.999941e+001,9.701913e-004,0.000000e+000,7.331176e-003,0.000000e+000,3,9.754059e-001,1.825000e+000,,,,,,,,,,,,,,,,,,0,5.000000e+000,5.000000e-001,2,1,0.000000e+000,0,0,0,
1473310832.450,,2.000000e+002,2.999941e+001,9.692796e-004,0.000000e+000,7.714125e-003,0.000000e+000,3,9.759065e-001,1.825000e+000,,,,,,,,,,,,,,,,,,0,5.000000e+000,5.000000e-001,2,1,2.340317e-003,0,0,0,
1473310845.462,,2.000000e+002,2.999883e+001,9.691555e-004,0.000000e+000,7.851958e-003,0.000000e+000,3,9.759538e-001,1.825000e+000,,,,,,,,,,,,,,,,,,0,5.000000e+000,5.000000e-001,2,1,1.171112e-003,0,0,0,
1473310962.798,,1.800000e+002,3.000000e+001,9.629476e-004,0.000000e+000,7.913738e-003,0.000000e+000,3,9.762552e-001,1.825000e+000,,,,,,,,,,,,,,,,,,0,5.000000e+000,5.000000e-001,2,1,1.169205e-003,0,1,0,
1473310974.516,,1.800000e+002,3.000058e+001,9.626836e-004,0.000000e+000,7.489076e-003,0.000000e+000,3,9.771848e-001,1.825000e+000,,,,,,,,,,,,,,,,,,0,5.000000e+000,5.000000e-001,2,1,0.000000e+000,0,1,0,
1473310986.982,,1.800000e+002,2.999941e+001,9.623339e-004,0.000000e+000,7.619995e-003,0.000000e+000,3,9.765841e-001,1.825000e+000,,,,,,,,,,,,,,,,,,0,5.000000e+000,5.000000e-001,2,1,4.699707e-003,0,1,0,
1473310998.892,,1.800000e+002,3.000235e+001,9.624822e-004,0.000000e+000,7.611592e-003,0.000000e+000,3,9.770373e-001,1.825000e+000,,,,,,,,,,,,,,,,,,0,5.000000e+000,5.000000e-001,2,1,1.169205e-003,0,1,0,
1473311105.475,,1.600000e+002,3.000175e+001,9.550871e-004,0.000000e+000,8.133605e-003,0.000000e+000,3,9.769388e-001,1.825000e+000,,,,,,,,,,,,,,,,,,0,5.000000e+000,5.000000e-001,2,1,2.349854e-003,0,1,0,
1473311116.688,,1.600000e+002,3.000175e+001,9.554282e-004,0.000000e+000,8.053696e-003,0.000000e+000,3,9.774231e-001,1.825000e+000,,,,,,,,,,,,,,,,,,0,5.000000e+000,5.000000e-001,2,1,2.349854e-003,0,1,0,
1473311128.702,,1.600000e+002,3.000117e+001,9.550963e-004,0.000000e+000,7.589389e-003,0.000000e+000,3,9.773827e-001,1.825000e+000,,,,,,,,,,,,,,,,,,0,5.000000e+000,5.000000e-001,2,1,1.180649e-003,0,1,0,
1473311140.936,,1.600000e+002,3.000235e+001,9.551265e-004,0.000000e+000,7.969496e-003,0.000000e+000,3,9.775069e-001,1.825000e+000,,,,,,,,,,,,,,,,,,0,5.000000e+000,5.000000e-001,2,1,1.169205e-003,0,1,0,
1473311248.165,,1.400000e+002,3.000293e+001,9.471390e-004,0.000000e+000,7.840931e-003,0.000000e+000,3,9.780496e-001,1.825000e+000,,,,,,,,,,,,,,,,,,0,5.000000e+000,5.000000e-001,2,1,2.340317e-003,0,1,0,
1473311260.435,,1.400000e+002,3.000293e+001,9.468710e-004,0.000000e+000,8.029536e-003,0.000000e+000,3,9.785879e-001,1.825000e+000,,,,,,,,,,,,,,,,,,0,5.000000e+000,5.000000e-001,2,1,2.340317e-003,0,1,0,
1473311272.899,,1.400000e+002,3.000293e+001,9.469904e-004,0.000000e+000,7.825634e-003,0.000000e+000,3,9.776763e-001,1.825000e+000,,,,,,,,,,,,,,,,,,0,5.000000e+000,5.000000e-001,2,1,0.000000e+000,0,1,0,
1473311284.613,,1.400000e+002,3.000293e+001,9.442507e-004,0.000000e+000,1.112229e-002,0.000000e+000,3,9.708057e-001,1.825000e+000,,,,,,,,,,,,,,,,,,0,5.000000e+000,5.000000e-001,2,1,0.000000e+000,0,1,0,
1473311391.337,,1.200000e+002,3.000117e+001,9.374331e-004,0.000000e+000,7.750554e-003,0.000000e+000,3,9.791140e-001,1.825000e+000,,,,,,,,,,,,,,,,,,0,5.000000e+000,5.000000e-001,2,1,1.180649e-003,0,1,0,
1473311403.051,,1.200000e+002,3.000117e+001,9.370215e-004,0.000000e+000,8.113353e-003,0.000000e+000,3,9.789974e-001,1.825000e+000,,,,,,,,,,,,,,,,,,0,5.000000e+000,5.000000e-001,2,1,1.180649e-003,0,1,0,
1473311414.551,,1.200000e+002,3.000176e+001,9.371180e-004,0.000000e+000,8.151726e-003,0.000000e+000,3,9.787182e-001,1.825000e+000,,,,,,,,,,,,,,,,,,0,5.000000e+000,5.000000e-001,2,1,0.000000e+000,0,1,0,
1473311426.775,,1.200000e+002,2.999883e+001,9.369075e-004,0.000000e+000,8.237969e-003,0.000000e+000,3,9.786798e-001,1.825000e+000,,,,,,,,,,,,,,,,,,0,5.000000e+000,5.000000e-001,2,1,1.171112e-003,0,1,0,
1473311542.753,,1.000000e+002,2.999941e+001,9.262532e-004,0.000000e+000,7.871646e-003,0.000000e+000,3,9.799297e-001,1.825000e+000,,,,,,,,,,,,,,,,,,0,5.000000e+000,5.000000e-001,2,1,2.340317e-003,0,1,0,
1473311555.652,,1.000000e+002,3.000176e+001,9.251167e-004,0.000000e+000,8.642613e-003,0.000000e+000,3,9.793062e-001,1.825000e+000,,,,,,,,,,,,,,,,,,0,5.000000e+000,5.000000e-001,2,1,0.000000e+000,0,0,0,
1473311567.224,,1.000000e+002,3.000059e+001,9.251281e-004,0.000000e+000,8.147663e-003,0.000000e+000,3,9.793525e-001,1.825000e+000,,,,,,,,,,,,,,,,,,0,5.000000e+000,5.000000e-001,2,1,2.349854e-003,0,0,0,
1473311578.626,,1.000000e+002,3.000000e+001,9.256121e-004,0.000000e+000,8.038448e-003,0.000000e+000,3,9.794146e-001,1.825000e+000,,,,,,,,,,,,,,,,,,0,5.000000e+000,5.000000e-001,2,1,1.169205e-003,0,0,0,
1473311684.973,,8.000000e+001,3.000059e+001,9.125283e-004,0.000000e+000,8.049626e-003,0.000000e+000,3,9.804113e-001,1.825000e+000,,,,,,,,,,,,,,,,,,0,5.000000e+000,5.000000e-001,2,1,2.349854e-003,0,0,0,
1473311696.689,,8.000000e+001,2.999941e+001,9.123454e-004,0.000000e+000,8.379229e-003,0.000000e+000,3,9.801872e-001,1.825000e+000,,,,,,,,,,,,,,,,,,0,5.000000e+000,5.000000e-001,2,1,0.000000e+000,0,0,0,
1473311709.403,,8.000000e+001,3.000000e+001,9.121426e-004,0.000000e+000,8.554283e-003,0.000000e+000,3,9.798896e-001,1.825000e+000,,,,,,,,,,,,,,,,,,0,5.000000e+000,5.000000e-001,2,1,1.169205e-003,0,0,0,
1473311721.547,,8.000000e+001,2.999883e+001,9.130388e-004,0.000000e+000,8.614765e-003,0.000000e+000,3,9.804547e-001,1.825000e+000,,,,,,,,,,,,,,,,,,0,5.000000e+000,5.000000e-001,2,1,1.171112e-003,0,0,0,
1473311834.885,,6.000000e+001,2.999883e+001,8.960895e-004,0.000000e+000,8.413983e-003,0.000000e+000,3,9.811093e-001,1.825000e+000,,,,,,,,,,,,,,,,,,0,5.000000e+000,5.000000e-001,2,1,1.171112e-003,0,0,0,
1473311847.349,,6.000000e+001,2.999941e+001,8.955919e-004,0.000000e+000,8.441818e-003,0.000000e+000,3,9.815458e-001,1.825000e+000,,,,,,,,,,,,,,,,,,0,5.000000e+000,5.000000e-001,2,1,0.000000e+000,0,0,0,
1473311859.563,,6.000000e+001,2.999941e+001,8.961124e-004,0.000000e+000,8.394458e-003,0.000000e+000,3,9.812895e-001,1.825000e+000,,,,,,,,,,,,,,,,,,0,5.000000e+000,5.000000e-001,2,1,0.000000e+000,0,0,0,
1473311870.777,,6.000000e+001,3.000000e+001,8.962208e-004,0.000000e+000,8.326073e-003,0.000000e+000,3,9.812924e-001,1.825000e+000,,,,,,,,,,,,,,,,,,0,5.000000e+000,5.000000e-001,2,1,1.169205e-003,0,0,0,
1473311985.940,,4.000000e+001,2.999941e+001,8.768932e-004,0.000000e+000,7.853787e-003,0.000000e+000,3,9.818855e-001,1.825000e+000,,,,,,,,,,,,,,,,,,0,5.000000e+000,5.000000e-001,2,1,0.000000e+000,0,0,0,
1473312000.013,,4.000000e+001,3.000000e+001,8.772914e-004,0.000000e+000,7.689099e-003,0.000000e+000,3,9.819227e-001,1.825000e+000,,,,,,,,,,,,,,,,,,0,5.000000e+000,5.000000e-001,2,1,1.169205e-003,0,0,0,
1473312013.476,,4.000000e+001,3.000000e+001,8.761316e-004,0.000000e+000,8.742617e-003,0.000000e+000,3,9.820938e-001,1.825000e+000,,,,,,,,,,,,,,,,,,0,5.000000e+000,5.000000e-001,2,1,1.169205e-003,0,0,0,
1473312026.240,,4.000000e+001,2.999941e+001,8.761821e-004,0.000000e+000,8.705855e-003,0.000000e+000,3,9.817299e-001,1.825000e+000,,,,,,,,,,,,,,,,,,0,5.000000e+000,5.000000e-001,2,1,0.000000e+000,0,0,0,
1473312135.762,,2.000000e+001,2.999765e+001,8.501654e-004,0.000000e+000,8.709287e-003,0.000000e+000,3,9.826266e-001,1.825000e+000,,,,,,,,,,,,,,,,,,0,5.000000e+000,5.000000e-001,2,1,1.178741e-003,0,0,0,
1473312148.976,,2.000000e+001,3.000000e+001,8.504009e-004,0.000000e+000,8.394233e-003,0.000000e+000,3,9.830993e-001,1.825000e+000,,,,,,,,,,,,,,,,,,0,5.000000e+000,5.000000e-001,2,1,1.169205e-003,0,0,0,
1473312161.190,,2.000000e+001,2.999883e+001,8.507550e-004,0.000000e+000,8.564263e-003,0.000000e+000,3,9.826134e-001,1.825000e+000,,,,,,,,,,,,,,,,,,0,5.000000e+000,5.000000e-001,2,1,1.171112e-003,0,0,0,
1473312174.836,,2.000000e+001,3.000000e+001,8.502242e-004,0.000000e+000,8.678890e-003,0.000000e+000,3,9.827244e-001,1.825000e+000,,,,,,,,,,,,,,,,,,0,5.000000e+000,5.000000e-001,2,1,3.520966e-003,0,0,0,
1473312285.668,,0.000000e+000,3.000000e+001,8.158477e-004,0.000000e+000,9.136375e-003,0.000000e+000,3,9.830996e-001,1.825000e+000,,,,,,,,,,,,,,,,,,0,5.000000e+000,5.000000e-001,2,1,1.169205e-003,0,0,0,
1473312297.634,,0.000000e+000,2.999765e+001,8.160236e-004,0.000000e+000,8.817412e-003,0.000000e+000,3,9.836007e-001,1.825000e+000,,,,,,,,,,,,,,,,,,0,5.000000e+000,5.000000e-001,2,1,1.178741e-003,0,0,0,
1473312310.348,,0.000000e+000,2.999941e+001,8.160795e-004,0.000000e+000,8.941301e-003,0.000000e+000,3,9.833989e-001,1.825000e+000,,,,,,,,,,,,,,,,,,0,5.000000e+000,5.000000e-001,2,1,0.000000e+000,0,0,0,
1473312324.312,,0.000000e+000,2.999941e+001,8.156943e-004,0.000000e+000,8.863304e-003,0.000000e+000,3,9.832052e-001,1.825000e+000,,,,,,,,,,,,,,,,,,0,5.000000e+000,5.000000e-001,2,1,0.000000e+000,0,0,0,
1473312435.041,,-2.000000e+001,3.000058e+001,7.616721e-004,0.000000e+000,9.640392e-003,0.000000e+000,3,9.833506e-001,1.825000e+000,,,,,,,,,,,,,,,,,,0,5.000000e+000,5.000000e-001,2,1,7.040024e-003,0,1,0,
1473312448.288,,-2.000000e+001,3.000000e+001,7.602126e-004,0.000000e+000,8.590152e-003,0.000000e+000,3,9.849815e-001,1.825000e+000,,,,,,,,,,,,,,,,,,0,5.000000e+000,5.000000e-001,2,1,5.868912e-003,0,1,0,
1473312460.752,,-2.000000e+001,3.000059e+001,7.603638e-004,0.000000e+000,8.636678e-003,0.000000e+000,3,9.845073e-001,1.825000e+000,,,,,,,,,,,,,,,,,,0,5.000000e+000,5.000000e-001,2,1,2.349854e-003,0,1,0,
1473312473.716,,-2.000000e+001,3.000176e+001,7.600996e-004,0.000000e+000,9.178539e-003,0.000000e+000,3,9.840159e-001,1.825000e+000,,,,,,,,,,,,,,,,,,0,5.000000e+000,5.000000e-001,2,1,0.000000e+000,0,1,0,
1473312579.940,,-4.000000e+001,2.999765e+001,6.449294e-004,0.000000e+000,8.686794e-003,0.000000e+000,3,9.855000e-001,1.825000e+000,,,,,,,,,,,,,,,,,,0,5.000000e+000,5.000000e-001,2,1,5.859375e-003,0,1,0,
1473312591.171,,-4.000000e+001,3.000175e+001,6.436186e-004,0.000000e+000,9.603423e-003,0.000000e+000,3,9.848120e-001,1.825000e+000,,,,,,,,,,,,,,,,,,0,5.000000e+000,5.000000e-001,2,1,2.349854e-003,0,1,0,
1473312604.582,,-4.000000e+001,3.000117e+001,6.416690e-004,0.000000e+000,9.404397e-003,0.000000e+000,3,9.843478e-001,1.825000e+000,,,,,,,,,,,,,,,,,,0,5.000000e+000,5.000000e-001,2,1,1.180649e-003,0,1,0,
1473312616.405,,-4.000000e+001,3.000352e+001,6.406504e-004,0.000000e+000,9.145633e-003,0.000000e+000,3,9.851338e-001,1.825000e+000,,,,,,,,,,,,,,,,,,0,5.000000e+000,5.000000e-001,2,1,1.171112e-003,0,1,0,
1473312731.883,,-6.000000e+001,3.000235e+001,-4.511898e-004,0.000000e+000,6.184296e-003,0.000000e+000,3,9.778832e-001,1.825000e+000,,,,,,,,,,,,,,,,,,0,5.000000e+000,5.000000e-001,2,1,1.169205e-003,0,1,0,
1473312745.098,,-6.000000e+001,3.000175e+001,-4.582115e-004,0.000000e+000,5.808225e-003,0.000000e+000,3,9.788720e-001,1.825000e+000,,,,,,,,,,,,,,,,,,0,5.000000e+000,5.000000e-001,2,1,2.349854e-003,0,1,0,
1473312757.312,,-6.000000e+001,3.000235e+001,-4.630726e-004,0.000000e+000,6.978351e-003,0.000000e+000,3,9.779592e-001,1.825000e+000,,,,,,,,,,,,,,,,,,0,5.000000e+000,5.000000e-001,2,1,1.169205e-003,0,1,0,
1473312769.026,,-6.000000e+001,3.000176e+001,-4.664563e-004,0.000000e+000,6.944276e-003,0.000000e+000,3,9.776668e-001,1.825000e+000,,,,,,,,,,,,,,,,,,0,5.000000e+000,5.000000e-001,2,1,0.000000e+000,0,1,0,
1473312878.750,,-8.000000e+001,3.000117e+001,-6.851245e-004,0.000000e+000,7.514519e-003,0.000000e+000,3,9.793488e-001,1.825000e+000,,,,,,,,,,,,,,,,,,0,5.000000e+000,5.000000e-001,2,1,1.180649e-003,0,1,0,
1473312891.143,,-8.000000e+001,3.000235e+001,-6.875630e-004,0.000000e+000,7.778446e-003,0.000000e+000,3,9.794325e-001,1.825000e+000,,,,,,,,,,,,,,,,,,0,5.000000e+000,5.000000e-001,2,1,1.169205e-003,0,1,0,
1473312902.897,,-8.000000e+001,3.000059e+001,-6.893945e-004,0.000000e+000,7.724999e-003,0.000000e+000,3,9.791072e-001,1.825000e+000,,,,,,,,,,,,,,,,,,0,5.000000e+000,5.000000e-001,2,1,2.349854e-003,0,1,0,
1473312917.257,,-8.000000e+001,3.000117e+001,-6.910902e-004,0.000000e+000,7.788155e-003,0.000000e+000,3,9.794012e-001,1.825000e+000,,,,,,,,,,,,,,,,,,0,5.000000e+000,5.000000e-001,2,1,1.180649e-003,0,1,0,
1473313026.016,,-1.000000e+002,3.001253e+001,-7.747456e-004,0.000000e+000,7.988906e-003,0.000000e+000,3,9.784033e-001,1.825000e+000,,,,,,,,,,,,,,,,,,0,5.000000e+000,5.000000e-001,2,1,2.390099e-002,0,1,0,
1473313037.980,,-1.000000e+002,3.001371e+001,-7.775146e-004,0.000000e+000,7.835374e-003,0.000000e+000,3,9.783571e-001,1.825000e+000,,,,,,,,,,,,,,,,,,0,5.000000e+000,5.000000e-001,2,1,2.155113e-002,0,0,0,
1473313049.194,,-1.000000e+002,3.000000e+001,-7.791457e-004,0.000000e+000,7.643840e-003,0.000000e+000,3,9.788194e-001,1.825000e+000,,,,,,,,,,,,,,,,,,0,5.000000e+000,5.000000e-001,2,1,5.868912e-003,0,0,0,
1473313062.158,,-1.000000e+002,2.999706e+001,-7.799791e-004,0.000000e+000,6.971447e-003,0.000000e+000,3,9.792610e-001,1.825000e+000,,,,,,,,,,,,,,,,,,0,5.000000e+000,5.000000e-001,2,1,0.000000e+000,0,0,0,
1473313168.686,,-1.200000e+002,2.999765e+001,-8.316205e-004,0.000000e+000,7.634379e-003,0.000000e+000,3,9.777820e-001,1.825000e+000,,,,,,,,,,,,,,,,,,0,5.000000e+000,5.000000e-001,2,1,1.178741e-003,0,0,0,
1473313180.400,,-1.200000e+002,3.000000e+001,-8.323919e-004,0.000000e+000,7.708694e-003,0.000000e+000,3,9.778781e-001,1.825000e+000,,,,,,,,,,,,,,,,,,0,5.000000e+000,5.000000e-001,2,1,3.520966e-003,0,0,0,
1473313191.864,,-1.200000e+002,2.999941e+001,-8.337548e-004,0.000000e+000,7.236364e-003,0.000000e+000,3,9.784222e-001,1.825000e+000,,,,,,,,,,,,,,,,,,0,5.000000e+000,5.000000e-001,2,1,0.000000e+000,0,0,0,
1473313203.828,,-1.200000e+002,2.999883e+001,-8.337479e-004,0.000000e+000,7.671052e-003,0.000000e+000,3,9.789968e-001,1.825000e+000,,,,,,,,,,,,,,,,,,0,5.000000e+000,5.000000e-001,2,1,1.171112e-003,0,0,0,
1473313313.556,,-1.400000e+002,2.999883e+001,-8.687348e-004,0.000000e+000,7.876109e-003,0.000000e+000,3,9.773707e-001,1.825000e+000,,,,,,,,,,,,,,,,,,0,5.000000e+000,5.000000e-001,2,1,1.171112e-003,0,0,0,
1473313328.284,,-1.400000e+002,3.000059e+001,-8.701138e-004,0.000000e+000,8.163864e-003,0.000000e+000,3,9.773202e-001,1.825000e+000,,,,,,,,,,,,,,,,,,0,5.000000e+000,5.000000e-001,2,1,2.349854e-003,0,0,0,
1473313340.998,,-1.400000e+002,3.000293e+001,-8.703792e-004,0.000000e+000,7.908638e-003,0.000000e+000,3,9.774949e-001,1.825000e+000,,,,,,,,,,,,,,,,,,0,5.000000e+000,5.000000e-001,2,1,2.340317e-003,0,0,0,
1473313353.962,,-1.400000e+002,3.000000e+001,-8.709884e-004,0.000000e+000,7.728598e-003,0.000000e+000,3,9.775685e-001,1.825000e+000,,,,,,,,,,,,,,,,,,0,5.000000e+000,5.000000e-001,2,1,1.169205e-003,0,0,0,
1473313471.187,,-1.600000e+002,3.000000e+001,-8.956661e-004,0.000000e+000,7.956743e-003,0.000000e+000,3,9.766109e-001,1.825000e+000,,,,,,,,,,,,,,,,,,0,5.000000e+000,5.000000e-001,2,1,1.169205e-003,0,0,0,
1473313483.100,,-1.600000e+002,3.000000e+001,-8.963103e-004,0.000000e+000,7.574857e-003,0.000000e+000,3,9.769420e-001,1.825000e+000,,,,,,,,,,,,,,,,,,0,5.000000e+000,5.000000e-001,2,1,1.169205e-003,0,0,0,
1473313494.922,,-1.600000e+002,3.000000e+001,-8.971259e-004,0.000000e+000,7.862540e-003,0.000000e+000,3,9.767115e-001,1.825000e+000,,,,,,,,,,,,,,,,,,0,5.000000e+000,5.000000e-001,2,1,1.169205e-003,0,0,0,
1473313508.387,,-1.600000e+002,2.999883e+001,-8.974212e-004,0.000000e+000,7.660402e-003,0.000000e+000,3,9.770943e-001,1.825000e+000,,,,,,,,,,,,,,,,,,0,5.000000e+000,5.000000e-001,2,1,5.870819e-003,0,0,0,
1473313622.866,,-1.800000e+002,3.000117e+001,-9.158264e-004,0.000000e+000,7.660473e-003,0.000000e+000,3,9.763251e-001,1.825000e+000,,,,,,,,,,,,,,,,,,0,5.000000e+000,5.000000e-001,2,1,3.519058e-003,0,0,0,
1473313635.267,,-1.800000e+002,3.000000e+001,-9.158284e-004,0.000000e+000,7.865276e-003,0.000000e+000,3,9.764004e-001,1.825000e+000,,,,,,,,,,,,,,,,,,0,5.000000e+000,5.000000e-001,2,1,1.169205e-003,0,0,0,
1473313646.839,,-1.800000e+002,2.999941e+001,-9.163996e-004,0.000000e+000,7.675354e-003,0.000000e+000,3,9.761767e-001,1.825000e+000,,,,,,,,,,,,,,,,,,0,5.000000e+000,5.000000e-001,2,1,0.000000e+000,0,0,0,
1473313658.317,,-1.800000e+002,2.999883e+001,-9.165954e-004,0.000000e+000,7.557089e-003,0.000000e+000,3,9.766423e-001,1.825000e+000,,,,,,,,,,,,,,,,,,0,5.000000e+000,5.000000e-001,2,1,5.870819e-003,0,0,0,
1473313766.344,,-2.000000e+002,3.000000e+001,-9.310344e-004,0.000000e+000,7.302045e-003,0.000000e+000,3,9.759794e-001,1.825000e+000,,,,,,,,,,,,,,,,,,0,5.000000e+000,5.000000e-001,2,1,1.169205e-003,0,0,0,
1473313780.095,,-2.000000e+002,3.000000e+001,-9.314921e-004,0.000000e+000,7.766863e-003,0.000000e+000,3,9.755360e-001,1.825000e+000,,,,,,,,,,,,,,,,,,0,5.000000e+000,5.000000e-001,2,1,1.169205e-003,0,0,0,
1473313794.069,,-2.000000e+002,3.000000e+001,-9.314424e-004,0.000000e+000,7.734107e-003,0.000000e+000,3,9.757124e-001,1.825000e+000,,,,,,,,,,,,,,,,,,0,5.000000e+000,5.000000e-001,2,1,1.169205e-003,0,0,0,
1473313807.784,,-2.000000e+002,2.999941e+001,-9.315551e-004,0.000000e+000,7.621334e-003,0.000000e+000,3,9.760537e-001,1.825000e+000,,,,,,,,,,,,,,,,,,0,5.000000e+000,5.000000e-001,2,1,0.000000e+000,0,0,0,
1473313922.512,,-3.000000e+002,3.000000e+001,-9.759757e-004,0.000000e+000,6.960142e-003,0.000000e+000,3,9.731099e-001,1.825000e+000,,,,,,,,,,,,,,,,,,0,5.000000e+000,5.000000e-001,2,1,1.169205e-003,0,1,0,
1473313933.726,,-3.000000e+002,3.000117e+001,-9.754144e-004,0.000000e+000,7.559324e-003,0.000000e+000,3,9.727044e-001,1.825000e+000,,,,,,,,,,,,,,,,,,0,5.000000e+000,5.000000e-001,2,1,1.180649e-003,0,1,0,
1473313946.488,,-3.000000e+002,2.999941e+001,-9.752667e-004,0.000000e+000,7.778060e-003,0.000000e+000,3,9.723997e-001,1.825000e+000,,,,,,,,,,,,,,,,,,0,5.000000e+000,5.000000e-001,2,1,2.340317e-003,0,1,0,
1473313957.383,,-3.000000e+002,3.000000e+001,-9.762244e-004,0.000000e+000,7.261914e-003,0.000000e+000,3,9.729136e-001,1.825000e+000,,,,,,,,,,,,,,,,,,0,5.000000e+000,5.000000e-001,2,1,3.520966e-003,0,1,0,
1473314077.716,,-4.000000e+002,3.000528e+001,-9.982499e-004,0.000000e+000,7.019368e-003,0.000000e+000,3,9.697552e-001,1.825000e+000,,,,,,,,,,,,,,,,,,0,5.000000e+000,5.000000e-001,2,1,2.349854e-003,0,1,0,
1473314090.965,,-4.000000e+002,3.000235e+001,-9.985062e-004,0.000000e+000,7.135971e-003,0.000000e+000,3,9.695244e-001,1.825000e+000,,,,,,,,,,,,,,,,,,0,5.000000e+000,5.000000e-001,2,1,1.169205e-003,0,1,0,
1473314101.965,,-4.000000e+002,3.000293e+001,-9.987323e-004,0.000000e+000,7.104510e-003,0.000000e+000,3,9.697619e-001,1.825000e+000,,,,,,,,,,,,,,,,,,0,5.000000e+000,5.000000e-001,2,1,0.000000e+000,0,1,0,
1473314114.226,,-4.000000e+002,3.000293e+001,-9.984621e-004,0.000000e+000,7.203380e-003,0.000000e+000,3,9.698493e-001,1.825000e+000,,,,,,,,,,,,,,,,,,0,5.000000e+000,5.000000e-001,2,1,0.000000e+000,0,1,0,
1473314234.475,,-5.000000e+002,3.000000e+001,-1.013180e-003,0.000000e+000,6.277295e-003,0.000000e+000,3,9.683346e-001,1.825000e+000,,,,,,,,,,,,,,,,,,0,5.000000e+000,5.000000e-001,2,1,1.169205e-003,0,1,0,
1473314245.940,,-5.000000e+002,3.000000e+001,-1.011794e-003,0.000000e+000,6.632703e-003,0.000000e+000,3,9.676471e-001,1.825000e+000,,,,,,,,,,,,,,,,,,0,5.000000e+000,5.000000e-001,2,1,1.169205e-003,0,1,0,
1473314258.419,,-5.000000e+002,3.000117e+001,-1.012398e-003,0.000000e+000,6.610275e-003,0.000000e+000,3,9.677154e-001,1.825000e+000,,,,,,,,,,,,,,,,,,0,5.000000e+000,5.000000e-001,2,1,1.056099e-002,0,1,0,
1473314271.133,,-5.000000e+002,3.000117e+001,-1.012495e-003,0.000000e+000,6.817915e-003,0.000000e+000,3,9.673826e-001,1.825000e+000,,,,,,,,,,,,,,,,,,0,5.000000e+000,5.000000e-001,2,1,3.519058e-003,0,1,0,
1473314384.164,,-6.000000e+002,3.000058e+001,-1.022141e-003,0.000000e+000,6.924330e-003,0.000000e+000,3,9.650308e-001,1.825000e+000,,,,,,,,,,,,,,,,,,0,5.000000e+000,5.000000e-001,2,1,0.000000e+000,0,1,0,
1473314396.129,,-6.000000e+002,3.000059e+001,-1.022256e-003,0.000000e+000,6.622652e-003,0.000000e+000,3,9.651135e-001,1.825000e+000,,,,,,,,,,,,,,,,,,0,5.000000e+000,5.000000e-001,2,1,2.349854e-003,0,1,0,
1473314408.343,,-6.000000e+002,3.000058e+001,-1.021543e-003,0.000000e+000,6.417004e-003,0.000000e+000,3,9.654362e-001,1.825000e+000,,,,,,,,,,,,,,,,,,0,5.000000e+000,5.000000e-001,2,1,0.000000e+000,0,1,0,
1473314420.057,,-6.000000e+002,3.000059e+001,-1.022211e-003,0.000000e+000,6.702278e-003,0.000000e+000,3,9.648845e-001,1.825000e+000,,,,,,,,,,,,,,,,,,0,5.000000e+000,5.000000e-001,2,1,2.349854e-003,0,1,0,
1473314542.286,,-7.000000e+002,2.999824e+001,-1.028703e-003,0.000000e+000,6.738522e-003,0.000000e+000,3,9.633281e-001,1.825000e+000,,,,,,,,,,,,,,,,,,0,5.000000e+000,5.000000e-001,2,1,0.000000e+000,0,0,0,
1473314554.500,,-7.000000e+002,3.000117e+001,-1.029725e-003,0.000000e+000,6.009768e-003,0.000000e+000,3,9.634407e-001,1.825000e+000,,,,,,,,,,,,,,,,,,0,5.000000e+000,5.000000e-001,2,1,1.759911e-002,0,0,0,
1473314565.465,,-7.000000e+002,3.000117e+001,-1.029751e-003,0.000000e+000,5.857504e-003,0.000000e+000,3,9.627661e-001,1.825000e+000,,,,,,,,,,,,,,,,,,0,5.000000e+000,5.000000e-001,2,1,1.180649e-003,0,0,0,
1473314577.723,,-7.000000e+002,2.999941e+001,-1.028457e-003,0.000000e+000,5.785286e-003,0.000000e+000,3,9.639122e-001,1.825000e+000,,,,,,,,,,,,,,,,,,0,5.000000e+000,5.000000e-001,2,1,0.000000e+000,0,0,0,
1473314691.447,,-1.000000e+003,3.000117e+001,-1.041190e-003,0.000000e+000,5.504045e-003,0.000000e+000,3,9.584603e-001,1.825000e+000,,,,,,,,,,,,,,,,,,0,5.000000e+000,5.000000e-001,2,1,1.180649e-003,0,0,0,
1473314703.177,,-1.000000e+003,3.000058e+001,-1.043169e-003,0.000000e+000,5.796316e-003,0.000000e+000,3,9.599113e-001,1.825000e+000,,,,,,,,,,,,,,,,,,0,5.000000e+000,5.000000e-001,2,1,0.000000e+000,0,0,0,
1473314714.891,,-1.000000e+003,3.000117e+001,-1.043495e-003,0.000000e+000,5.938763e-003,0.000000e+000,3,9.598357e-001,1.825000e+000,,,,,,,,,,,,,,,,,,0,5.000000e+000,5.000000e-001,2,1,1.180649e-003,0,0,0,
1473314727.106,,-1.000000e+003,3.000000e+001,-1.043500e-003,0.000000e+000,5.921290e-003,0.000000e+000,3,9.598906e-001,1.825000e+000,,,,,,,,,,,,,,,,,,0,5.000000e+000,5.000000e-001,2,1,1.169205e-003,0,0,0,
1473314852.127,,-3.000000e+003,2.999941e+001,-1.081040e-003,0.000000e+000,4.519966e-003,0.000000e+000,3,9.519845e-001,1.825000e+000,,,,,,,,,,,,,,,,,,0,5.000000e+000,5.000000e-001,2,1,4.699707e-003,0,0,0,
1473314865.091,,-3.000000e+003,3.000234e+001,-1.081124e-003,0.000000e+000,4.628851e-003,0.000000e+000,3,9.523767e-001,1.825000e+000,,,,,,,,,,,,,,,,,,0,5.000000e+000,5.000000e-001,2,1,3.520966e-003,0,0,0,
1473314878.306,,-3.000000e+003,3.000000e+001,-1.080586e-003,0.000000e+000,4.473916e-003,0.000000e+000,3,9.520246e-001,1.825000e+000,,,,,,,,,,,,,,,,,,0,5.000000e+000,5.000000e-001,2,1,1.169205e-003,0,0,0,
1473314891.454,,-3.000000e+003,3.000175e+001,-1.080127e-003,0.000000e+000,4.657233e-003,0.000000e+000,3,9.516307e-001,1.825000e+000,,,,,,,,,,,,,,,,,,0,5.000000e+000,5.000000e-001,2,1,2.349854e-003,0,0,0,
1473315017.038,,-5.000000e+003,2.999648e+001,-1.095361e-003,0.000000e+000,4.305363e-003,0.000000e+000,3,9.507803e-001,1.825000e+000,,,,,,,,,,,,,,,,,,0,5.000000e+000,5.000000e-001,2,1,3.519058e-003,0,0,0,
1473315029.752,,-5.000000e+003,2.999941e+001,-1.095289e-003,0.000000e+000,4.275340e-003,0.000000e+000,3,9.508963e-001,1.825000e+000,,,,,,,,,,,,,,,,,,0,5.000000e+000,5.000000e-001,2,1,0.000000e+000,0,0,0,
1473315042.012,,-5.000000e+003,2.999706e+001,-1.095329e-003,0.000000e+000,4.306066e-003,0.000000e+000,3,9.510229e-001,1.825000e+000,,,,,,,,,,,,,,,,,,0,5.000000e+000,5.000000e-001,2,1,0.000000e+000,0,0,0,
1473315054.726,,-5.000000e+003,3.000058e+001,-1.095381e-003,0.000000e+000,4.244661e-003,0.000000e+000,3,9.509552e-001,1.825000e+000,,,,,,,,,,,,,,,,,,0,5.000000e+000,5.000000e-001,2,1,0.000000e+000,0,0,0,
1473315178.705,,-7.000000e+003,3.000058e+001,-1.105165e-003,0.000000e+000,4.360744e-003,0.000000e+000,3,9.507055e-001,1.825000e+000,,,,,,,,,,,,,,,,,,0,5.000000e+000,5.000000e-001,2,1,0.000000e+000,0,0,0,
1473315190.669,,-7.000000e+003,3.000000e+001,-1.105236e-003,0.000000e+000,4.297421e-003,0.000000e+000,3,9.508653e-001,1.825000e+000,,,,,,,,,,,,,,,,,,0,5.000000e+000,5.000000e-001,2,1,1.169205e-003,0,0,0,
1473315204.417,,-7.000000e+003,3.000000e+001,-1.105170e-003,0.000000e+000,4.430126e-003,0.000000e+000,3,9.508536e-001,1.825000e+000,,,,,,,,,,,,,,,,,,0,5.000000e+000,5.000000e-001,2,1,1.169205e-003,0,0,0,
1473315218.632,,-7.000000e+003,3.000176e+001,-1.105253e-003,0.000000e+000,4.383343e-003,0.000000e+000,3,9.506583e-001,1.825000e+000,,,,,,,,,,,,,,,,,,0,5.000000e+000,5.000000e-001,2,1,7.040024e-003,0,1,0,
1473315343.857,,-9.000000e+003,2.999941e+001,-1.112222e-003,0.000000e+000,4.499950e-003,0.000000e+000,3,9.505981e-001,1.825000e+000,,,,,,,,,,,,,,,,,,0,5.000000e+000,5.000000e-001,2,1,0.000000e+000,0,1,0,
1473315356.379,,-9.000000e+003,3.000175e+001,-1.112401e-003,0.000000e+000,4.541559e-003,0.000000e+000,3,9.508461e-001,1.825000e+000,,,,,,,,,,,,,,,,,,0,5.000000e+000,5.000000e-001,2,1,4.690170e-003,0,1,0,
1473315368.045,,-9.000000e+003,3.000058e+001,-1.112356e-003,0.000000e+000,4.472375e-003,0.000000e+000,3,9.508441e-001,1.825000e+000,,,,,,,,,,,,,,,,,,0,5.000000e+000,5.000000e-001,2,1,0.000000e+000,0,1,0,
1473315381.120,,-9.000000e+003,3.000175e+001,-1.112107e-003,0.000000e+000,4.476377e-003,0.000000e+000,3,9.507789e-001,1.825000e+000,,,,,,,,,,,,,,,,,,0,5.000000e+000,5.000000e-001,2,1,2.349854e-003,0,1,0,
1473315502.776,,-1.000000e+004,3.000469e+001,-1.115532e-003,0.000000e+000,4.468543e-003,0.000000e+000,3,9.507702e-001,1.825000e+000,,,,,,,,,,,,,,,,,,0,5.000000e+000,5.000000e-001,2,1,1.178741e-003,0,1,0,
1473315514.098,,-1.000000e+004,3.000352e+001,-1.115242e-003,0.000000e+000,4.529897e-003,0.000000e+000,3,9.509696e-001,1.825000e+000,,,,,,,,,,,,,,,,,,0,5.000000e+000,5.000000e-001,2,1,1.171112e-003,0,1,0,
1473315526.063,,-1.000000e+004,3.000293e+001,-1.115264e-003,0.000000e+000,4.554120e-003,0.000000e+000,3,9.507960e-001,1.825000e+000,,,,,,,,,,,,,,,,,,0,5.000000e+000,5.000000e-001,2,1,0.000000e+000,0,1,0,
1473315538.468,,-1.000000e+004,3.000293e+001,-1.115030e-003,0.000000e+000,4.650450e-003,0.000000e+000,3,9.508688e-001,1.825000e+000,,,,,,,,,,,,,,,,,,0,5.000000e+000,5.000000e-001,2,1,2.340317e-003,0,1,0,
1473315700.059,,-2.000000e+004,3.000000e+001,-1.132763e-003,0.000000e+000,5.259981e-003,0.000000e+000,3,9.501448e-001,1.825000e+000,,,,,,,,,,,,,,,,,,0,5.000000e+000,5.000000e-001,2,1,1.169205e-003,0,1,0,
1473315712.076,,-2.000000e+004,3.000000e+001,-1.131642e-003,0.000000e+000,8.726350e-003,0.000000e+000,3,9.512273e-001,1.825000e+000,,,,,,,,,,,,,,,,,,0,5.000000e+000,5.000000e-001,2,1,1.169205e-003,0,1,0,
1473315724.040,,-2.000000e+004,2.999941e+001,-1.136255e-003,0.000000e+000,3.672173e-003,0.000000e+000,3,9.518093e-001,1.825000e+000,,,,,,,,,,,,,,,,,,0,5.000000e+000,5.000000e-001,2,1,0.000000e+000,0,1,0,
1473315737.194,,-2.000000e+004,2.999941e+001,-1.138310e-003,0.000000e+000,6.466929e-003,0.000000e+000,3,9.483479e-001,1.825000e+000,,,,,,,,,,,,,,,,,,0,5.000000e+000,5.000000e-001,2,1,0.000000e+000,0,1,0,
1473315905.326,,-3.000000e+004,3.000175e+001,-1.143065e-003,0.000000e+000,6.159446e-003,0.000000e+000,3,9.522629e-001,1.825000e+000,,,,,,,,,,,,,,,,,,0,5.000000e+000,5.000000e-001,2,1,4.690170e-003,0,1,0,
1473315918.345,,-3.000000e+004,3.000059e+001,-1.144160e-003,0.000000e+000,7.540346e-003,0.000000e+000,3,9.519882e-001,1.825000e+000,,,,,,,,,,,,,,,,,,0,5.000000e+000,5.000000e-001,2,1,2.349854e-003,0,0,0,
1473315929.809,,-3.000000e+004,2.999941e+001,-1.147625e-003,0.000000e+000,6.160128e-003,0.000000e+000,3,9.494714e-001,1.825000e+000,,,,,,,,,,,,,,,,,,0,5.000000e+000,5.000000e-001,2,1,0.000000e+000,0,0,0,
1473315941.961,,-3.000000e+004,2.999824e+001,-1.145648e-003,0.000000e+000,6.185218e-003,0.000000e+000,3,9.507781e-001,1.825000e+000,,,,,,,,,,,,,,,,,,0,5.000000e+000,5.000000e-001,2,1,2.349854e-003,0,0,0,
1473316106.802,,-4.000000e+004,3.000117e+001,-1.152241e-003,0.000000e+000,6.611432e-003,0.000000e+000,3,9.501819e-001,1.825000e+000,,,,,,,,,,,,,,,,,,0,5.000000e+000,5.000000e-001,2,1,3.519058e-003,0,0,0,
1473316118.457,,-4.000000e+004,3.000000e+001,-1.152010e-003,0.000000e+000,6.251403e-003,0.000000e+000,3,9.505489e-001,1.825000e+000,,,,,,,,,,,,,,,,,,0,5.000000e+000,5.000000e-001,2,1,1.169205e-003,0,0,0,
1473316130.327,,-4.000000e+004,3.000175e+001,-1.151927e-003,0.000000e+000,6.606315e-003,0.000000e+000,3,9.506115e-001,1.825000e+000,,,,,,,,,,,,,,,,,,0,5.000000e+000,5.000000e-001,2,1,2.349854e-003,0,0,0,
1473316143.041,,-4.000000e+004,3.000058e+001,-1.151921e-003,0.000000e+000,6.603559e-003,0.000000e+000,3,9.505175e-001,1.825000e+000,,,,,,,,,,,,,,,,,,0,5.000000e+000,5.000000e-001,2,1,4.690170e-003,0,0,0,
1473316316.776,,-5.000000e+004,3.000175e+001,-1.153243e-003,0.000000e+000,6.665226e-003,0.000000e+000,3,9.491411e-001,1.825000e+000,,,,,,,,,,,,,,,,,,0,5.000000e+000,5.000000e-001,2,1,4.690170e-003,0,0,0,
1473316329.740,,-5.000000e+004,2.999883e+001,-1.155916e-003,0.000000e+000,7.127561e-003,0.000000e+000,3,9.501628e-001,1.825000e+000,,,,,,,,,,,,,,,,,,0,5.000000e+000,5.000000e-001,2,1,1.171112e-003,0,0,0,
1473316341.954,,-5.000000e+004,3.000058e+001,-1.156042e-003,0.000000e+000,7.141604e-003,0.000000e+000,3,9.501888e-001,1.825000e+000,,,,,,,,,,,,,,,,,,0,5.000000e+000,5.000000e-001,2,1,0.000000e+000,0,0,0,
1473316355.419,,-5.000000e+004,2.999824e+001,-1.155953e-003,0.000000e+000,7.105721e-003,0.000000e+000,3,9.502022e-001,1.825000e+000,,,,,,,,,,,,,,,,,,0,5.000000e+000,5.000000e-001,2,1,2.349854e-003,0,0,0,
1473316519.398,,-6.000000e+004,3.000058e+001,-1.158175e-003,0.000000e+000,7.551856e-003,0.000000e+000,3,9.496289e-001,1.825000e+000,,,,,,,,,,,,,,,,,,0,5.000000e+000,5.000000e-001,2,1,4.690170e-003,0,0,0,
1473316532.060,,-6.000000e+004,2.999883e+001,-1.158083e-003,0.000000e+000,7.650107e-003,0.000000e+000,3,9.496644e-001,1.825000e+000,,,,,,,,,,,,,,,,,,0,5.000000e+000,5.000000e-001,2,1,1.171112e-003,0,0,0,
1473316545.633,,-6.000000e+004,2.999883e+001,-1.157945e-003,0.000000e+000,7.617885e-003,0.000000e+000,3,9.497024e-001,1.825000e+000,,,,,,,,,,,,,,,,,,0,5.000000e+000,5.000000e-001,2,1,1.171112e-003,0,0,0,
1473316559.597,,-6.000000e+004,3.000058e+001,-1.158066e-003,0.000000e+000,7.599225e-003,0.000000e+000,3,9.496261e-001,1.825000e+000,,,,,,,,,,,,,,,,,,0,5.000000e+000,5.000000e-001,2,1,4.690170e-003,0,0,0,
1473316725.080,,-7.000000e+004,2.999941e+001,-1.159133e-003,0.000000e+000,8.101691e-003,0.000000e+000,3,9.491882e-001,1.825000e+000,,,,,,,,,,,,,,,,,,0,5.000000e+000,5.000000e-001,2,1,4.699707e-003,0,1,0,
1473316737.089,,-7.000000e+004,3.000058e+001,-1.159895e-003,0.000000e+000,7.997336e-003,0.000000e+000,3,9.489268e-001,1.825000e+000,,,,,,,,,,,,,,,,,,0,5.000000e+000,5.000000e-001,2,1,0.000000e+000,0,1,0,
1473316750.081,,-7.000000e+004,2.999883e+001,-1.159607e-003,0.000000e+000,7.885671e-003,0.000000e+000,3,9.488883e-001,1.825000e+000,,,,,,,,,,,,,,,,,,0,5.000000e+000,5.000000e-001,2,1,5.870819e-003,0,1,0,
1473316761.744,,-7.000000e+004,2.999941e+001,-1.157915e-003,0.000000e+000,8.068056e-003,0.000000e+000,3,9.483581e-001,1.825000e+000,,,,,,,,,,,,,,,,,,0,5.000000e+000,5.000000e-001,2,1,4.699707e-003,0,1,0,
1473316931.090,,-6.000000e+004,3.000293e+001,-1.158598e-003,0.000000e+000,6.749792e-003,0.000000e+000,3,9.487039e-001,1.825000e+000,,,,,,,,,,,,,,,,,,0,5.000000e+000,5.000000e-001,2,1,0.000000e+000,0,1,0,
1473316942.554,,-6.000000e+004,3.000410e+001,-1.158500e-003,0.000000e+000,7.154079e-003,0.000000e+000,3,9.496484e-001,1.825000e+000,,,,,,,,,,,,,,,,,,0,5.000000e+000,5.000000e-001,2,1,2.349854e-003,0,1,0,
1473316954.028,,-6.000000e+004,3.000352e+001,-1.158816e-003,0.000000e+000,6.773554e-003,0.000000e+000,3,9.491580e-001,1.825000e+000,,,,,,,,,,,,,,,,,,0,5.000000e+000,5.000000e-001,2,1,3.519058e-003,0,1,0,
1473316965.993,,-6.000000e+004,3.000528e+001,-1.157876e-003,0.000000e+000,7.544091e-003,0.000000e+000,3,9.494235e-001,1.825000e+000,,,,,,,,,,,,,,,,,,0,5.000000e+000,5.000000e-001,2,1,4.690170e-003,0,1,0,
1473317137.473,,-5.000000e+004,3.000000e+001,-1.158062e-003,0.000000e+000,4.966212e-003,0.000000e+000,3,9.479155e-001,1.825000e+000,,,,,,,,,,,,,,,,,,0,5.000000e+000,5.000000e-001,2,1,1.169205e-003,0,1,0,
1473317149.687,,-5.000000e+004,2.999883e+001,-1.152493e-003,0.000000e+000,5.154518e-003,0.000000e+000,3,9.507305e-001,1.825000e+000,,,,,,,,,,,,,,,,,,0,5.000000e+000,5.000000e-001,2,1,1.171112e-003,0,1,0,
1473317161.401,,-5.000000e+004,3.000059e+001,-1.157789e-003,0.000000e+000,3.908552e-003,0.000000e+000,3,9.491798e-001,1.825000e+000,,,,,,,,,,,,,,,,,,0,5.000000e+000,5.000000e-001,2,1,2.349854e-003,0,1,0,
1473317173.615,,-5.000000e+004,2.999883e+001,-1.157989e-003,0.000000e+000,4.700354e-003,0.000000e+000,3,9.506899e-001,1.825000e+000,,,,,,,,,,,,,,,,,,0,5.000000e+000,5.000000e-001,2,1,1.171112e-003,0,1,0,
1473317339.348,,-4.000000e+004,3.000117e+001,-1.149324e-003,0.000000e+000,5.726709e-003,0.000000e+000,3,9.477551e-001,1.825000e+000,,,,,,,,,,,,,,,,,,0,5.000000e+000,5.000000e-001,2,1,1.180649e-003,0,0,0,
1473317352.062,,-4.000000e+004,3.000000e+001,-1.149720e-003,0.000000e+000,5.698416e-003,0.000000e+000,3,9.521024e-001,1.825000e+000,,,,,,,,,,,,,,,,,,0,5.000000e+000,5.000000e-001,2,1,1.055908e-002,0,0,0,
1473317364.588,,-4.000000e+004,3.000235e+001,-1.153231e-003,0.000000e+000,3.728047e-003,0.000000e+000,3,9.493434e-001,1.825000e+000,,,,,,,,,,,,,,,,,,0,5.000000e+000,5.000000e-001,2,1,1.169205e-003,0,0,0,
1473317377.005,,-4.000000e+004,2.999882e+001,-1.153226e-003,0.000000e+000,4.446534e-003,0.000000e+000,3,9.508688e-001,1.825000e+000,,,,,,,,,,,,,,,,,,0,5.000000e+000,5.000000e-001,2,1,3.519058e-003,0,0,0,
1473317539.096,,-3.000000e+004,2.999941e+001,-1.145291e-003,0.000000e+000,5.017278e-003,0.000000e+000,3,9.507271e-001,1.825000e+000,,,,,,,,,,,,,,,,,,0,5.000000e+000,5.000000e-001,2,1,0.000000e+000,0,0,0,
1473317550.560,,-3.000000e+004,2.999882e+001,-1.144989e-003,0.000000e+000,4.759800e-003,0.000000e+000,3,9.509032e-001,1.825000e+000,,,,,,,,,,,,,,,,,,0,5.000000e+000,5.000000e-001,2,1,3.519058e-003,0,0,0,
1473317564.774,,-3.000000e+004,3.000176e+001,-1.145083e-003,0.000000e+000,4.735330e-003,0.000000e+000,3,9.507033e-001,1.825000e+000,,,,,,,,,,,,,,,,,,0,5.000000e+000,5.000000e-001,2,1,0.000000e+000,0,0,0,
1473317576.989,,-3.000000e+004,3.000176e+001,-1.145116e-003,0.000000e+000,4.749589e-003,0.000000e+000,3,9.507030e-001,1.825000e+000,,,,,,,,,,,,,,,,,,0,5.000000e+000,5.000000e-001,2,1,0.000000e+000,0,0,0,
1473317730.749,,-2.000000e+004,3.000234e+001,-1.130559e-003,0.000000e+000,3.097909e-003,0.000000e+000,3,9.494758e-001,1.825000e+000,,,,,,,,,,,,,,,,,,0,5.000000e+000,5.000000e-001,2,1,3.520966e-003,0,0,0,
1473317754.958,,-2.000000e+004,3.000059e+001,-1.134680e-003,0.000000e+000,4.168979e-003,0.000000e+000,3,9.508645e-001,1.825000e+000,,,,,,,,,,,,,,,,,,0,5.000000e+000,5.000000e-001,2,1,2.349854e-003,0,0,0,
1473317767.235,,-2.000000e+004,2.999824e+001,-1.134591e-003,0.000000e+000,4.118701e-003,0.000000e+000,3,9.508942e-001,1.825000e+000,,,,,,,,,,,,,,,,,,0,5.000000e+000,5.000000e-001,2,1,2.349854e-003,0,0,0,
1473317779.953,,-2.000000e+004,3.000000e+001,-1.134869e-003,0.000000e+000,4.180324e-003,0.000000e+000,3,9.508759e-001,1.825000e+000,,,,,,,,,,,,,,,,,,0,5.000000e+000,5.000000e-001,2,1,1.169205e-003,0,0,0,
1473317939.432,,-1.000000e+004,3.000059e+001,-1.115223e-003,0.000000e+000,3.622897e-003,0.000000e+000,3,9.508117e-001,1.825000e+000,,,,,,,,,,,,,,,,,,0,5.000000e+000,5.000000e-001,2,1,2.349854e-003,0,0,0,
1473317951.845,,-1.000000e+004,2.999941e+001,-1.115306e-003,0.000000e+000,3.702676e-003,0.000000e+000,3,9.509380e-001,1.825000e+000,,,,,,,,,,,,,,,,,,0,5.000000e+000,5.000000e-001,2,1,0.000000e+000,0,0,0,
1473317964.417,,-1.000000e+004,2.999941e+001,-1.115464e-003,0.000000e+000,3.706402e-003,0.000000e+000,3,9.506843e-001,1.825000e+000,,,,,,,,,,,,,,,,,,0,5.000000e+000,5.000000e-001,2,1,2.340317e-003,0,0,0,
1473317977.672,,-1.000000e+004,2.999706e+001,-1.115314e-003,0.000000e+000,3.727481e-003,0.000000e+000,3,9.508207e-001,1.825000e+000,,,,,,,,,,,,,,,,,,0,5.000000e+000,5.000000e-001,2,1,2.349854e-003,0,0,0,
1473318101.151,,-9.000000e+003,2.999648e+001,-1.112046e-003,0.000000e+000,3.811966e-003,0.000000e+000,3,9.507415e-001,1.825000e+000,,,,,,,,,,,,,,,,,,0,5.000000e+000,5.000000e-001,2,1,3.519058e-003,0,0,0,
1473318113.615,,-9.000000e+003,3.000059e+001,-1.112555e-003,0.000000e+000,3.925932e-003,0.000000e+000,3,9.507503e-001,1.825000e+000,,,,,,,,,,,,,,,,,,0,5.000000e+000,5.000000e-001,2,1,2.349854e-003,0,0,0,
1473318126.759,,-9.000000e+003,2.999883e+001,-1.112594e-003,0.000000e+000,3.769518e-003,0.000000e+000,3,9.508626e-001,1.825000e+000,,,,,,,,,,,,,,,,,,0,5.000000e+000,5.000000e-001,2,1,1.171112e-003,0,0,0,
1473318139.629,,-9.000000e+003,2.999941e+001,-1.112460e-003,0.000000e+000,3.877296e-003,0.000000e+000,3,9.508023e-001,1.825000e+000,,,,,,,,,,,,,,,,,,0,5.000000e+000,5.000000e-001,2,1,0.000000e+000,0,0,0,
1473318265.855,,-7.000000e+003,3.000587e+001,-1.105445e-003,0.000000e+000,3.954972e-003,0.000000e+000,3,9.507581e-001,1.825000e+000,,,,,,,,,,,,,,,,,,0,5.000000e+000,5.000000e-001,2,1,5.870819e-003,0,1,0,
1473318279.069,,-7.000000e+003,3.000117e+001,-1.104962e-003,0.000000e+000,3.881602e-003,0.000000e+000,3,9.507572e-001,1.825000e+000,,,,,,,,,,,,,,,,,,0,5.000000e+000,5.000000e-001,2,1,1.180649e-003,0,1,0,
1473318291.033,,-7.000000e+003,3.000117e+001,-1.105097e-003,0.000000e+000,3.785851e-003,0.000000e+000,3,9.508260e-001,1.825000e+000,,,,,,,,,,,,,,,,,,0,5.000000e+000,5.000000e-001,2,1,1.180649e-003,0,1,0,
1473318303.247,,-7.000000e+003,3.000117e+001,-1.104931e-003,0.000000e+000,3.843759e-003,0.000000e+000,3,9.508944e-001,1.825000e+000,,,,,,,,,,,,,,,,,,0,5.000000e+000,5.000000e-001,2,1,1.180649e-003,0,1,0,
1473318426.733,,-5.000000e+003,3.000117e+001,-1.095370e-003,0.000000e+000,4.013536e-003,0.000000e+000,3,9.510058e-001,1.825000e+000,,,,,,,,,,,,,,,,,,0,5.000000e+000,5.000000e-001,2,1,3.519058e-003,0,1,0,
1473318438.447,,-5.000000e+003,3.000235e+001,-1.095510e-003,0.000000e+000,3.841315e-003,0.000000e+000,3,9.509311e-001,1.825000e+000,,,,,,,,,,,,,,,,,,0,5.000000e+000,5.000000e-001,2,1,1.169205e-003,0,1,0,
1473318450.954,,-5.000000e+003,3.000293e+001,-1.095333e-003,0.000000e+000,3.921030e-003,0.000000e+000,3,9.509610e-001,1.825000e+000,,,,,,,,,,,,,,,,,,0,5.000000e+000,5.000000e-001,2,1,2.340317e-003,0,1,0,
1473318462.934,,-5.000000e+003,3.000469e+001,-1.095647e-003,0.000000e+000,4.051155e-003,0.000000e+000,3,9.510068e-001,1.825000e+000,,,,,,,,,,,,,,,,,,0,5.000000e+000,5.000000e-001,2,1,1.178741e-003,0,1,0,
1473318582.216,,-3.000000e+003,2.999882e+001,-1.080091e-003,0.000000e+000,4.497592e-003,0.000000e+000,3,9.522455e-001,1.825000e+000,,,,,,,,,,,,,,,,,,0,5.000000e+000,5.000000e-001,2,1,3.519058e-003,0,1,0,
1473318595.681,,-3.000000e+003,3.000117e+001,-1.080194e-003,0.000000e+000,3.797260e-003,0.000000e+000,3,9.530023e-001,1.825000e+000,,,,,,,,,,,,,,,,,,0,5.000000e+000,5.000000e-001,2,1,3.519058e-003,0,1,0,
1473318606.839,,-3.000000e+003,3.000000e+001,-1.080709e-003,0.000000e+000,4.154867e-003,0.000000e+000,3,9.523195e-001,1.825000e+000,,,,,,,,,,,,,,,,,,0,5.000000e+000,5.000000e-001,2,1,1.169205e-003,0,1,0,
1473318620.161,,-3.000000e+003,3.000059e+001,-1.080442e-003,0.000000e+000,4.334392e-003,0.000000e+000,3,9.520804e-001,1.825000e+000,,,,,,,,,,,,,,,,,,0,5.000000e+000,5.000000e-001,2,1,2.349854e-003,0,1,0,
1473318742.140,,-1.000000e+003,3.000000e+001,-1.045343e-003,0.000000e+000,5.315374e-003,0.000000e+000,3,9.605161e-001,1.825000e+000,,,,,,,,,,,,,,,,,,0,5.000000e+000,5.000000e-001,2,1,1.169205e-003,0,1,0,
1473318754.354,,-1.000000e+003,3.000175e+001,-1.046026e-003,0.000000e+000,5.394600e-003,0.000000e+000,3,9.599751e-001,1.825000e+000,,,,,,,,,,,,,,,,,,0,5.000000e+000,5.000000e-001,2,1,2.349854e-003,0,1,0,
1473318765.569,,-1.000000e+003,3.000175e+001,-1.045386e-003,0.000000e+000,5.625678e-003,0.000000e+000,3,9.598284e-001,1.825000e+000,,,,,,,,,,,,,,,,,,0,5.000000e+000,5.000000e-001,2,1,2.349854e-003,0,1,0,
1473318776.479,,-1.000000e+003,3.000058e+001,-1.045183e-003,0.000000e+000,5.466540e-003,0.000000e+000,3,9.604216e-001,1.825000e+000,,,,,,,,,,,,,,,,,,0,5.000000e+000,5.000000e-001,2,1,4.690170e-003,0,0,0,
1473318897.094,,-7.000000e+002,3.000058e+001,-1.032797e-003,0.000000e+000,5.992373e-003,0.000000e+000,3,9.635840e-001,1.825000e+000,,,,,,,,,,,,,,,,,,0,5.000000e+000,5.000000e-001,2,1,0.000000e+000,0,0,0,
1473318909.308,,-7.000000e+002,3.000000e+001,-1.032043e-003,0.000000e+000,6.799555e-003,0.000000e+000,3,9.631247e-001,1.825000e+000,,,,,,,,,,,,,,,,,,0,5.000000e+000,5.000000e-001,2,1,1.169205e-003,0,0,0,
1473318922.022,,-7.000000e+002,2.999941e+001,-1.031998e-003,0.000000e+000,6.053876e-003,0.000000e+000,3,9.632621e-001,1.825000e+000,,,,,,,,,,,,,,,,,,0,5.000000e+000,5.000000e-001,2,1,0.000000e+000,0,0,0,
1473318935.236,,-7.000000e+002,3.000000e+001,-1.032663e-003,0.000000e+000,6.124034e-003,0.000000e+000,3,9.634689e-001,1.825000e+000,,,,,,,,,,,,,,,,,,0,5.000000e+000,5.000000e-001,2,1,1.169205e-003,0,0,0,
1473319057.662,,-6.000000e+002,3.000000e+001,-1.025019e-003,0.000000e+000,6.348744e-003,0.000000e+000,3,9.647907e-001,1.825000e+000,,,,,,,,,,,,,,,,,,0,5.000000e+000,5.000000e-001,2,1,1.169205e-003,0,0,0,
1473319069.234,,-6.000000e+002,3.000058e+001,-1.028850e-003,0.000000e+000,6.746414e-003,0.000000e+000,3,9.648811e-001,1.825000e+000,,,,,,,,,,,,,,,,,,0,5.000000e+000,5.000000e-001,2,1,0.000000e+000,0,0,0,
1473319081.711,,-6.000000e+002,3.000000e+001,-1.026663e-003,0.000000e+000,6.661878e-003,0.000000e+000,3,9.650304e-001,1.825000e+000,,,,,,,,,,,,,,,,,,0,5.000000e+000,5.000000e-001,2,1,1.169205e-003,0,0,0,
1473319092.925,,-6.000000e+002,3.000117e+001,-1.026308e-003,0.000000e+000,6.240476e-003,0.000000e+000,3,9.653574e-001,1.825000e+000,,,,,,,,,,,,,,,,,,0,5.000000e+000,5.000000e-001,2,1,1.180649e-003,0,0,0,
1473319212.150,,-5.000000e+002,3.000117e+001,-1.018346e-003,0.000000e+000,7.014813e-003,0.000000e+000,3,9.671192e-001,1.825000e+000,,,,,,,,,,,,,,,,,,0,5.000000e+000,5.000000e-001,2,1,1.180649e-003,0,0,0,
1473319224.394,,-5.000000e+002,2.999941e+001,-1.018299e-003,0.000000e+000,6.897439e-003,0.000000e+000,3,9.672043e-001,1.825000e+000,,,,,,,,,,,,,,,,,,0,5.000000e+000,5.000000e-001,2,1,2.340317e-003,0,0,0,
1473319237.859,,-5.000000e+002,3.000000e+001,-1.018698e-003,0.000000e+000,6.673330e-003,0.000000e+000,3,9.678074e-001,1.825000e+000,,,,,,,,,,,,,,,,,,0,5.000000e+000,5.000000e-001,2,1,1.169205e-003,0,0,0,
1473319250.073,,-5.000000e+002,2.999883e+001,-1.018207e-003,0.000000e+000,7.253553e-003,0.000000e+000,3,9.670798e-001,1.825000e+000,,,,,,,,,,,,,,,,,,0,5.000000e+000,5.000000e-001,2,1,1.171112e-003,0,0,0,
1473319371.802,,-4.000000e+002,2.999589e+001,-1.006680e-003,0.000000e+000,6.722234e-003,0.000000e+000,3,9.706478e-001,1.825000e+000,,,,,,,,,,,,,,,,,,0,5.000000e+000,5.000000e-001,2,1,2.340317e-003,0,0,0,
1473319385.767,,-4.000000e+002,2.999883e+001,-1.007543e-003,0.000000e+000,7.068207e-003,0.000000e+000,3,9.700227e-001,1.825000e+000,,,,,,,,,,,,,,,,,,0,5.000000e+000,5.000000e-001,2,1,1.171112e-003,0,0,0,
1473319398.981,,-4.000000e+002,2.999941e+001,-1.008152e-003,0.000000e+000,7.185831e-003,0.000000e+000,3,9.699483e-001,1.825000e+000,,,,,,,,,,,,,,,,,,0,5.000000e+000,5.000000e-001,2,1,0.000000e+000,0,0,0,
1473319409.695,,-4.000000e+002,2.999941e+001,-1.007797e-003,0.000000e+000,7.328209e-003,0.000000e+000,3,9.696540e-001,1.825000e+000,,,,,,,,,,,,,,,,,,0,5.000000e+000,5.000000e-001,2,1,0.000000e+000,0,0,0,
1473319522.419,,-3.000000e+002,3.000176e+001,-9.928980e-004,0.000000e+000,7.794994e-003,0.000000e+000,3,9.722505e-001,1.825000e+000,,,,,,,,,,,,,,,,,,0,5.000000e+000,5.000000e-001,2,1,0.000000e+000,0,0,0,
1473319534.651,,-3.000000e+002,2.999823e+001,-9.927588e-004,0.000000e+000,7.576764e-003,0.000000e+000,3,9.721596e-001,1.825000e+000,,,,,,,,,,,,,,,,,,0,5.000000e+000,5.000000e-001,2,1,4.690170e-003,0,0,0,
1473319547.366,,-3.000000e+002,2.999941e+001,-9.928643e-004,0.000000e+000,7.695003e-003,0.000000e+000,3,9.725904e-001,1.825000e+000,,,,,,,,,,,,,,,,,,0,5.000000e+000,5.000000e-001,2,1,2.340317e-003,0,0,0,
1473319559.580,,-3.000000e+002,3.000000e+001,-9.930020e-004,0.000000e+000,7.863350e-003,0.000000e+000,3,9.727489e-001,1.825000e+000,,,,,,,,,,,,,,,,,,0,5.000000e+000,5.000000e-001,2,1,1.169205e-003,0,0,0,
1473319675.558,,-2.000000e+002,3.000117e+001,-9.686821e-004,0.000000e+000,8.149902e-003,0.000000e+000,3,9.758145e-001,1.825000e+000,,,,,,,,,,,,,,,,,,0,5.000000e+000,5.000000e-001,2,1,1.180649e-003,0,1,0,
1473319687.524,,-2.000000e+002,3.000175e+001,-9.685415e-004,0.000000e+000,7.204558e-003,0.000000e+000,3,9.770543e-001,1.825000e+000,,,,,,,,,,,,,,,,,,0,5.000000e+000,5.000000e-001,2,1,2.349854e-003,0,1,0,
1473319699.737,,-2.000000e+002,2.999941e+001,-9.687349e-004,0.000000e+000,8.068668e-003,0.000000e+000,3,9.760490e-001,1.825000e+000,,,,,,,,,,,,,,,,,,0,5.000000e+000,5.000000e-001,2,1,4.699707e-003,0,1,0,
1473319711.451,,-2.000000e+002,3.000235e+001,-9.686743e-004,0.000000e+000,8.074856e-003,0.000000e+000,3,9.759782e-001,1.825000e+000,,,,,,,,,,,,,,,,,,0,5.000000e+000,5.000000e-001,2,1,1.169205e-003,0,1,0,
1473319821.448,,-1.800000e+002,2.999883e+001,-9.616960e-004,0.000000e+000,8.639742e-003,0.000000e+000,3,9.765423e-001,1.825000e+000,,,,,,,,,,,,,,,,,,0,5.000000e+000,5.000000e-001,2,1,1.055145e-002,0,1,0,
1473319833.412,,-1.800000e+002,3.000410e+001,-9.619863e-004,0.000000e+000,8.328354e-003,0.000000e+000,3,9.764155e-001,1.825000e+000,,,,,,,,,,,,,,,,,,0,5.000000e+000,5.000000e-001,2,1,0.000000e+000,0,1,0,
1473319848.377,,-1.800000e+002,3.000293e+001,-9.622898e-004,0.000000e+000,8.162219e-003,0.000000e+000,3,9.765502e-001,1.825000e+000,,,,,,,,,,,,,,,,,,0,5.000000e+000,5.000000e-001,2,1,2.340317e-003,0,1,0,
1473319860.091,,-1.800000e+002,3.000352e+001,-9.617806e-004,0.000000e+000,8.160689e-003,0.000000e+000,3,9.765322e-001,1.825000e+000,,,,,,,,,,,,,,,,,,0,5.000000e+000,5.000000e-001,2,1,1.171112e-003,0,1,0,
1473319966.835,,-1.600000e+002,3.000058e+001,-9.557732e-004,0.000000e+000,8.125862e-003,0.000000e+000,3,9.776897e-001,1.825000e+000,,,,,,,,,,,,,,,,,,0,5.000000e+000,5.000000e-001,2,1,0.000000e+000,0,1,0,
1473319979.799,,-1.600000e+002,3.000058e+001,-9.548618e-004,0.000000e+000,8.157620e-003,0.000000e+000,3,9.773313e-001,1.825000e+000,,,,,,,,,,,,,,,,,,0,5.000000e+000,5.000000e-001,2,1,0.000000e+000,0,1,0,
1473319993.325,,-1.600000e+002,3.000293e+001,-9.549985e-004,0.000000e+000,8.249599e-003,0.000000e+000,3,9.772334e-001,1.825000e+000,,,,,,,,,,,,,,,,,,0,5.000000e+000,5.000000e-001,2,1,7.040024e-003,0,1,0,
1473320004.562,,-1.600000e+002,3.000235e+001,-9.543811e-004,0.000000e+000,8.165791e-003,0.000000e+000,3,9.775164e-001,1.825000e+000,,,,,,,,,,,,,,,,,,0,5.000000e+000,5.000000e-001,2,1,1.169205e-003,0,1,0,
1473320111.564,,-1.400000e+002,3.000176e+001,-9.461970e-004,0.000000e+000,8.195798e-003,0.000000e+000,3,9.775867e-001,1.825000e+000,,,,,,,,,,,,,,,,,,0,5.000000e+000,5.000000e-001,2,1,0.000000e+000,0,1,0,
1473320124.778,,-1.400000e+002,3.000058e+001,-9.459656e-004,0.000000e+000,7.799485e-003,0.000000e+000,3,9.786441e-001,1.825000e+000,,,,,,,,,,,,,,,,,,0,5.000000e+000,5.000000e-001,2,1,0.000000e+000,0,1,0,
1473320136.493,,-1.400000e+002,3.000117e+001,-9.462959e-004,0.000000e+000,8.336435e-003,0.000000e+000,3,9.779532e-001,1.825000e+000,,,,,,,,,,,,,,,,,,0,5.000000e+000,5.000000e-001,2,1,1.180649e-003,0,1,0,
1473320149.457,,-1.400000e+002,3.000058e+001,-9.457426e-004,0.000000e+000,7.992560e-003,0.000000e+000,3,9.781646e-001,1.825000e+000,,,,,,,,,,,,,,,,,,0,5.000000e+000,5.000000e-001,2,1,0.000000e+000,0,1,0,
1473320257.935,,-1.200000e+002,3.000058e+001,-9.368762e-004,0.000000e+000,8.374341e-003,0.000000e+000,3,9.790874e-001,1.825000e+000,,,,,,,,,,,,,,,,,,0,5.000000e+000,5.000000e-001,2,1,0.000000e+000,0,0,0,
1473320269.899,,-1.200000e+002,3.000000e+001,-9.367595e-004,0.000000e+000,8.065276e-003,0.000000e+000,3,9.790938e-001,1.825000e+000,,,,,,,,,,,,,,,,,,0,5.000000e+000,5.000000e-001,2,1,1.169205e-003,0,0,0,
1473320282.613,,-1.200000e+002,3.000117e+001,-9.369609e-004,0.000000e+000,8.287353e-003,0.000000e+000,3,9.789562e-001,1.825000e+000,,,,,,,,,,,,,,,,,,0,5.000000e+000,5.000000e-001,2,1,1.180649e-003,0,0,0,
1473320294.077,,-1.200000e+002,3.000000e+001,-9.363578e-004,0.000000e+000,8.477243e-003,0.000000e+000,3,9.783639e-001,1.825000e+000,,,,,,,,,,,,,,,,,,0,5.000000e+000,5.000000e-001,2,1,1.169205e-003,0,0,0,
1473320407.802,,-1.000000e+002,3.000058e+001,-9.259033e-004,0.000000e+000,8.388947e-003,0.000000e+000,3,9.797163e-001,1.825000e+000,,,,,,,,,,,,,,,,,,0,5.000000e+000,5.000000e-001,2,1,0.000000e+000,0,0,0,
1473320421.266,,-1.000000e+002,3.000000e+001,-9.241681e-004,0.000000e+000,8.936806e-003,0.000000e+000,3,9.793374e-001,1.825000e+000,,,,,,,,,,,,,,,,,,0,5.000000e+000,5.000000e-001,2,1,1.169205e-003,0,0,0,
1473320432.730,,-1.000000e+002,2.999941e+001,-9.257152e-004,0.000000e+000,8.298671e-003,0.000000e+000,3,9.796453e-001,1.825000e+000,,,,,,,,,,,,,,,,,,0,5.000000e+000,5.000000e-001,2,1,0.000000e+000,0,0,0,
1473320444.196,,-1.000000e+002,3.000117e+001,-9.252032e-004,0.000000e+000,8.586899e-003,0.000000e+000,3,9.795620e-001,1.825000e+000,,,,,,,,,,,,,,,,,,0,5.000000e+000,5.000000e-001,2,1,1.180649e-003,0,0,0,
1473320552.374,,-8.000000e+001,3.000117e+001,-9.118278e-004,0.000000e+000,8.558385e-003,0.000000e+000,3,9.805444e-001,1.825000e+000,,,,,,,,,,,,,,,,,,0,5.000000e+000,5.000000e-001,2,1,3.519058e-003,0,0,0,
1473320564.946,,-8.000000e+001,2.999824e+001,-9.121241e-004,0.000000e+000,9.335709e-003,0.000000e+000,3,9.789528e-001,1.825000e+000,,,,,,,,,,,,,,,,,,0,5.000000e+000,5.000000e-001,2,1,2.349854e-003,0,0,0,
1473320576.161,,-8.000000e+001,3.000059e+001,-9.114792e-004,0.000000e+000,8.404099e-003,0.000000e+000,3,9.797732e-001,1.825000e+000,,,,,,,,,,,,,,,,,,0,5.000000e+000,5.000000e-001,2,1,2.349854e-003,0,0,0,
1473320587.625,,-8.000000e+001,3.000059e+001,-9.120114e-004,0.000000e+000,8.496882e-003,0.000000e+000,3,9.802999e-001,1.825000e+000,,,,,,,,,,,,,,,,,,0,5.000000e+000,5.000000e-001,2,1,2.349854e-003,0,0,0,
1473320696.099,,-6.000000e+001,2.999941e+001,-8.955469e-004,0.000000e+000,8.729514e-003,0.000000e+000,3,9.805728e-001,1.825000e+000,,,,,,,,,,,,,,,,,,0,5.000000e+000,5.000000e-001,2,1,0.000000e+000,0,0,0,
1473320708.063,,-6.000000e+001,2.999941e+001,-8.957696e-004,0.000000e+000,8.918568e-003,0.000000e+000,3,9.809144e-001,1.825000e+000,,,,,,,,,,,,,,,,,,0,5.000000e+000,5.000000e-001,2,1,0.000000e+000,0,0,0,
1473320720.325,,-6.000000e+001,3.000058e+001,-8.959941e-004,0.000000e+000,8.648509e-003,0.000000e+000,3,9.806696e-001,1.825000e+000,,,,,,,,,,,,,,,,,,0,5.000000e+000,5.000000e-001,2,1,4.690170e-003,0,0,0,
1473320732.081,,-6.000000e+001,2.999941e+001,-8.953598e-004,0.000000e+000,8.492638e-003,0.000000e+000,3,9.816253e-001,1.825000e+000,,,,,,,,,,,,,,,,,,0,5.000000e+000,5.000000e-001,2,1,0.000000e+000,0,0,0,
1473320840.809,,-4.000000e+001,2.999941e+001,-8.763379e-004,0.000000e+000,8.907834e-003,0.000000e+000,3,9.818935e-001,1.825000e+000,,,,,,,,,,,,,,,,,,0,5.000000e+000,5.000000e-001,2,1,2.340317e-003,0,0,0,
1473320854.711,,-4.000000e+001,2.999824e+001,-8.748992e-004,0.000000e+000,8.743451e-003,0.000000e+000,3,9.821226e-001,1.825000e+000,,,,,,,,,,,,,,,,,,0,5.000000e+000,5.000000e-001,2,1,0.000000e+000,0,0,0,
1473320867.534,,-4.000000e+001,2.999941e+001,-8.758570e-004,0.000000e+000,8.815966e-003,0.000000e+000,3,9.818861e-001,1.825000e+000,,,,,,,,,,,,,,,,,,0,5.000000e+000,5.000000e-001,2,1,0.000000e+000,0,0,0,
1473320879.748,,-4.000000e+001,3.000117e+001,-8.755172e-004,0.000000e+000,8.494552e-003,0.000000e+000,3,9.820880e-001,1.825000e+000,,,,,,,,,,,,,,,,,,0,5.000000e+000,5.000000e-001,2,1,3.519058e-003,0,0,0,
1473320988.222,,-2.000000e+001,3.000000e+001,-8.502667e-004,0.000000e+000,9.324512e-003,0.000000e+000,3,9.824886e-001,1.825000e+000,,,,,,,,,,,,,,,,,,0,5.000000e+000,5.000000e-001,2,1,1.169205e-003,0,0,0,
1473320999.936,,-2.000000e+001,2.999941e+001,-8.498893e-004,0.000000e+000,8.498780e-003,0.000000e+000,3,9.829154e-001,1.825000e+000,,,,,,,,,,,,,,,,,,0,5.000000e+000,5.000000e-001,2,1,0.000000e+000,0,0,0,
1473321011.915,,-2.000000e+001,3.000000e+001,-8.493627e-004,0.000000e+000,9.093601e-003,0.000000e+000,3,9.825182e-001,1.825000e+000,,,,,,,,,,,,,,,,,,0,5.000000e+000,5.000000e-001,2,1,1.169205e-003,0,0,0,
1473321025.129,,-2.000000e+001,2.999941e+001,-8.494070e-004,0.000000e+000,9.163151e-003,0.000000e+000,3,9.826100e-001,1.825000e+000,,,,,,,,,,,,,,,,,,0,5.000000e+000,5.000000e-001,2,1,0.000000e+000,0,0,0,
1473321126.357,,0.000000e+000,3.000000e+001,-8.158062e-004,0.000000e+000,9.245063e-003,0.000000e+000,3,9.834149e-001,1.825000e+000,,,,,,,,,,,,,,,,,,0,5.000000e+000,5.000000e-001,2,1,3.520966e-003,0,1,0,
1473321138.321,,0.000000e+000,3.000352e+001,-8.153369e-004,0.000000e+000,8.911585e-003,0.000000e+000,3,9.837655e-001,1.825000e+000,,,,,,,,,,,,,,,,,,0,5.000000e+000,5.000000e-001,2,1,1.171112e-003,0,1,0,
1473321150.535,,0.000000e+000,3.000059e+001,-8.148575e-004,0.000000e+000,9.199038e-003,0.000000e+000,3,9.836940e-001,1.825000e+000,,,,,,,,,,,,,,,,,,0,5.000000e+000,5.000000e-001,2,1,2.349854e-003,0,1,0,
1473321163.249,,0.000000e+000,3.000000e+001,-8.153235e-004,0.000000e+000,9.311656e-003,0.000000e+000,3,9.831159e-001,1.825000e+000,,,,,,,,,,,,,,,,,,0,5.000000e+000,5.000000e-001,2,1,1.169205e-003,0,1,0,
1473321276.224,,2.000000e+001,2.999765e+001,-7.599622e-004,0.000000e+000,9.317234e-003,0.000000e+000,3,9.838959e-001,1.825000e+000,,,,,,,,,,,,,,,,,,0,5.000000e+000,5.000000e-001,2,1,8.211136e-003,0,1,0,
1473321288.721,,2.000000e+001,3.000176e+001,-7.587288e-004,0.000000e+000,9.359899e-003,0.000000e+000,3,9.842876e-001,1.825000e+000,,,,,,,,,,,,,,,,,,0,5.000000e+000,5.000000e-001,2,1,0.000000e+000,0,1,0,
1473321300.685,,2.000000e+001,3.000235e+001,-7.587588e-004,0.000000e+000,9.310256e-003,0.000000e+000,3,9.841819e-001,1.825000e+000,,,,,,,,,,,,,,,,,,0,5.000000e+000,5.000000e-001,2,1,1.169205e-003,0,1,0,
1473321312.149,,2.000000e+001,3.000175e+001,-7.583037e-004,0.000000e+000,9.144718e-003,0.000000e+000,3,9.843157e-001,1.825000e+000,,,,,,,,,,,,,,,,,,0,5.000000e+000,5.000000e-001,2,1,2.349854e-003,0,1,0,
1473321419.127,,4.000000e+001,3.000352e+001,-6.430976e-004,0.000000e+000,9.356100e-003,0.000000e+000,3,9.852248e-001,1.825000e+000,,,,,,,,,,,,,,,,,,0,5.000000e+000,5.000000e-001,2,1,1.171112e-003,0,1,0,
1473321430.123,,4.000000e+001,3.000410e+001,-6.404619e-004,0.000000e+000,9.988495e-003,0.000000e+000,3,9.851893e-001,1.825000e+000,,,,,,,,,,,,,,,,,,0,5.000000e+000,5.000000e-001,2,1,0.000000e+000,0,1,0,
1473321443.337,,4.000000e+001,3.000645e+001,-6.397885e-004,0.000000e+000,8.720389e-003,0.000000e+000,3,9.852545e-001,1.825000e+000,,,,,,,,,,,,,,,,,,0,5.000000e+000,5.000000e-001,2,1,4.699707e-003,0,1,0,
1473321456.052,,4.000000e+001,3.000117e+001,-6.382180e-004,0.000000e+000,9.229966e-003,0.000000e+000,3,9.848636e-001,1.825000e+000,,,,,,,,,,,,,,,,,,0,5.000000e+000,5.000000e-001,2,1,5.861282e-003,0,1,0,
1473321573.924,,6.000000e+001,2.999941e+001,4.632354e-004,0.000000e+000,7.133331e-003,0.000000e+000,3,9.781397e-001,1.825000e+000,,,,,,,,,,,,,,,,,,0,5.000000e+000,5.000000e-001,2,1,0.000000e+000,0,1,0,
1473321585.270,,6.000000e+001,2.999941e+001,4.691265e-004,0.000000e+000,6.892336e-003,0.000000e+000,3,9.788252e-001,1.825000e+000,,,,,,,,,,,,,,,,,,0,5.000000e+000,5.000000e-001,2,1,0.000000e+000,0,1,0,
1473321597.175,,6.000000e+001,3.000000e+001,4.735053e-004,0.000000e+000,7.098465e-003,0.000000e+000,3,9.783963e-001,1.825000e+000,,,,,,,,,,,,,,,,,,0,5.000000e+000,5.000000e-001,2,1,1.169205e-003,0,1,0,
1473321608.497,,6.000000e+001,3.000000e+001,4.770911e-004,0.000000e+000,7.365412e-003,0.000000e+000,3,9.783449e-001,1.825000e+000,,,,,,,,,,,,,,,,,,0,5.000000e+000,5.000000e-001,2,1,1.169205e-003,0,1,0,
1473321735.189,,8.000000e+001,3.000058e+001,6.976280e-004,0.000000e+000,7.957009e-003,0.000000e+000,3,9.791800e-001,1.825000e+000,,,,,,,,,,,,,,,,,,0,5.000000e+000,5.000000e-001,2,1,0.000000e+000,0,1,0,
1473321747.843,,8.000000e+001,3.000117e+001,6.992909e-004,0.000000e+000,8.131294e-003,0.000000e+000,3,9.795393e-001,1.825000e+000,,,,,,,,,,,,,,,,,,0,5.000000e+000,5.000000e-001,2,1,3.519058e-003,0,0,0,
1473321759.915,,8.000000e+001,3.000058e+001,7.011241e-004,0.000000e+000,8.081391e-003,0.000000e+000,3,9.788067e-001,1.825000e+000,,,,,,,,,,,,,,,,,,0,5.000000e+000,5.000000e-001,2,1,0.000000e+000,0,0,0,
1473321772.129,,8.000000e+001,3.000058e+001,7.015403e-004,0.000000e+000,8.431076e-003,0.000000e+000,3,9.792384e-001,1.825000e+000,,,,,,,,,,,,,,,,,,0,5.000000e+000,5.000000e-001,2,1,0.000000e+000,0,0,0,
1473321880.149,,1.000000e+002,3.000117e+001,7.829645e-004,0.000000e+000,7.678200e-003,0.000000e+000,3,9.790365e-001,1.825000e+000,,,,,,,,,,,,,,,,,,0,5.000000e+000,5.000000e-001,2,1,1.180649e-003,0,0,0,
1473321891.812,,1.000000e+002,3.000000e+001,7.830324e-004,0.000000e+000,9.013680e-003,0.000000e+000,3,9.778544e-001,1.825000e+000,,,,,,,,,,,,,,,,,,0,5.000000e+000,5.000000e-001,2,1,1.169205e-003,0,0,0,
1473321903.910,,1.000000e+002,2.999941e+001,7.855954e-004,0.000000e+000,7.636286e-003,0.000000e+000,3,9.789680e-001,1.825000e+000,,,,,,,,,,,,,,,,,,0,5.000000e+000,5.000000e-001,2,1,0.000000e+000,0,0,0,
1473321916.375,,1.000000e+002,2.999941e+001,7.866069e-004,0.000000e+000,8.072895e-003,0.000000e+000,3,9.789019e-001,1.825000e+000,,,,,,,,,,,,,,,,,,0,5.000000e+000,5.000000e-001,2,1,0.000000e+000,0,0,0,
1473322027.158,,1.200000e+002,2.999883e+001,8.377671e-004,0.000000e+000,7.960660e-003,0.000000e+000,3,9.785060e-001,1.825000e+000,,,,,,,,,,,,,,,,,,0,5.000000e+000,5.000000e-001,2,1,1.171112e-003,0,0,0,
1473322038.622,,1.200000e+002,2.999824e+001,8.382136e-004,0.000000e+000,8.191840e-003,0.000000e+000,3,9.781044e-001,1.825000e+000,,,,,,,,,,,,,,,,,,0,5.000000e+000,5.000000e-001,2,1,0.000000e+000,0,0,0,
1473322052.586,,1.200000e+002,3.000000e+001,8.398410e-004,0.000000e+000,7.765893e-003,0.000000e+000,3,9.781876e-001,1.825000e+000,,,,,,,,,,,,,,,,,,0,5.000000e+000,5.000000e-001,2,1,1.169205e-003,0,0,0,
1473322066.801,,1.200000e+002,3.000000e+001,8.401909e-004,0.000000e+000,7.985476e-003,0.000000e+000,3,9.783499e-001,1.825000e+000,,,,,,,,,,,,,,,,,,0,5.000000e+000,5.000000e-001,2,1,1.169205e-003,0,0,0,
1473322176.025,,1.400000e+002,3.000117e+001,8.736035e-004,0.000000e+000,7.611655e-003,0.000000e+000,3,9.782030e-001,1.825000e+000,,,,,,,,,,,,,,,,,,0,5.000000e+000,5.000000e-001,2,1,1.180649e-003,0,0,0,
1473322187.739,,1.400000e+002,2.999941e+001,8.746614e-004,0.000000e+000,7.883022e-003,0.000000e+000,3,9.778247e-001,1.825000e+000,,,,,,,,,,,,,,,,,,0,5.000000e+000,5.000000e-001,2,1,0.000000e+000,0,0,0,
1473322199.453,,1.400000e+002,2.999883e+001,8.744683e-004,0.000000e+000,8.535279e-003,0.000000e+000,3,9.768420e-001,1.825000e+000,,,,,,,,,,,,,,,,,,0,5.000000e+000,5.000000e-001,2,1,1.171112e-003,0,0,0,
1473322212.917,,1.400000e+002,2.999941e+001,8.752741e-004,0.000000e+000,8.167489e-003,0.000000e+000,3,9.773237e-001,1.825000e+000,,,,,,,,,,,,,,,,,,0,5.000000e+000,5.000000e-001,2,1,2.340317e-003,0,0,0,
1473322330.396,,1.600000e+002,2.999765e+001,8.991217e-004,0.000000e+000,8.144046e-003,0.000000e+000,3,9.768646e-001,1.825000e+000,,,,,,,,,,,,,,,,,,0,5.000000e+000,5.000000e-001,2,1,1.178741e-003,0,0,0,
1473322342.860,,1.600000e+002,2.999882e+001,9.003175e-004,0.000000e+000,7.715416e-003,0.000000e+000,3,9.770083e-001,1.825000e+000,,,,,,,,,,,,,,,,,,0,5.000000e+000,5.000000e-001,2,1,3.519058e-003,0,0,0,
1473322355.324,,1.600000e+002,3.000000e+001,9.003156e-004,0.000000e+000,7.976035e-003,0.000000e+000,3,9.769766e-001,1.825000e+000,,,,,,,,,,,,,,,,,,0,5.000000e+000,5.000000e-001,2,1,1.169205e-003,0,0,0,
1473322367.323,,1.600000e+002,2.999765e+001,9.014026e-004,0.000000e+000,8.044531e-003,0.000000e+000,3,9.772238e-001,1.825000e+000,,,,,,,,,,,,,,,,,,0,5.000000e+000,5.000000e-001,2,1,3.520966e-003,0,0,0,
1473322481.727,,1.800000e+002,2.999648e+001,9.184395e-004,0.000000e+000,7.924265e-003,0.000000e+000,3,9.764517e-001,1.825000e+000,,,,,,,,,,,,,,,,,,0,5.000000e+000,5.000000e-001,2,1,3.519058e-003,0,0,0,
1473322494.299,,1.800000e+002,2.999883e+001,9.193646e-004,0.000000e+000,7.644197e-003,0.000000e+000,3,9.765050e-001,1.825000e+000,,,,,,,,,,,,,,,,,,0,5.000000e+000,5.000000e-001,2,1,1.171112e-003,0,0,0,
1473322508.014,,1.800000e+002,3.000000e+001,9.197498e-004,0.000000e+000,7.971028e-003,0.000000e+000,3,9.762033e-001,1.825000e+000,,,,,,,,,,,,,,,,,,0,5.000000e+000,5.000000e-001,2,1,1.169205e-003,0,0,0,
1473322520.978,,1.800000e+002,3.000175e+001,9.199310e-004,0.000000e+000,7.687785e-003,0.000000e+000,3,9.766744e-001,1.825000e+000,,,,,,,,,,,,,,,,,,0,5.000000e+000,5.000000e-001,2,1,2.349854e-003,0,0,0,
1473322628.956,,2.000000e+002,3.000293e+001,9.340137e-004,0.000000e+000,7.554847e-003,0.000000e+000,3,9.760882e-001,1.825000e+000,,,,,,,,,,,,,,,,,,0,5.000000e+000,5.000000e-001,2,1,4.699707e-003,0,1,0,
1473322641.420,,2.000000e+002,3.000117e+001,9.339267e-004,0.000000e+000,7.778068e-003,0.000000e+000,3,9.757664e-001,1.825000e+000,,,,,,,,,,,,,,,,,,0,5.000000e+000,5.000000e-001,2,1,1.180649e-003,0,1,0,
1473322654.134,,2.000000e+002,3.000117e+001,9.336400e-004,0.000000e+000,7.992290e-003,0.000000e+000,3,9.760659e-001,1.825000e+000,,,,,,,,,,,,,,,,,,0,5.000000e+000,5.000000e-001,2,1,3.519058e-003,0,1,0,
1473322666.849,,2.000000e+002,3.000000e+001,9.343309e-004,0.000000e+000,7.850314e-003,0.000000e+000,3,9.756356e-001,1.825000e+000,,,,,,,,,,,,,,,,,,0,5.000000e+000,5.000000e-001,2,1,1.169205e-003,0,1,0,
1473322788.844,,3.000000e+002,3.000293e+001,9.772284e-004,0.000000e+000,7.463925e-003,0.000000e+000,3,9.731404e-001,1.825000e+000,,,,,,,,,,,,,,,,,,0,5.000000e+000,5.000000e-001,2,1,0.000000e+000,0,1,0,
1473322800.598,,3.000000e+002,3.000235e+001,9.776392e-004,0.000000e+000,7.585091e-003,0.000000e+000,3,9.726171e-001,1.825000e+000,,,,,,,,,,,,,,,,,,0,5.000000e+000,5.000000e-001,2,1,1.169205e-003,0,1,0,
1473322812.062,,3.000000e+002,3.000175e+001,9.778739e-004,0.000000e+000,7.644243e-003,0.000000e+000,3,9.726411e-001,1.825000e+000,,,,,,,,,,,,,,,,,,0,5.000000e+000,5.000000e-001,2,1,2.349854e-003,0,1,0,
1473322824.277,,3.000000e+002,3.000410e+001,9.776275e-004,0.000000e+000,7.422566e-003,0.000000e+000,3,9.729227e-001,1.825000e+000,,,,,,,,,,,,,,,,,,0,5.000000e+000,5.000000e-001,2,1,2.349854e-003,0,1,0,
1473322948.756,,4.000000e+002,3.000117e+001,9.991635e-004,0.000000e+000,7.201787e-003,0.000000e+000,3,9.702267e-001,1.825000e+000,,,,,,,,,,,,,,,,,,0,5.000000e+000,5.000000e-001,2,1,1.180649e-003,0,1,0,
1473322960.903,,4.000000e+002,3.000000e+001,9.992080e-004,0.000000e+000,7.242310e-003,0.000000e+000,3,9.699498e-001,1.825000e+000,,,,,,,,,,,,,,,,,,0,5.000000e+000,5.000000e-001,2,1,1.169205e-003,0,1,0,
1473322973.475,,4.000000e+002,2.999883e+001,9.996227e-004,0.000000e+000,7.157903e-003,0.000000e+000,3,9.699246e-001,1.825000e+000,,,,,,,,,,,,,,,,,,0,5.000000e+000,5.000000e-001,2,1,1.171112e-003,0,1,0,
1473322985.882,,4.000000e+002,2.999883e+001,9.996423e-004,0.000000e+000,7.167936e-003,0.000000e+000,3,9.698693e-001,1.825000e+000,,,,,,,,,,,,,,,,,,0,5.000000e+000,5.000000e-001,2,1,1.171112e-003,0,1,0,
1473323107.966,,5.000000e+002,3.000234e+001,1.012967e-003,0.000000e+000,7.016992e-003,0.000000e+000,3,9.672049e-001,1.825000e+000,,,,,,,,,,,,,,,,,,0,5.000000e+000,5.000000e-001,2,1,3.520966e-003,0,1,0,
1473323119.680,,5.000000e+002,3.000234e+001,1.012780e-003,0.000000e+000,7.098831e-003,0.000000e+000,3,9.672729e-001,1.825000e+000,,,,,,,,,,,,,,,,,,0,5.000000e+000,5.000000e-001,2,1,3.520966e-003,0,1,0,
1473323133.156,,5.000000e+002,3.000117e+001,1.013051e-003,0.000000e+000,6.789118e-003,0.000000e+000,3,9.675072e-001,1.825000e+000,,,,,,,,,,,,,,,,,,0,5.000000e+000,5.000000e-001,2,1,3.519058e-003,0,1,0,
1473323145.168,,5.000000e+002,3.000058e+001,1.013293e-003,0.000000e+000,6.969018e-003,0.000000e+000,3,9.673344e-001,1.825000e+000,,,,,,,,,,,,,,,,,,0,5.000000e+000,5.000000e-001,2,1,0.000000e+000,0,0,0,
1473323257.398,,6.000000e+002,2.999824e+001,1.023163e-003,0.000000e+000,6.950216e-003,0.000000e+000,3,9.653779e-001,1.825000e+000,,,,,,,,,,,,,,,,,,0,5.000000e+000,5.000000e-001,2,1,2.349854e-003,0,0,0,
1473323269.402,,6.000000e+002,3.000000e+001,1.022862e-003,0.000000e+000,6.519014e-003,0.000000e+000,3,9.653182e-001,1.825000e+000,,,,,,,,,,,,,,,,,,0,5.000000e+000,5.000000e-001,2,1,1.169205e-003,0,0,0,
1473323281.866,,6.000000e+002,2.999941e+001,1.024415e-003,0.000000e+000,6.031359e-003,0.000000e+000,3,9.647284e-001,1.825000e+000,,,,,,,,,,,,,,,,,,0,5.000000e+000,5.000000e-001,2,1,2.340317e-003,0,0,0,
1473323293.840,,6.000000e+002,2.999707e+001,1.022856e-003,0.000000e+000,6.879378e-003,0.000000e+000,3,9.656531e-001,1.825000e+000,,,,,,,,,,,,,,,,,,0,5.000000e+000,5.000000e-001,2,1,4.690170e-003,0,0,0,
1473323416.316,,7.000000e+002,2.999883e+001,1.026352e-003,0.000000e+000,5.413388e-003,0.000000e+000,3,9.627331e-001,1.825000e+000,,,,,,,,,,,,,,,,,,0,5.000000e+000,5.000000e-001,2,1,1.171112e-003,0,0,0,
1473323428.030,,7.000000e+002,2.999941e+001,1.030108e-003,0.000000e+000,6.421977e-003,0.000000e+000,3,9.632258e-001,1.825000e+000,,,,,,,,,,,,,,,,,,0,5.000000e+000,5.000000e-001,2,1,2.340317e-003,0,0,0,
1473323439.244,,7.000000e+002,3.000058e+001,1.029909e-003,0.000000e+000,6.448451e-003,0.000000e+000,3,9.635471e-001,1.825000e+000,,,,,,,,,,,,,,,,,,0,5.000000e+000,5.000000e-001,2,1,0.000000e+000,0,0,0,
1473323451.220,,7.000000e+002,3.000352e+001,1.029912e-003,0.000000e+000,6.552980e-003,0.000000e+000,3,9.635489e-001,1.825000e+000,,,,,,,,,,,,,,,,,,0,5.000000e+000,5.000000e-001,2,1,5.870819e-003,0,0,0,
1473323564.198,,1.000000e+003,3.000117e+001,1.043927e-003,0.000000e+000,5.925561e-003,0.000000e+000,3,9.600364e-001,1.825000e+000,,,,,,,,,,,,,,,,,,0,5.000000e+000,5.000000e-001,2,1,3.519058e-003,0,0,0,
1473323576.663,,1.000000e+003,3.000117e+001,1.043828e-003,0.000000e+000,5.953532e-003,0.000000e+000,3,9.599387e-001,1.825000e+000,,,,,,,,,,,,,,,,,,0,5.000000e+000,5.000000e-001,2,1,3.519058e-003,0,0,0,
1473323589.377,,1.000000e+003,2.999941e+001,1.043970e-003,0.000000e+000,6.009925e-003,0.000000e+000,3,9.598648e-001,1.825000e+000,,,,,,,,,,,,,,,,,,0,5.000000e+000,5.000000e-001,2,1,0.000000e+000,0,0,0,
1473323601.341,,1.000000e+003,2.999941e+001,1.043682e-003,0.000000e+000,5.686259e-003,0.000000e+000,3,9.600430e-001,1.825000e+000,,,,,,,,,,,,,,,,,,0,5.000000e+000,5.000000e-001,2,1,0.000000e+000,0,0,0,
1473323725.066,,3.000000e+003,2.999824e+001,1.079968e-003,0.000000e+000,4.665443e-003,0.000000e+000,3,9.528199e-001,1.825000e+000,,,,,,,,,,,,,,,,,,0,5.000000e+000,5.000000e-001,2,1,0.000000e+000,0,0,0,
1473323738.031,,3.000000e+003,2.999883e+001,1.080610e-003,0.000000e+000,4.490866e-003,0.000000e+000,3,9.522080e-001,1.825000e+000,,,,,,,,,,,,,,,,,,0,5.000000e+000,5.000000e-001,2,1,1.171112e-003,0,0,0,
1473323750.304,,3.000000e+003,2.999883e+001,1.080354e-003,0.000000e+000,4.531476e-003,0.000000e+000,3,9.519285e-001,1.825000e+000,,,,,,,,,,,,,,,,,,0,5.000000e+000,5.000000e-001,2,1,8.209229e-003,0,0,0,
1473323763.018,,3.000000e+003,2.999765e+001,1.080194e-003,0.000000e+000,4.598911e-003,0.000000e+000,3,9.519690e-001,1.825000e+000,,,,,,,,,,,,,,,,,,0,5.000000e+000,5.000000e-001,2,1,3.520966e-003,0,0,0,
1473323885.775,,5.000000e+003,2.999765e+001,1.095267e-003,0.000000e+000,4.391212e-003,0.000000e+000,3,9.507598e-001,1.825000e+000,,,,,,,,,,,,,,,,,,0,5.000000e+000,5.000000e-001,2,1,3.520966e-003,0,0,0,
1473323897.754,,5.000000e+003,3.000117e+001,1.095603e-003,0.000000e+000,4.315708e-003,0.000000e+000,3,9.508960e-001,1.825000e+000,,,,,,,,,,,,,,,,,,0,5.000000e+000,5.000000e-001,2,1,1.180649e-003,0,0,0,
1473323909.718,,5.000000e+003,3.000000e+001,1.095489e-003,0.000000e+000,4.369244e-003,0.000000e+000,3,9.509481e-001,1.825000e+000,,,,,,,,,,,,,,,,,,0,5.000000e+000,5.000000e-001,2,1,3.520966e-003,0,0,0,
1473323921.682,,5.000000e+003,2.999883e+001,1.095396e-003,0.000000e+000,4.406131e-003,0.000000e+000,3,9.508981e-001,1.825000e+000,,,,,,,,,,,,,,,,,,0,5.000000e+000,5.000000e-001,2,1,1.171112e-003,0,0,0,
1473324044.907,,7.000000e+003,2.999941e+001,1.104952e-003,0.000000e+000,4.436675e-003,0.000000e+000,3,9.507091e-001,1.825000e+000,,,,,,,,,,,,,,,,,,0,5.000000e+000,5.000000e-001,2,1,4.699707e-003,0,1,0,
1473324058.122,,7.000000e+003,3.000117e+001,1.105288e-003,0.000000e+000,4.501737e-003,0.000000e+000,3,9.509015e-001,1.825000e+000,,,,,,,,,,,,,,,,,,0,5.000000e+000,5.000000e-001,2,1,1.180649e-003,0,1,0,
1473324071.836,,7.000000e+003,3.000235e+001,1.105254e-003,0.000000e+000,4.435360e-003,0.000000e+000,3,9.507413e-001,1.825000e+000,,,,,,,,,,,,,,,,,,0,5.000000e+000,5.000000e-001,2,1,1.169205e-003,0,1,0,
1473324083.305,,7.000000e+003,3.000117e+001,1.105306e-003,0.000000e+000,4.368375e-003,0.000000e+000,3,9.507656e-001,1.825000e+000,,,,,,,,,,,,,,,,,,0,5.000000e+000,5.000000e-001,2,1,1.180649e-003,0,1,0,
1473324206.281,,9.000000e+003,3.000410e+001,1.112366e-003,0.000000e+000,4.575576e-003,0.000000e+000,3,9.508412e-001,1.825000e+000,,,,,,,,,,,,,,,,,,0,5.000000e+000,5.000000e-001,2,1,2.349854e-003,0,1,0,
1473324219.245,,9.000000e+003,3.000235e+001,1.112473e-003,0.000000e+000,4.632433e-003,0.000000e+000,3,9.508175e-001,1.825000e+000,,,,,,,,,,,,,,,,,,0,5.000000e+000,5.000000e-001,2,1,1.169205e-003,0,1,0,
1473324232.209,,9.000000e+003,3.000469e+001,1.112437e-003,0.000000e+000,4.590380e-003,0.000000e+000,3,9.508494e-001,1.825000e+000,,,,,,,,,,,,,,,,,,0,5.000000e+000,5.000000e-001,2,1,1.178741e-003,0,1,0,
1473324245.423,,9.000000e+003,3.000352e+001,1.112496e-003,0.000000e+000,4.454268e-003,0.000000e+000,3,9.506370e-001,1.825000e+000,,,,,,,,,,,,,,,,,,0,5.000000e+000,5.000000e-001,2,1,3.519058e-003,0,1,0,
1473324366.694,,1.000000e+004,3.000000e+001,1.114880e-003,0.000000e+000,4.899207e-003,0.000000e+000,3,9.511105e-001,1.825000e+000,,,,,,,,,,,,,,,,,,0,5.000000e+000,5.000000e-001,2,1,1.169205e-003,0,1,0,
1473324378.952,,1.000000e+004,3.000175e+001,1.114354e-003,0.000000e+000,4.567453e-003,0.000000e+000,3,9.510623e-001,1.825000e+000,,,,,,,,,,,,,,,,,,0,5.000000e+000,5.000000e-001,2,1,4.690170e-003,0,1,0,
1473324391.669,,1.000000e+004,3.000234e+001,1.115159e-003,0.000000e+000,4.410969e-003,0.000000e+000,3,9.504656e-001,1.825000e+000,,,,,,,,,,,,,,,,,,0,5.000000e+000,5.000000e-001,2,1,3.520966e-003,0,1,0,
1473324403.633,,1.000000e+004,2.999941e+001,1.114728e-003,0.000000e+000,4.636671e-003,0.000000e+000,3,9.512832e-001,1.825000e+000,,,,,,,,,,,,,,,,,,0,5.000000e+000,5.000000e-001,2,1,2.340317e-003,0,1,0,
1473324554.812,,2.000000e+004,3.000000e+001,1.136267e-003,0.000000e+000,5.898897e-003,0.000000e+000,3,9.535619e-001,1.825000e+000,,,,,,,,,,,,,,,,,,0,5.000000e+000,5.000000e-001,2,1,1.169205e-003,0,1,0,
1473324567.135,,2.000000e+004,3.000117e+001,1.134383e-003,0.000000e+000,4.462718e-003,0.000000e+000,3,9.516618e-001,1.825000e+000,,,,,,,,,,,,,,,,,,0,5.000000e+000,5.000000e-001,2,1,1.180649e-003,0,1,0,
1473324578.849,,2.000000e+004,3.000176e+001,1.133333e-003,0.000000e+000,5.549293e-003,0.000000e+000,3,9.502420e-001,1.825000e+000,,,,,,,,,,,,,,,,,,0,5.000000e+000,5.000000e-001,2,1,0.000000e+000,0,1,0,
1473324591.746,,2.000000e+004,3.000058e+001,1.134098e-003,0.000000e+000,6.732875e-003,0.000000e+000,3,9.520948e-001,1.825000e+000,,,,,,,,,,,,,,,,,,0,5.000000e+000,5.000000e-001,2,1,0.000000e+000,0,0,0,
1473324752.587,,3.000000e+004,3.000000e+001,1.145191e-003,0.000000e+000,6.284623e-003,0.000000e+000,3,9.508298e-001,1.825000e+000,,,,,,,,,,,,,,,,,,0,5.000000e+000,5.000000e-001,2,1,3.520966e-003,0,0,0,
1473324763.801,,3.000000e+004,3.000176e+001,1.145362e-003,0.000000e+000,6.018022e-003,0.000000e+000,3,9.505786e-001,1.825000e+000,,,,,,,,,,,,,,,,,,0,5.000000e+000,5.000000e-001,2,1,0.000000e+000,0,0,0,
1473324776.766,,3.000000e+004,2.999941e+001,1.145451e-003,0.000000e+000,5.863184e-003,0.000000e+000,3,9.509096e-001,1.825000e+000,,,,,,,,,,,,,,,,,,0,5.000000e+000,5.000000e-001,2,1,2.340317e-003,0,0,0,
1473324789.480,,3.000000e+004,3.000235e+001,1.145516e-003,0.000000e+000,5.921236e-003,0.000000e+000,3,9.505938e-001,1.825000e+000,,,,,,,,,,,,,,,,,,0,5.000000e+000,5.000000e-001,2,1,1.169205e-003,0,0,0,
1473324954.211,,4.000000e+004,3.000000e+001,1.150426e-003,0.000000e+000,6.573601e-003,0.000000e+000,3,9.499530e-001,1.825000e+000,,,,,,,,,,,,,,,,,,0,5.000000e+000,5.000000e-001,2,1,3.520966e-003,0,0,0,
1473324967.926,,4.000000e+004,3.000293e+001,1.150813e-003,0.000000e+000,6.029057e-003,0.000000e+000,3,9.504886e-001,1.825000e+000,,,,,,,,,,,,,,,,,,0,5.000000e+000,5.000000e-001,2,1,2.340317e-003,0,0,0,
1473324979.682,,4.000000e+004,2.999883e+001,1.151664e-003,0.000000e+000,6.473335e-003,0.000000e+000,3,9.504272e-001,1.825000e+000,,,,,,,,,,,,,,,,,,0,5.000000e+000,5.000000e-001,2,1,1.171112e-003,0,0,0,
1473324991.431,,4.000000e+004,3.000000e+001,1.152028e-003,0.000000e+000,6.508321e-003,0.000000e+000,3,9.505333e-001,1.825000e+000,,,,,,,,,,,,,,,,,,0,5.000000e+000,5.000000e-001,2,1,1.169205e-003,0,0,0,
1473325159.911,,5.000000e+004,2.999883e+001,1.156091e-003,0.000000e+000,7.132615e-003,0.000000e+000,3,9.500635e-001,1.825000e+000,,,,,,,,,,,,,,,,,,0,5.000000e+000,5.000000e-001,2,1,1.171112e-003,0,0,0,
1473325172.375,,5.000000e+004,2.999824e+001,1.155953e-003,0.000000e+000,7.141335e-003,0.000000e+000,3,9.500798e-001,1.825000e+000,,,,,,,,,,,,,,,,,,0,5.000000e+000,5.000000e-001,2,1,2.349854e-003,0,0,0,
1473325185.089,,5.000000e+004,2.999824e+001,1.156040e-003,0.000000e+000,7.049663e-003,0.000000e+000,3,9.500942e-001,1.825000e+000,,,,,,,,,,,,,,,,,,0,5.000000e+000,5.000000e-001,2,1,2.349854e-003,0,0,0,
1473325197.804,,5.000000e+004,3.000117e+001,1.155959e-003,0.000000e+000,7.092019e-003,0.000000e+000,3,9.501333e-001,1.825000e+000,,,,,,,,,,,,,,,,,,0,5.000000e+000,5.000000e-001,2,1,3.519058e-003,0,0,0,
1473325365.837,,6.000000e+004,2.999765e+001,1.177654e-003,0.000000e+000,4.093635e-003,0.000000e+000,3,9.112927e-001,1.825000e+000,,,,,,,,,,,,,,,,,,0,5.000000e+000,5.000000e-001,2,1,1.178741e-003,0,1,0,
1473325377.802,,6.000000e+004,2.999824e+001,1.158638e-003,0.000000e+000,7.455641e-003,0.000000e+000,3,9.495633e-001,1.825000e+000,,,,,,,,,,,,,,,,,,0,5.000000e+000,5.000000e-001,2,1,0.000000e+000,0,1,0,
1473325390.016,,6.000000e+004,2.999941e+001,1.158755e-003,0.000000e+000,7.935657e-003,0.000000e+000,3,9.492446e-001,1.825000e+000,,,,,,,,,,,,,,,,,,0,5.000000e+000,5.000000e-001,2,1,2.340317e-003,0,1,0,
1473325402.025,,6.000000e+004,3.000059e+001,1.158771e-003,0.000000e+000,7.592082e-003,0.000000e+000,3,9.491612e-001,1.825000e+000,,,,,,,,,,,,,,,,,,0,5.000000e+000,5.000000e-001,2,1,2.349854e-003,0,1,0,
1473325568.504,,7.000000e+004,3.000117e+001,1.157700e-003,0.000000e+000,8.281954e-003,0.000000e+000,3,9.494438e-001,1.825000e+000,,,,,,,,,,,,,,,,,,0,5.000000e+000,5.000000e-001,2,1,1.180649e-003,0,1,0,
1473325581.221,,7.000000e+004,3.000117e+001,1.160529e-003,0.000000e+000,7.993893e-003,0.000000e+000,3,9.486971e-001,1.825000e+000,,,,,,,,,,,,,,,,,,0,5.000000e+000,5.000000e-001,2,1,1.180649e-003,0,1,0,
1473325592.219,,7.000000e+004,3.000293e+001,1.158135e-003,0.000000e+000,7.970618e-003,0.000000e+000,3,9.483949e-001,1.825000e+000,,,,,,,,,,,,,,,,,,0,5.000000e+000,5.000000e-001,2,1,2.340317e-003,0,1,0,
1473325603.682,,7.000000e+004,3.000293e+001,1.159175e-003,0.000000e+000,8.652396e-003,0.000000e+000,3,9.490545e-001,1.825000e+000,,,,,,,,,,,,,,,,,,0,5.000000e+000,5.000000e-001,2,1,2.340317e-003,0,1,0,
