[Header]
TITLE,MPMS RSO Measurement
BYAPP,MPMS Measurement,1.1,Summary
FILEOPENTIME, 1473171799.163000 9/7/2016, 2:23:19 AM

INFO, APPNAME, MPMS MultiVu Application, Revision 1.61,  Build 082

INFO, NAME, A344
INFO, WEIGHT, 10.500
INFO, AREA, 1.000
INFO, LENGTH, 1.000
INFO, SHAPE, 0
INFO, COMMENT, m = 0.0105g
INFO, SEQUENCE FILE: 7T_hysteresis_sweep_hi_res_zero_n4.seq


INFO, BACKGROUND DATA FILE:, None


STARTUPAXIS,X,4,LINEAR,AUTO,0.000000,0.000000
STARTUPAXIS,Y1,5,LINEAR,AUTO,0.000000,0.000000


STARTUPGROUP,Longitudinal
FIELDGROUP,Longitudinal,1,2,3,4,5,6,7,8,9,10,11,19,20,21,22,23,35
FIELDGROUP,Transverse,1,2,3,4,12,13,14,15,16,17,18,24,25,26,27,28,35

PLOT_APPEARANCE,ALL,HORZ_GRID_ON,VERT_GRID_ON,MARKERS_AND_LINES

[Data]
Time,Comment,Field (Oe),Temperature (K),Long Moment (emu),Long Scan Std Dev,Long Offset (cm),Long Offset Std Dev,Long Algorithm,Long Reg Fit,Long Reg Factor,Trans Moment (emu),Trans Scan Std Dev,Trans Offset (cm),Trans Offset Std Dev,Trans Algorithm,Trans Reg Fit,Trans Reg Factor,Long Moment [w/o ABS] (emu),Long Scan Std Dev [w/o ABS],Long Offset [w/o ABS] (cm),Long Offset Std Dev [w/o ABS],Long Reg Fit [w/o ABS],Trans Moment [w/o ABS] (emu),Trans Scan Std Dev [w/o ABS],Trans Offset [w/o ABS] (cm),Trans Offset Std Dev [w/o ABS],Trans Reg Fit [w/o ABS],RSO Position (deg),Amplitude (cm),Frequency,Cycles to Average,Scans per Measurement,Delta Temp (K),Error,EC Comp. Running,Using ABS,
1473171799.147,,7.000000e+004,5.508592e+001,9.198815e-004,0.000000e+000,1.378087e-002,0.000000e+000,3,9.392318e-001,1.825000e+000,,,,,,,,,,,,,,,,,,0,5.000000e+000,5.000000e-001,2,1,1.045990e-002,0,0,0,
1473171811.612,,7.000000e+004,5.506503e+001,9.201760e-004,0.000000e+000,1.385833e-002,0.000000e+000,3,9.394117e-001,1.825000e+000,,,,,,,,,,,,,,,,,,0,5.000000e+000,5.000000e-001,2,1,1.342773e-002,0,0,0,
1473171825.760,,7.000000e+004,5.504639e+001,9.202059e-004,0.000000e+000,1.372216e-002,0.000000e+000,3,9.394285e-001,1.825000e+000,,,,,,,,,,,,,,,,,,0,5.000000e+000,5.000000e-001,2,1,8.953094e-003,0,0,0,
1473171837.630,,7.000000e+004,5.503296e+001,9.203732e-004,0.000000e+000,1.382516e-002,0.000000e+000,3,9.393950e-001,1.825000e+000,,,,,,,,,,,,,,,,,,0,5.000000e+000,5.000000e-001,2,1,2.979279e-003,0,0,0,
1473172009.554,,6.000000e+004,5.500243e+001,9.094191e-004,0.000000e+000,1.233294e-002,0.000000e+000,3,9.395818e-001,1.825000e+000,,,,,,,,,,,,,,,,,,0,5.000000e+000,5.000000e-001,2,1,4.478455e-003,0,0,0,
1473172022.818,,6.000000e+004,5.499275e+001,9.095006e-004,0.000000e+000,1.220127e-002,0.000000e+000,3,9.394392e-001,1.825000e+000,,,,,,,,,,,,,,,,,,0,5.000000e+000,5.000000e-001,2,1,1.488113e-002,0,0,0,
1473172036.641,,6.000000e+004,5.499871e+001,9.090337e-004,0.000000e+000,1.307093e-002,0.000000e+000,3,9.392626e-001,1.825000e+000,,,,,,,,,,,,,,,,,,0,5.000000e+000,5.000000e-001,2,1,0.000000e+000,0,1,0,
1473172049.605,,6.000000e+004,5.500094e+001,9.080273e-004,0.000000e+000,1.303211e-002,0.000000e+000,3,9.400851e-001,1.825000e+000,,,,,,,,,,,,,,,,,,0,5.000000e+000,5.000000e-001,2,1,4.459381e-003,0,1,0,
1473172212.029,,5.000000e+004,5.500317e+001,8.951320e-004,0.000000e+000,1.182837e-002,0.000000e+000,3,9.391518e-001,1.825000e+000,,,,,,,,,,,,,,,,,,0,5.000000e+000,5.000000e-001,2,1,2.990723e-003,0,1,0,
1473172224.910,,5.000000e+004,5.500317e+001,8.946763e-004,0.000000e+000,1.229847e-002,0.000000e+000,3,9.391657e-001,1.825000e+000,,,,,,,,,,,,,,,,,,0,5.000000e+000,5.000000e-001,2,1,8.930206e-003,0,1,0,
1473172237.574,,5.000000e+004,5.499796e+001,8.947878e-004,0.000000e+000,1.182292e-002,0.000000e+000,3,9.391030e-001,1.825000e+000,,,,,,,,,,,,,,,,,,0,5.000000e+000,5.000000e-001,2,1,1.042175e-002,0,1,0,
1473172250.396,,5.000000e+004,5.500392e+001,8.943608e-004,0.000000e+000,1.178636e-002,0.000000e+000,3,9.392520e-001,1.825000e+000,,,,,,,,,,,,,,,,,,0,5.000000e+000,5.000000e-001,2,1,1.499176e-003,0,1,0,
1473172415.875,,4.000000e+004,5.500690e+001,8.775830e-004,0.000000e+000,9.847758e-003,0.000000e+000,3,9.410245e-001,1.825000e+000,,,,,,,,,,,,,,,,,,0,5.000000e+000,5.000000e-001,2,1,4.459381e-003,0,1,0,
1473172428.840,,4.000000e+004,5.500094e+001,8.768042e-004,0.000000e+000,1.023599e-002,0.000000e+000,3,9.358754e-001,1.825000e+000,,,,,,,,,,,,,,,,,,0,5.000000e+000,5.000000e-001,2,1,4.459381e-003,0,1,0,
1473172440.554,,4.000000e+004,5.500466e+001,8.770235e-004,0.000000e+000,1.032424e-002,0.000000e+000,3,9.370900e-001,1.825000e+000,,,,,,,,,,,,,,,,,,0,5.000000e+000,5.000000e-001,2,1,2.979279e-003,0,1,0,
1473172452.518,,4.000000e+004,5.500466e+001,8.737019e-004,0.000000e+000,9.768828e-003,0.000000e+000,3,9.355617e-001,1.825000e+000,,,,,,,,,,,,,,,,,,0,5.000000e+000,5.000000e-001,2,1,2.979279e-003,0,1,0,
1473172615.251,,3.000000e+004,5.500168e+001,8.526266e-004,0.000000e+000,8.009219e-003,0.000000e+000,3,9.379758e-001,1.825000e+000,,,,,,,,,,,,,,,,,,0,5.000000e+000,5.000000e-001,2,1,0.000000e+000,0,1,0,
1473172628.008,,3.000000e+004,5.499945e+001,8.525717e-004,0.000000e+000,9.827830e-003,0.000000e+000,3,9.376204e-001,1.825000e+000,,,,,,,,,,,,,,,,,,0,5.000000e+000,5.000000e-001,2,1,4.459381e-003,0,1,0,
1473172640.516,,3.000000e+004,5.500093e+001,8.532436e-004,0.000000e+000,8.502805e-003,0.000000e+000,3,9.383057e-001,1.825000e+000,,,,,,,,,,,,,,,,,,0,5.000000e+000,5.000000e-001,2,1,1.487732e-003,0,1,0,
1473172653.480,,3.000000e+004,5.500019e+001,8.501043e-004,0.000000e+000,8.353711e-003,0.000000e+000,3,9.388145e-001,1.825000e+000,,,,,,,,,,,,,,,,,,0,5.000000e+000,5.000000e-001,2,1,5.950928e-003,0,1,0,
1473172814.644,,2.000000e+004,5.499722e+001,8.179464e-004,0.000000e+000,8.859633e-003,0.000000e+000,3,9.363905e-001,1.825000e+000,,,,,,,,,,,,,,,,,,0,5.000000e+000,5.000000e-001,2,1,0.000000e+000,0,0,0,
1473172829.399,,2.000000e+004,5.499870e+001,8.173847e-004,0.000000e+000,9.691231e-003,0.000000e+000,3,9.365769e-001,1.825000e+000,,,,,,,,,,,,,,,,,,0,5.000000e+000,5.000000e-001,2,1,5.947113e-003,0,0,0,
1473172842.095,,2.000000e+004,5.499796e+001,8.179638e-004,0.000000e+000,8.525900e-003,0.000000e+000,3,9.370558e-001,1.825000e+000,,,,,,,,,,,,,,,,,,0,5.000000e+000,5.000000e-001,2,1,4.459381e-003,0,0,0,
1473172856.290,,2.000000e+004,5.500019e+001,8.180988e-004,0.000000e+000,8.547716e-003,0.000000e+000,3,9.353918e-001,1.825000e+000,,,,,,,,,,,,,,,,,,0,5.000000e+000,5.000000e-001,2,1,2.967834e-003,0,0,0,
1473173014.047,,1.000000e+004,5.499350e+001,7.674693e-004,0.000000e+000,7.226495e-003,0.000000e+000,3,9.337792e-001,1.825000e+000,,,,,,,,,,,,,,,,,,0,5.000000e+000,5.000000e-001,2,1,7.438660e-003,0,0,0,
1473173026.245,,1.000000e+004,5.499573e+001,7.709695e-004,0.000000e+000,8.557987e-003,0.000000e+000,3,9.322240e-001,1.825000e+000,,,,,,,,,,,,,,,,,,0,5.000000e+000,5.000000e-001,2,1,2.979279e-003,0,0,0,
1473173037.693,,1.000000e+004,5.499424e+001,7.641577e-004,0.000000e+000,6.421445e-003,0.000000e+000,3,9.318483e-001,1.825000e+000,,,,,,,,,,,,,,,,,,0,5.000000e+000,5.000000e-001,2,1,0.000000e+000,0,0,0,
1473173050.639,,1.000000e+004,5.499796e+001,7.681755e-004,0.000000e+000,7.752026e-003,0.000000e+000,3,9.337971e-001,1.825000e+000,,,,,,,,,,,,,,,,,,0,5.000000e+000,5.000000e-001,2,1,7.438660e-003,0,0,0,
1473173170.550,,9.000000e+003,5.499870e+001,7.602851e-004,0.000000e+000,7.741857e-003,0.000000e+000,3,9.339042e-001,1.825000e+000,,,,,,,,,,,,,,,,,,0,5.000000e+000,5.000000e-001,2,1,2.971649e-003,0,0,0,
1473173182.508,,9.000000e+003,5.499648e+001,7.606894e-004,0.000000e+000,7.150713e-003,0.000000e+000,3,9.333732e-001,1.825000e+000,,,,,,,,,,,,,,,,,,0,5.000000e+000,5.000000e-001,2,1,4.470825e-003,0,0,0,
1473173195.466,,9.000000e+003,5.499648e+001,7.603179e-004,0.000000e+000,7.418341e-003,0.000000e+000,3,9.334047e-001,1.825000e+000,,,,,,,,,,,,,,,,,,0,5.000000e+000,5.000000e-001,2,1,4.470825e-003,0,0,0,
1473173208.174,,9.000000e+003,5.499796e+001,7.603658e-004,0.000000e+000,7.459559e-003,0.000000e+000,3,9.335852e-001,1.825000e+000,,,,,,,,,,,,,,,,,,0,5.000000e+000,5.000000e-001,2,1,4.459381e-003,0,0,0,
1473173332.337,,7.000000e+003,5.498904e+001,7.441978e-004,0.000000e+000,7.332294e-003,0.000000e+000,3,9.326471e-001,1.825000e+000,,,,,,,,,,,,,,,,,,0,5.000000e+000,5.000000e-001,2,1,1.636887e-002,0,0,0,
1473173347.044,,7.000000e+003,5.499945e+001,7.442248e-004,0.000000e+000,7.222792e-003,0.000000e+000,3,9.326704e-001,1.825000e+000,,,,,,,,,,,,,,,,,,0,5.000000e+000,5.000000e-001,2,1,4.459381e-003,0,0,0,
1473173358.003,,7.000000e+003,5.499796e+001,7.445014e-004,0.000000e+000,7.198091e-003,0.000000e+000,3,9.325362e-001,1.825000e+000,,,,,,,,,,,,,,,,,,0,5.000000e+000,5.000000e-001,2,1,1.491547e-003,0,0,0,
1473173370.964,,7.000000e+003,5.500392e+001,7.442816e-004,0.000000e+000,7.206714e-003,0.000000e+000,3,9.323147e-001,1.825000e+000,,,,,,,,,,,,,,,,,,0,5.000000e+000,5.000000e-001,2,1,1.041794e-002,0,0,0,
1473173493.918,,5.000000e+003,5.500019e+001,7.247038e-004,0.000000e+000,7.203233e-003,0.000000e+000,3,9.316059e-001,1.825000e+000,,,,,,,,,,,,,,,,,,0,5.000000e+000,5.000000e-001,2,1,2.967834e-003,0,0,0,
1473173507.130,,5.000000e+003,5.499722e+001,7.247378e-004,0.000000e+000,7.167062e-003,0.000000e+000,3,9.315165e-001,1.825000e+000,,,,,,,,,,,,,,,,,,0,5.000000e+000,5.000000e-001,2,1,2.979279e-003,0,1,0,
1473173519.342,,5.000000e+003,5.499722e+001,7.246763e-004,0.000000e+000,7.213333e-003,0.000000e+000,3,9.315141e-001,1.825000e+000,,,,,,,,,,,,,,,,,,0,5.000000e+000,5.000000e-001,2,1,0.000000e+000,0,1,0,
1473173531.803,,5.000000e+003,5.499870e+001,7.245981e-004,0.000000e+000,7.222079e-003,0.000000e+000,3,9.314934e-001,1.825000e+000,,,,,,,,,,,,,,,,,,0,5.000000e+000,5.000000e-001,2,1,2.971649e-003,0,1,0,
1473173655.313,,3.000000e+003,5.500019e+001,6.992558e-004,0.000000e+000,7.458693e-003,0.000000e+000,3,9.324772e-001,1.825000e+000,,,,,,,,,,,,,,,,,,0,5.000000e+000,5.000000e-001,2,1,2.967834e-003,0,1,0,
1473173667.539,,3.000000e+003,5.499870e+001,6.993040e-004,0.000000e+000,7.275661e-003,0.000000e+000,3,9.328521e-001,1.825000e+000,,,,,,,,,,,,,,,,,,0,5.000000e+000,5.000000e-001,2,1,5.947113e-003,0,1,0,
1473173679.295,,3.000000e+003,5.500466e+001,6.995182e-004,0.000000e+000,7.295403e-003,0.000000e+000,3,9.319320e-001,1.825000e+000,,,,,,,,,,,,,,,,,,0,5.000000e+000,5.000000e-001,2,1,8.937836e-003,0,1,0,
1473173691.262,,3.000000e+003,5.500466e+001,6.991193e-004,0.000000e+000,7.662143e-003,0.000000e+000,3,9.321348e-001,1.825000e+000,,,,,,,,,,,,,,,,,,0,5.000000e+000,5.000000e-001,2,1,1.488113e-002,0,1,0,
1473173806.225,,1.000000e+003,5.500168e+001,6.589182e-004,0.000000e+000,9.875563e-003,0.000000e+000,3,9.423540e-001,1.825000e+000,,,,,,,,,,,,,,,,,,0,5.000000e+000,5.000000e-001,2,1,0.000000e+000,0,1,0,
1473173819.885,,1.000000e+003,5.500466e+001,6.576208e-004,0.000000e+000,1.001462e-002,0.000000e+000,3,9.429833e-001,1.825000e+000,,,,,,,,,,,,,,,,,,0,5.000000e+000,5.000000e-001,2,1,2.979279e-003,0,1,0,
1473173832.456,,1.000000e+003,5.500467e+001,6.584341e-004,0.000000e+000,9.425543e-003,0.000000e+000,3,9.424570e-001,1.825000e+000,,,,,,,,,,,,,,,,,,0,5.000000e+000,5.000000e-001,2,1,0.000000e+000,0,1,0,
1473173845.169,,1.000000e+003,5.500093e+001,6.578896e-004,0.000000e+000,9.649980e-003,0.000000e+000,3,9.430290e-001,1.825000e+000,,,,,,,,,,,,,,,,,,0,5.000000e+000,5.000000e-001,2,1,1.487732e-003,0,1,0,
1473173972.882,,7.000000e+002,5.500020e+001,6.458141e-004,0.000000e+000,1.056945e-002,0.000000e+000,3,9.491558e-001,1.825000e+000,,,,,,,,,,,,,,,,,,0,5.000000e+000,5.000000e-001,2,1,8.937836e-003,0,1,0,
1473173983.858,,7.000000e+002,5.500019e+001,6.456956e-004,0.000000e+000,1.062845e-002,0.000000e+000,3,9.488093e-001,1.825000e+000,,,,,,,,,,,,,,,,,,0,5.000000e+000,5.000000e-001,2,1,0.000000e+000,0,1,0,
1473173995.825,,7.000000e+002,5.499870e+001,6.461613e-004,0.000000e+000,1.034543e-002,0.000000e+000,3,9.485562e-001,1.825000e+000,,,,,,,,,,,,,,,,,,0,5.000000e+000,5.000000e-001,2,1,2.971649e-003,0,1,0,
1473174008.288,,7.000000e+002,5.500168e+001,6.465808e-004,0.000000e+000,1.017918e-002,0.000000e+000,3,9.491677e-001,1.825000e+000,,,,,,,,,,,,,,,,,,0,5.000000e+000,5.000000e-001,2,1,2.979279e-003,0,1,0,
1473174130.303,,6.000000e+002,5.499722e+001,6.407381e-004,0.000000e+000,1.128279e-002,0.000000e+000,3,9.518626e-001,1.825000e+000,,,,,,,,,,,,,,,,,,0,5.000000e+000,5.000000e-001,2,1,2.979279e-003,0,1,0,
1473174141.766,,6.000000e+002,5.499796e+001,6.405015e-004,0.000000e+000,1.073598e-002,0.000000e+000,3,9.517274e-001,1.825000e+000,,,,,,,,,,,,,,,,,,0,5.000000e+000,5.000000e-001,2,1,1.491547e-003,0,1,0,
1473174153.479,,6.000000e+002,5.499647e+001,6.407951e-004,0.000000e+000,1.091149e-002,0.000000e+000,3,9.517977e-001,1.825000e+000,,,,,,,,,,,,,,,,,,0,5.000000e+000,5.000000e-001,2,1,1.041794e-002,0,1,0,
1473174166.192,,6.000000e+002,5.500019e+001,6.409883e-004,0.000000e+000,1.096914e-002,0.000000e+000,3,9.519036e-001,1.825000e+000,,,,,,,,,,,,,,,,,,0,5.000000e+000,5.000000e-001,2,1,5.950928e-003,0,1,0,
1473174288.908,,5.000000e+002,5.500317e+001,6.335148e-004,0.000000e+000,1.145845e-002,0.000000e+000,3,9.548404e-001,1.825000e+000,,,,,,,,,,,,,,,,,,0,5.000000e+000,5.000000e-001,2,1,8.930206e-003,0,0,0,
1473174300.372,,5.000000e+002,5.499573e+001,6.339454e-004,0.000000e+000,1.197014e-002,0.000000e+000,3,9.548740e-001,1.825000e+000,,,,,,,,,,,,,,,,,,0,5.000000e+000,5.000000e-001,2,1,0.000000e+000,0,0,0,
1473174314.336,,5.000000e+002,5.499722e+001,6.334415e-004,0.000000e+000,1.148188e-002,0.000000e+000,3,9.548008e-001,1.825000e+000,,,,,,,,,,,,,,,,,,0,5.000000e+000,5.000000e-001,2,1,2.979279e-003,0,0,0,
1473174328.589,,5.000000e+002,5.500093e+001,6.339941e-004,0.000000e+000,1.194757e-002,0.000000e+000,3,9.552763e-001,1.825000e+000,,,,,,,,,,,,,,,,,,0,5.000000e+000,5.000000e-001,2,1,1.487732e-003,0,0,0,
1473174448.063,,4.000000e+002,5.500019e+001,6.250148e-004,0.000000e+000,1.144817e-002,0.000000e+000,3,9.598110e-001,1.825000e+000,,,,,,,,,,,,,,,,,,0,5.000000e+000,5.000000e-001,2,1,2.967834e-003,0,0,0,
1473174460.780,,4.000000e+002,5.499796e+001,6.239810e-004,0.000000e+000,1.229135e-002,0.000000e+000,3,9.594926e-001,1.825000e+000,,,,,,,,,,,,,,,,,,0,5.000000e+000,5.000000e-001,2,1,1.491547e-003,0,0,0,
1473174473.994,,4.000000e+002,5.499870e+001,6.252279e-004,0.000000e+000,1.127166e-002,0.000000e+000,3,9.594165e-001,1.825000e+000,,,,,,,,,,,,,,,,,,0,5.000000e+000,5.000000e-001,2,1,2.971649e-003,0,0,0,
1473174486.468,,4.000000e+002,5.500019e+001,6.251254e-004,0.000000e+000,1.098952e-002,0.000000e+000,3,9.607138e-001,1.825000e+000,,,,,,,,,,,,,,,,,,0,5.000000e+000,5.000000e-001,2,1,2.967834e-003,0,0,0,
1473174606.196,,3.000000e+002,5.499275e+001,6.111667e-004,0.000000e+000,1.272780e-002,0.000000e+000,3,9.648738e-001,1.825000e+000,,,,,,,,,,,,,,,,,,0,5.000000e+000,5.000000e-001,2,1,1.192093e-002,0,0,0,
1473174620.410,,3.000000e+002,5.499722e+001,6.104663e-004,0.000000e+000,1.280415e-002,0.000000e+000,3,9.646320e-001,1.825000e+000,,,,,,,,,,,,,,,,,,0,5.000000e+000,5.000000e-001,2,1,2.979279e-003,0,0,0,
1473174633.874,,3.000000e+002,5.500243e+001,6.109937e-004,0.000000e+000,1.232690e-002,0.000000e+000,3,9.636953e-001,1.825000e+000,,,,,,,,,,,,,,,,,,0,5.000000e+000,5.000000e-001,2,1,1.491547e-003,0,0,0,
1473174646.589,,3.000000e+002,5.500019e+001,6.116760e-004,0.000000e+000,1.227470e-002,0.000000e+000,3,9.636901e-001,1.825000e+000,,,,,,,,,,,,,,,,,,0,5.000000e+000,5.000000e-001,2,1,2.967834e-003,0,0,0,
1473174767.107,,2.000000e+002,5.499870e+001,5.872725e-004,0.000000e+000,1.281339e-002,0.000000e+000,3,9.687310e-001,1.825000e+000,,,,,,,,,,,,,,,,,,0,5.000000e+000,5.000000e-001,2,1,5.947113e-003,0,0,0,
1473174780.071,,2.000000e+002,5.500019e+001,5.878597e-004,0.000000e+000,1.340693e-002,0.000000e+000,3,9.697378e-001,1.825000e+000,,,,,,,,,,,,,,,,,,0,5.000000e+000,5.000000e-001,2,1,2.967834e-003,0,0,0,
1473174792.285,,2.000000e+002,5.500317e+001,5.878555e-004,0.000000e+000,1.308493e-002,0.000000e+000,3,9.695047e-001,1.825000e+000,,,,,,,,,,,,,,,,,,0,5.000000e+000,5.000000e-001,2,1,2.990723e-003,0,0,0,
1473174805.249,,2.000000e+002,5.500317e+001,5.872713e-004,0.000000e+000,1.315012e-002,0.000000e+000,3,9.697788e-001,1.825000e+000,,,,,,,,,,,,,,,,,,0,5.000000e+000,5.000000e-001,2,1,2.990723e-003,0,0,0,
1473174911.726,,1.800000e+002,5.499648e+001,5.799140e-004,0.000000e+000,1.294265e-002,0.000000e+000,3,9.720320e-001,1.825000e+000,,,,,,,,,,,,,,,,,,0,5.000000e+000,5.000000e-001,2,1,4.470825e-003,0,0,0,
1473174923.940,,1.800000e+002,5.499499e+001,5.808103e-004,0.000000e+000,1.298006e-002,0.000000e+000,3,9.708706e-001,1.825000e+000,,,,,,,,,,,,,,,,,,0,5.000000e+000,5.000000e-001,2,1,1.491547e-003,0,0,0,
1473174936.405,,1.800000e+002,5.499648e+001,5.804158e-004,0.000000e+000,1.275544e-002,0.000000e+000,3,9.709139e-001,1.825000e+000,,,,,,,,,,,,,,,,,,0,5.000000e+000,5.000000e-001,2,1,1.487732e-003,0,0,0,
1473174948.812,,1.800000e+002,5.499945e+001,5.803410e-004,0.000000e+000,1.280083e-002,0.000000e+000,3,9.705927e-001,1.825000e+000,,,,,,,,,,,,,,,,,,0,5.000000e+000,5.000000e-001,2,1,4.459381e-003,0,0,0,
1473175066.075,,1.600000e+002,5.499945e+001,5.717363e-004,0.000000e+000,1.303720e-002,0.000000e+000,3,9.728581e-001,1.825000e+000,,,,,,,,,,,,,,,,,,0,5.000000e+000,5.000000e-001,2,1,1.480103e-003,0,0,0,
1473175079.647,,1.600000e+002,5.499871e+001,5.722035e-004,0.000000e+000,1.349005e-002,0.000000e+000,3,9.710209e-001,1.825000e+000,,,,,,,,,,,,,,,,,,0,5.000000e+000,5.000000e-001,2,1,0.000000e+000,0,0,0,
1473175093.361,,1.600000e+002,5.499871e+001,5.717080e-004,0.000000e+000,1.360183e-002,0.000000e+000,3,9.720184e-001,1.825000e+000,,,,,,,,,,,,,,,,,,0,5.000000e+000,5.000000e-001,2,1,0.000000e+000,0,0,0,
1473175105.023,,1.600000e+002,5.499945e+001,5.186843e-004,0.000000e+000,-9.506601e-002,0.000000e+000,3,7.202621e-001,1.825000e+000,,,,,,,,,,,,,,,,,,0,5.000000e+000,5.000000e-001,2,1,7.438660e-003,0,0,0,
1473175211.622,,1.400000e+002,5.500615e+001,5.623357e-004,0.000000e+000,1.356280e-002,0.000000e+000,3,9.738581e-001,1.825000e+000,,,,,,,,,,,,,,,,,,0,5.000000e+000,5.000000e-001,2,1,1.190948e-002,0,1,0,
1473175223.586,,1.400000e+002,5.500019e+001,5.629046e-004,0.000000e+000,1.264160e-002,0.000000e+000,3,9.737018e-001,1.825000e+000,,,,,,,,,,,,,,,,,,0,5.000000e+000,5.000000e-001,2,1,0.000000e+000,0,1,0,
1473175233.840,,1.400000e+002,5.499945e+001,5.624452e-004,0.000000e+000,1.390587e-002,0.000000e+000,3,9.723231e-001,1.825000e+000,,,,,,,,,,,,,,,,,,0,5.000000e+000,5.000000e-001,2,1,1.480103e-003,0,1,0,
1473175246.555,,1.400000e+002,5.500168e+001,5.618292e-004,0.000000e+000,1.347487e-002,0.000000e+000,3,9.734135e-001,1.825000e+000,,,,,,,,,,,,,,,,,,0,5.000000e+000,5.000000e-001,2,1,0.000000e+000,0,1,0,
1473175354.528,,1.200000e+002,5.500466e+001,5.504003e-004,0.000000e+000,1.364676e-002,0.000000e+000,3,9.748719e-001,1.825000e+000,,,,,,,,,,,,,,,,,,0,5.000000e+000,5.000000e-001,2,1,8.937836e-003,0,1,0,
1473175365.996,,1.200000e+002,5.500168e+001,5.511434e-004,0.000000e+000,1.374642e-002,0.000000e+000,3,9.742023e-001,1.825000e+000,,,,,,,,,,,,,,,,,,0,5.000000e+000,5.000000e-001,2,1,0.000000e+000,0,1,0,
1473175379.144,,1.200000e+002,5.500093e+001,5.505005e-004,0.000000e+000,1.337320e-002,0.000000e+000,3,9.751433e-001,1.825000e+000,,,,,,,,,,,,,,,,,,0,5.000000e+000,5.000000e-001,2,1,1.487732e-003,0,1,0,
1473175391.466,,1.200000e+002,5.500317e+001,5.506775e-004,0.000000e+000,1.375115e-002,0.000000e+000,3,9.742848e-001,1.825000e+000,,,,,,,,,,,,,,,,,,0,5.000000e+000,5.000000e-001,2,1,2.990723e-003,0,1,0,
1473175505.728,,1.000000e+002,5.500764e+001,5.350362e-004,0.000000e+000,1.358092e-002,0.000000e+000,3,9.765591e-001,1.825000e+000,,,,,,,,,,,,,,,,,,0,5.000000e+000,5.000000e-001,2,1,1.786804e-002,0,1,0,
1473175518.692,,1.000000e+002,5.500019e+001,5.357441e-004,0.000000e+000,1.343625e-002,0.000000e+000,3,9.765260e-001,1.825000e+000,,,,,,,,,,,,,,,,,,0,5.000000e+000,5.000000e-001,2,1,2.967834e-003,0,1,0,
1473175530.156,,1.000000e+002,5.500093e+001,5.362756e-004,0.000000e+000,1.346834e-002,0.000000e+000,3,9.761109e-001,1.825000e+000,,,,,,,,,,,,,,,,,,0,5.000000e+000,5.000000e-001,2,1,1.487732e-003,0,1,0,
1473175542.370,,1.000000e+002,5.500616e+001,5.361493e-004,0.000000e+000,1.382294e-002,0.000000e+000,3,9.760481e-001,1.825000e+000,,,,,,,,,,,,,,,,,,0,5.000000e+000,5.000000e-001,2,1,2.971649e-003,0,1,0,
1473175657.095,,8.000000e+001,5.500094e+001,5.177565e-004,0.000000e+000,1.380581e-002,0.000000e+000,3,9.771421e-001,1.825000e+000,,,,,,,,,,,,,,,,,,0,5.000000e+000,5.000000e-001,2,1,4.459381e-003,0,1,0,
1473175669.102,,8.000000e+001,5.499796e+001,5.180486e-004,0.000000e+000,1.383326e-002,0.000000e+000,3,9.780330e-001,1.825000e+000,,,,,,,,,,,,,,,,,,0,5.000000e+000,5.000000e-001,2,1,1.491547e-003,0,1,0,
1473175682.816,,8.000000e+001,5.499870e+001,5.174004e-004,0.000000e+000,1.251291e-002,0.000000e+000,3,9.788949e-001,1.825000e+000,,,,,,,,,,,,,,,,,,0,5.000000e+000,5.000000e-001,2,1,2.971649e-003,0,1,0,
1473175695.530,,8.000000e+001,5.500094e+001,5.182152e-004,0.000000e+000,1.438140e-002,0.000000e+000,3,9.768884e-001,1.825000e+000,,,,,,,,,,,,,,,,,,0,5.000000e+000,5.000000e-001,2,1,4.459381e-003,0,1,0,
1473175801.948,,6.000000e+001,5.499945e+001,4.953006e-004,0.000000e+000,1.365928e-002,0.000000e+000,3,9.800618e-001,1.825000e+000,,,,,,,,,,,,,,,,,,0,5.000000e+000,5.000000e-001,2,1,1.480103e-003,0,0,0,
1473175814.520,,6.000000e+001,5.500019e+001,4.945177e-004,0.000000e+000,1.508648e-002,0.000000e+000,3,9.795316e-001,1.825000e+000,,,,,,,,,,,,,,,,,,0,5.000000e+000,5.000000e-001,2,1,0.000000e+000,0,0,0,
1473175827.260,,6.000000e+001,5.500019e+001,4.973924e-004,0.000000e+000,1.365728e-002,0.000000e+000,3,9.785107e-001,1.825000e+000,,,,,,,,,,,,,,,,,,0,5.000000e+000,5.000000e-001,2,1,0.000000e+000,0,0,0,
1473175839.246,,6.000000e+001,5.500541e+001,4.956616e-004,0.000000e+000,1.416368e-002,0.000000e+000,3,9.794868e-001,1.825000e+000,,,,,,,,,,,,,,,,,,0,5.000000e+000,5.000000e-001,2,1,2.233887e-002,0,0,0,
1473175955.470,,4.000000e+001,5.499499e+001,4.641413e-004,0.000000e+000,1.348697e-002,0.000000e+000,3,9.813933e-001,1.825000e+000,,,,,,,,,,,,,,,,,,0,5.000000e+000,5.000000e-001,2,1,1.491547e-003,0,0,0,
1473175967.435,,4.000000e+001,5.499796e+001,4.645635e-004,0.000000e+000,1.345608e-002,0.000000e+000,3,9.816384e-001,1.825000e+000,,,,,,,,,,,,,,,,,,0,5.000000e+000,5.000000e-001,2,1,1.491547e-003,0,0,0,
1473175979.399,,4.000000e+001,5.499871e+001,4.642640e-004,0.000000e+000,1.414555e-002,0.000000e+000,3,9.802921e-001,1.825000e+000,,,,,,,,,,,,,,,,,,0,5.000000e+000,5.000000e-001,2,1,0.000000e+000,0,0,0,
1473175990.409,,4.000000e+001,5.500020e+001,4.645140e-004,0.000000e+000,1.494060e-002,0.000000e+000,3,9.796627e-001,1.825000e+000,,,,,,,,,,,,,,,,,,0,5.000000e+000,5.000000e-001,2,1,8.937836e-003,0,0,0,
1473176104.589,,2.000000e+001,5.499870e+001,4.161462e-004,0.000000e+000,1.399365e-002,0.000000e+000,3,9.823775e-001,1.825000e+000,,,,,,,,,,,,,,,,,,0,5.000000e+000,5.000000e-001,2,1,2.971649e-003,0,0,0,
1473176117.412,,2.000000e+001,5.499870e+001,4.158132e-004,0.000000e+000,1.478610e-002,0.000000e+000,3,9.813375e-001,1.825000e+000,,,,,,,,,,,,,,,,,,0,5.000000e+000,5.000000e-001,2,1,2.971649e-003,0,0,0,
1473176140.170,,2.000000e+001,5.499796e+001,4.151577e-004,0.000000e+000,1.487901e-002,0.000000e+000,3,9.816517e-001,1.825000e+000,,,,,,,,,,,,,,,,,,0,5.000000e+000,5.000000e-001,2,1,7.438660e-003,0,0,0,
1473176153.635,,2.000000e+001,5.499648e+001,4.155056e-004,0.000000e+000,1.428868e-002,0.000000e+000,3,9.820419e-001,1.825000e+000,,,,,,,,,,,,,,,,,,0,5.000000e+000,5.000000e-001,2,1,1.487732e-003,0,0,0,
1473176261.108,,0.000000e+000,5.499796e+001,3.153348e-004,0.000000e+000,1.463072e-002,0.000000e+000,3,9.848935e-001,1.825000e+000,,,,,,,,,,,,,,,,,,0,5.000000e+000,5.000000e-001,2,1,7.438660e-003,0,0,0,
1473176273.072,,0.000000e+000,5.500019e+001,3.145761e-004,0.000000e+000,1.476764e-002,0.000000e+000,3,9.838792e-001,1.825000e+000,,,,,,,,,,,,,,,,,,0,5.000000e+000,5.000000e-001,2,1,2.967834e-003,0,0,0,
1473176285.036,,0.000000e+000,5.499647e+001,3.138377e-004,0.000000e+000,1.421732e-002,0.000000e+000,3,9.844714e-001,1.825000e+000,,,,,,,,,,,,,,,,,,0,5.000000e+000,5.000000e-001,2,1,7.442474e-003,0,0,0,
1473176297.295,,0.000000e+000,5.500243e+001,3.135113e-004,0.000000e+000,1.500449e-002,0.000000e+000,3,9.831930e-001,1.825000e+000,,,,,,,,,,,,,,,,,,0,5.000000e+000,5.000000e-001,2,1,4.478455e-003,0,0,0,
1473176404.032,,-2.000000e+001,5.499647e+001,-3.759951e-004,0.000000e+000,1.506149e-002,0.000000e+000,3,9.814736e-001,1.825000e+000,,,,,,,,,,,,,,,,,,0,5.000000e+000,5.000000e-001,2,1,7.442474e-003,0,0,0,
1473176418.499,,-2.000000e+001,5.499945e+001,-3.786509e-004,0.000000e+000,1.453938e-002,0.000000e+000,3,9.803639e-001,1.825000e+000,,,,,,,,,,,,,,,,,,0,5.000000e+000,5.000000e-001,2,1,1.480103e-003,0,0,0,
1473176430.505,,-2.000000e+001,5.499648e+001,-3.795529e-004,0.000000e+000,1.403857e-002,0.000000e+000,3,9.815926e-001,1.825000e+000,,,,,,,,,,,,,,,,,,0,5.000000e+000,5.000000e-001,2,1,4.470825e-003,0,0,0,
1473176444.469,,-2.000000e+001,5.499424e+001,-3.808173e-004,0.000000e+000,1.406246e-002,0.000000e+000,3,9.821808e-001,1.825000e+000,,,,,,,,,,,,,,,,,,0,5.000000e+000,5.000000e-001,2,1,0.000000e+000,0,0,0,
1473176554.992,,-4.000000e+001,5.500169e+001,-4.712248e-004,0.000000e+000,1.531256e-002,0.000000e+000,3,9.794783e-001,1.825000e+000,,,,,,,,,,,,,,,,,,0,5.000000e+000,5.000000e-001,2,1,5.958557e-003,0,0,0,
1473176569.457,,-4.000000e+001,5.499871e+001,-4.712104e-004,0.000000e+000,1.523783e-002,0.000000e+000,3,9.803115e-001,1.825000e+000,,,,,,,,,,,,,,,,,,0,5.000000e+000,5.000000e-001,2,1,0.000000e+000,0,0,0,
1473176583.219,,-4.000000e+001,5.499648e+001,-4.717670e-004,0.000000e+000,1.444369e-002,0.000000e+000,3,9.797481e-001,1.825000e+000,,,,,,,,,,,,,,,,,,0,5.000000e+000,5.000000e-001,2,1,4.470825e-003,0,0,0,
1473176595.879,,-4.000000e+001,5.499722e+001,-4.724408e-004,0.000000e+000,1.591533e-002,0.000000e+000,3,9.785427e-001,1.825000e+000,,,,,,,,,,,,,,,,,,0,5.000000e+000,5.000000e-001,2,1,5.950928e-003,0,0,0,
1473176703.963,,-6.000000e+001,5.499722e+001,-5.093738e-004,0.000000e+000,1.530264e-002,0.000000e+000,3,9.784246e-001,1.825000e+000,,,,,,,,,,,,,,,,,,0,5.000000e+000,5.000000e-001,2,1,2.979279e-003,0,1,0,
1473176715.678,,-6.000000e+001,5.499722e+001,-5.085078e-004,0.000000e+000,1.486290e-002,0.000000e+000,3,9.790378e-001,1.825000e+000,,,,,,,,,,,,,,,,,,0,5.000000e+000,5.000000e-001,2,1,2.979279e-003,0,1,0,
1473176727.392,,-6.000000e+001,5.500094e+001,-5.082649e-004,0.000000e+000,1.486967e-002,0.000000e+000,3,9.796656e-001,1.825000e+000,,,,,,,,,,,,,,,,,,0,5.000000e+000,5.000000e-001,2,1,4.459381e-003,0,1,0,
1473176740.357,,-6.000000e+001,5.500243e+001,-5.084930e-004,0.000000e+000,1.439174e-002,0.000000e+000,3,9.793914e-001,1.825000e+000,,,,,,,,,,,,,,,,,,0,5.000000e+000,5.000000e-001,2,1,1.491547e-003,0,1,0,
1473176853.830,,-8.000000e+001,5.499722e+001,-5.327698e-004,0.000000e+000,1.403318e-002,0.000000e+000,3,9.780095e-001,1.825000e+000,,,,,,,,,,,,,,,,,,0,5.000000e+000,5.000000e-001,2,1,5.950928e-003,0,1,0,
1473176865.795,,-8.000000e+001,5.500243e+001,-5.317394e-004,0.000000e+000,1.429358e-002,0.000000e+000,3,9.775603e-001,1.825000e+000,,,,,,,,,,,,,,,,,,0,5.000000e+000,5.000000e-001,2,1,4.478455e-003,0,1,0,
1473176879.009,,-8.000000e+001,5.500095e+001,-5.322049e-004,0.000000e+000,1.379165e-002,0.000000e+000,3,9.788342e-001,1.825000e+000,,,,,,,,,,,,,,,,,,0,5.000000e+000,5.000000e-001,2,1,7.450104e-003,0,1,0,
1473176891.723,,-8.000000e+001,5.500169e+001,-5.314731e-004,0.000000e+000,1.442999e-002,0.000000e+000,3,9.776825e-001,1.825000e+000,,,,,,,,,,,,,,,,,,0,5.000000e+000,5.000000e-001,2,1,8.930206e-003,0,1,0,
1473177006.212,,-1.000000e+002,5.500391e+001,-5.488643e-004,0.000000e+000,1.569005e-002,0.000000e+000,3,9.718683e-001,1.825000e+000,,,,,,,,,,,,,,,,,,0,5.000000e+000,5.000000e-001,2,1,4.470825e-003,0,1,0,
1473177017.926,,-1.000000e+002,5.500243e+001,-5.486114e-004,0.000000e+000,1.416352e-002,0.000000e+000,3,9.764730e-001,1.825000e+000,,,,,,,,,,,,,,,,,,0,5.000000e+000,5.000000e-001,2,1,1.491547e-003,0,1,0,
1473177030.390,,-1.000000e+002,5.500168e+001,-5.486657e-004,0.000000e+000,1.421689e-002,0.000000e+000,3,9.759292e-001,1.825000e+000,,,,,,,,,,,,,,,,,,0,5.000000e+000,5.000000e-001,2,1,2.979279e-003,0,1,0,
1473177043.854,,-1.000000e+002,5.500392e+001,-5.489896e-004,0.000000e+000,1.393626e-002,0.000000e+000,3,9.763918e-001,1.825000e+000,,,,,,,,,,,,,,,,,,0,5.000000e+000,5.000000e-001,2,1,1.499176e-003,0,1,0,
1473177152.328,,-1.200000e+002,5.499870e+001,-5.616674e-004,0.000000e+000,1.336283e-002,0.000000e+000,3,9.765307e-001,1.825000e+000,,,,,,,,,,,,,,,,,,0,5.000000e+000,5.000000e-001,2,1,2.971649e-003,0,1,0,
1473177164.317,,-1.200000e+002,5.499573e+001,-5.619591e-004,0.000000e+000,1.373228e-002,0.000000e+000,3,9.748728e-001,1.825000e+000,,,,,,,,,,,,,,,,,,0,5.000000e+000,5.000000e-001,2,1,0.000000e+000,0,1,0,
1473177175.782,,-1.200000e+002,5.499870e+001,-5.615432e-004,0.000000e+000,1.413820e-002,0.000000e+000,3,9.745823e-001,1.825000e+000,,,,,,,,,,,,,,,,,,0,5.000000e+000,5.000000e-001,2,1,2.971649e-003,0,1,0,
1473177188.746,,-1.200000e+002,5.499870e+001,-5.618329e-004,0.000000e+000,1.382866e-002,0.000000e+000,3,9.753453e-001,1.825000e+000,,,,,,,,,,,,,,,,,,0,5.000000e+000,5.000000e-001,2,1,2.971649e-003,0,1,0,
1473177296.474,,-1.400000e+002,5.500169e+001,-5.712202e-004,0.000000e+000,1.416381e-002,0.000000e+000,3,9.740985e-001,1.825000e+000,,,,,,,,,,,,,,,,,,0,5.000000e+000,5.000000e-001,2,1,1.488876e-002,0,0,0,
1473177308.203,,-1.400000e+002,5.499796e+001,-5.723085e-004,0.000000e+000,1.436637e-002,0.000000e+000,3,9.727870e-001,1.825000e+000,,,,,,,,,,,,,,,,,,0,5.000000e+000,5.000000e-001,2,1,7.438660e-003,0,0,0,
1473177320.917,,-1.400000e+002,5.501211e+001,-5.720343e-004,0.000000e+000,1.333454e-002,0.000000e+000,3,9.742224e-001,1.825000e+000,,,,,,,,,,,,,,,,,,0,5.000000e+000,5.000000e-001,2,1,2.679825e-002,0,0,0,
1473177333.943,,-1.400000e+002,5.499871e+001,-5.718229e-004,0.000000e+000,1.380387e-002,0.000000e+000,3,9.757136e-001,1.825000e+000,,,,,,,,,,,,,,,,,,0,5.000000e+000,5.000000e-001,2,1,0.000000e+000,0,0,0,
1473177447.418,,-1.600000e+002,5.500019e+001,-5.810512e-004,0.000000e+000,1.284417e-002,0.000000e+000,3,9.720349e-001,1.825000e+000,,,,,,,,,,,,,,,,,,0,5.000000e+000,5.000000e-001,2,1,5.950928e-003,0,0,0,
1473177460.132,,-1.600000e+002,5.498383e+001,-5.808804e-004,0.000000e+000,1.288874e-002,0.000000e+000,3,9.718711e-001,1.825000e+000,,,,,,,,,,,,,,,,,,0,5.000000e+000,5.000000e-001,2,1,4.166794e-002,0,0,0,
1473177472.864,,-1.600000e+002,5.500541e+001,-5.805449e-004,0.000000e+000,1.314230e-002,0.000000e+000,3,9.728698e-001,1.825000e+000,,,,,,,,,,,,,,,,,,0,5.000000e+000,5.000000e-001,2,1,1.338959e-002,0,0,0,
1473177484.847,,-1.600000e+002,5.499796e+001,-5.805424e-004,0.000000e+000,1.274434e-002,0.000000e+000,3,9.724630e-001,1.825000e+000,,,,,,,,,,,,,,,,,,0,5.000000e+000,5.000000e-001,2,1,1.491547e-003,0,0,0,
1473177597.522,,-1.800000e+002,5.500019e+001,-5.869780e-004,0.000000e+000,1.187628e-002,0.000000e+000,3,9.730518e-001,1.825000e+000,,,,,,,,,,,,,,,,,,0,5.000000e+000,5.000000e-001,2,1,0.000000e+000,0,0,0,
1473177610.094,,-1.800000e+002,5.499648e+001,-5.880832e-004,0.000000e+000,1.300261e-002,0.000000e+000,3,9.719692e-001,1.825000e+000,,,,,,,,,,,,,,,,,,0,5.000000e+000,5.000000e-001,2,1,1.487732e-003,0,0,0,
1473177623.077,,-1.800000e+002,5.500019e+001,-5.884834e-004,0.000000e+000,1.259827e-002,0.000000e+000,3,9.717820e-001,1.825000e+000,,,,,,,,,,,,,,,,,,0,5.000000e+000,5.000000e-001,2,1,2.967834e-003,0,0,0,
1473177634.291,,-1.800000e+002,5.499945e+001,-5.879758e-004,0.000000e+000,1.324912e-002,0.000000e+000,3,9.711945e-001,1.825000e+000,,,,,,,,,,,,,,,,,,0,5.000000e+000,5.000000e-001,2,1,1.480103e-003,0,0,0,
1473177744.515,,-2.000000e+002,5.499870e+001,-5.944708e-004,0.000000e+000,1.281555e-002,0.000000e+000,3,9.715233e-001,1.825000e+000,,,,,,,,,,,,,,,,,,0,5.000000e+000,5.000000e-001,2,1,5.947113e-003,0,0,0,
1473177756.666,,-2.000000e+002,5.500243e+001,-5.944608e-004,0.000000e+000,1.299056e-002,0.000000e+000,3,9.705465e-001,1.825000e+000,,,,,,,,,,,,,,,,,,0,5.000000e+000,5.000000e-001,2,1,1.339722e-002,0,0,0,
1473177769.988,,-2.000000e+002,5.499573e+001,-5.944457e-004,0.000000e+000,1.336567e-002,0.000000e+000,3,9.702728e-001,1.825000e+000,,,,,,,,,,,,,,,,,,0,5.000000e+000,5.000000e-001,2,1,5.962372e-003,0,0,0,
1473177781.452,,-2.000000e+002,5.499945e+001,-5.945988e-004,0.000000e+000,1.366298e-002,0.000000e+000,3,9.696352e-001,1.825000e+000,,,,,,,,,,,,,,,,,,0,5.000000e+000,5.000000e-001,2,1,1.480103e-003,0,0,0,
1473177900.980,,-3.000000e+002,5.499648e+001,-6.157346e-004,0.000000e+000,1.255209e-002,0.000000e+000,3,9.646049e-001,1.825000e+000,,,,,,,,,,,,,,,,,,0,5.000000e+000,5.000000e-001,2,1,1.487732e-003,0,0,0,
1473177912.444,,-3.000000e+002,5.499796e+001,-6.161047e-004,0.000000e+000,1.243484e-002,0.000000e+000,3,9.652168e-001,1.825000e+000,,,,,,,,,,,,,,,,,,0,5.000000e+000,5.000000e-001,2,1,1.491547e-003,0,0,0,
1473177924.096,,-3.000000e+002,5.499870e+001,-6.158277e-004,0.000000e+000,1.269213e-002,0.000000e+000,3,9.648662e-001,1.825000e+000,,,,,,,,,,,,,,,,,,0,5.000000e+000,5.000000e-001,2,1,2.971649e-003,0,0,0,
1473177934.691,,-3.000000e+002,5.499796e+001,-6.160015e-004,0.000000e+000,1.301948e-002,0.000000e+000,3,9.643613e-001,1.825000e+000,,,,,,,,,,,,,,,,,,0,5.000000e+000,5.000000e-001,2,1,4.459381e-003,0,0,0,
1473178056.416,,-4.000000e+002,5.499424e+001,-6.280238e-004,0.000000e+000,1.213555e-002,0.000000e+000,3,9.602395e-001,1.825000e+000,,,,,,,,,,,,,,,,,,0,5.000000e+000,5.000000e-001,2,1,1.190186e-002,0,0,0,
1473178070.328,,-4.000000e+002,5.499945e+001,-6.277317e-004,0.000000e+000,1.205501e-002,0.000000e+000,3,9.595504e-001,1.825000e+000,,,,,,,,,,,,,,,,,,0,5.000000e+000,5.000000e-001,2,1,1.480103e-003,0,0,0,
1473178084.400,,-4.000000e+002,5.499796e+001,-6.282086e-004,0.000000e+000,1.225055e-002,0.000000e+000,3,9.596713e-001,1.825000e+000,,,,,,,,,,,,,,,,,,0,5.000000e+000,5.000000e-001,2,1,1.491547e-003,0,0,0,
1473178097.115,,-4.000000e+002,5.499424e+001,-6.282333e-004,0.000000e+000,1.201631e-002,0.000000e+000,3,9.600874e-001,1.825000e+000,,,,,,,,,,,,,,,,,,0,5.000000e+000,5.000000e-001,2,1,2.983093e-003,0,0,0,
1473178217.094,,-5.000000e+002,5.499945e+001,-6.368295e-004,0.000000e+000,1.116939e-002,0.000000e+000,3,9.562114e-001,1.825000e+000,,,,,,,,,,,,,,,,,,0,5.000000e+000,5.000000e-001,2,1,4.459381e-003,0,1,0,
1473178229.058,,-5.000000e+002,5.500169e+001,-6.373372e-004,0.000000e+000,1.104940e-002,0.000000e+000,3,9.557077e-001,1.825000e+000,,,,,,,,,,,,,,,,,,0,5.000000e+000,5.000000e-001,2,1,5.958557e-003,0,1,0,
1473178241.022,,-5.000000e+002,5.500243e+001,-6.361635e-004,0.000000e+000,1.179364e-002,0.000000e+000,3,9.556909e-001,1.825000e+000,,,,,,,,,,,,,,,,,,0,5.000000e+000,5.000000e-001,2,1,4.478455e-003,0,1,0,
1473178254.486,,-5.000000e+002,5.500169e+001,-6.367950e-004,0.000000e+000,1.175524e-002,0.000000e+000,3,9.552782e-001,1.825000e+000,,,,,,,,,,,,,,,,,,0,5.000000e+000,5.000000e-001,2,1,5.958557e-003,0,1,0,
1473178371.643,,-6.000000e+002,5.499499e+001,-6.425863e-004,0.000000e+000,1.069878e-002,0.000000e+000,3,9.527155e-001,1.825000e+000,,,,,,,,,,,,,,,,,,0,5.000000e+000,5.000000e-001,2,1,1.041031e-002,0,1,0,
1473178382.715,,-6.000000e+002,5.500168e+001,-6.436930e-004,0.000000e+000,9.974936e-003,0.000000e+000,3,9.529744e-001,1.825000e+000,,,,,,,,,,,,,,,,,,0,5.000000e+000,5.000000e-001,2,1,2.979279e-003,0,1,0,
1473178395.930,,-6.000000e+002,5.500168e+001,-6.426543e-004,0.000000e+000,1.163062e-002,0.000000e+000,3,9.522787e-001,1.825000e+000,,,,,,,,,,,,,,,,,,0,5.000000e+000,5.000000e-001,2,1,0.000000e+000,0,1,0,
1473178407.203,,-6.000000e+002,5.500019e+001,-6.430899e-004,0.000000e+000,1.146866e-002,0.000000e+000,3,9.520476e-001,1.825000e+000,,,,,,,,,,,,,,,,,,0,5.000000e+000,5.000000e-001,2,1,0.000000e+000,0,1,0,
1473178527.181,,-7.000000e+002,5.499349e+001,-6.476864e-004,0.000000e+000,1.090636e-002,0.000000e+000,3,9.505527e-001,1.825000e+000,,,,,,,,,,,,,,,,,,0,5.000000e+000,5.000000e-001,2,1,1.340103e-002,0,1,0,
1473178539.895,,-7.000000e+002,5.500466e+001,-6.481547e-004,0.000000e+000,1.091387e-002,0.000000e+000,3,9.486846e-001,1.825000e+000,,,,,,,,,,,,,,,,,,0,5.000000e+000,5.000000e-001,2,1,2.979279e-003,0,1,0,
1473178551.859,,-7.000000e+002,5.500093e+001,-6.475270e-004,0.000000e+000,1.084103e-002,0.000000e+000,3,9.490175e-001,1.825000e+000,,,,,,,,,,,,,,,,,,0,5.000000e+000,5.000000e-001,2,1,1.487732e-003,0,1,0,
1473178564.073,,-7.000000e+002,5.499945e+001,-6.478439e-004,0.000000e+000,1.060938e-002,0.000000e+000,3,9.488203e-001,1.825000e+000,,,,,,,,,,,,,,,,,,0,5.000000e+000,5.000000e-001,2,1,1.480103e-003,0,1,0,
1473178677.048,,-1.000000e+003,5.499870e+001,-6.587303e-004,0.000000e+000,1.005443e-002,0.000000e+000,3,9.432607e-001,1.825000e+000,,,,,,,,,,,,,,,,,,0,5.000000e+000,5.000000e-001,2,1,2.971649e-003,0,1,0,
1473178689.713,,-1.000000e+003,5.499945e+001,-6.592450e-004,0.000000e+000,9.669733e-003,0.000000e+000,3,9.438047e-001,1.825000e+000,,,,,,,,,,,,,,,,,,0,5.000000e+000,5.000000e-001,2,1,4.459381e-003,0,1,0,
1473178701.785,,-1.000000e+003,5.499870e+001,-6.586241e-004,0.000000e+000,1.018421e-002,0.000000e+000,3,9.432716e-001,1.825000e+000,,,,,,,,,,,,,,,,,,0,5.000000e+000,5.000000e-001,2,1,2.971649e-003,0,1,0,
1473178713.999,,-1.000000e+003,5.499871e+001,-6.586778e-004,0.000000e+000,1.003687e-002,0.000000e+000,3,9.434208e-001,1.825000e+000,,,,,,,,,,,,,,,,,,0,5.000000e+000,5.000000e-001,2,1,0.000000e+000,0,1,0,
1473178837.478,,-3.000000e+003,5.498978e+001,-6.986387e-004,0.000000e+000,7.699124e-003,0.000000e+000,3,9.340245e-001,1.825000e+000,,,,,,,,,,,,,,,,,,0,5.000000e+000,5.000000e-001,2,1,1.786041e-002,0,0,0,
1473178849.949,,-3.000000e+003,5.500317e+001,-6.995883e-004,0.000000e+000,7.839018e-003,0.000000e+000,3,9.322298e-001,1.825000e+000,,,,,,,,,,,,,,,,,,0,5.000000e+000,5.000000e-001,2,1,2.990723e-003,0,0,0,
1473178862.960,,-3.000000e+003,5.499796e+001,-6.992545e-004,0.000000e+000,8.027904e-003,0.000000e+000,3,9.315283e-001,1.825000e+000,,,,,,,,,,,,,,,,,,0,5.000000e+000,5.000000e-001,2,1,7.438660e-003,0,0,0,
1473178874.674,,-3.000000e+003,5.499722e+001,-6.992256e-004,0.000000e+000,8.268525e-003,0.000000e+000,3,9.324229e-001,1.825000e+000,,,,,,,,,,,,,,,,,,0,5.000000e+000,5.000000e-001,2,1,5.950928e-003,0,0,0,
1473178997.400,,-5.000000e+003,5.500019e+001,-7.242475e-004,0.000000e+000,8.122210e-003,0.000000e+000,3,9.315006e-001,1.825000e+000,,,,,,,,,,,,,,,,,,0,5.000000e+000,5.000000e-001,2,1,2.967834e-003,0,0,0,
1473179008.364,,-5.000000e+003,5.499945e+001,-7.246812e-004,0.000000e+000,7.835738e-003,0.000000e+000,3,9.314042e-001,1.825000e+000,,,,,,,,,,,,,,,,,,0,5.000000e+000,5.000000e-001,2,1,1.480103e-003,0,0,0,
1473179021.258,,-5.000000e+003,5.499499e+001,-7.247203e-004,0.000000e+000,7.866492e-003,0.000000e+000,3,9.315640e-001,1.825000e+000,,,,,,,,,,,,,,,,,,0,5.000000e+000,5.000000e-001,2,1,1.041031e-002,0,0,0,
1473179032.330,,-5.000000e+003,5.500019e+001,-7.245315e-004,0.000000e+000,7.804331e-003,0.000000e+000,3,9.315616e-001,1.825000e+000,,,,,,,,,,,,,,,,,,0,5.000000e+000,5.000000e-001,2,1,0.000000e+000,0,0,0,
1473179156.060,,-7.000000e+003,5.499945e+001,-7.441726e-004,0.000000e+000,8.081284e-003,0.000000e+000,3,9.323872e-001,1.825000e+000,,,,,,,,,,,,,,,,,,0,5.000000e+000,5.000000e-001,2,1,1.480103e-003,0,0,0,
1473179184.264,,-7.000000e+003,5.500168e+001,-7.439070e-004,0.000000e+000,7.563206e-003,0.000000e+000,3,9.325967e-001,1.825000e+000,,,,,,,,,,,,,,,,,,0,5.000000e+000,5.000000e-001,2,1,2.979279e-003,0,0,0,
1473179207.024,,-7.000000e+003,5.499945e+001,-7.441917e-004,0.000000e+000,7.969341e-003,0.000000e+000,3,9.324052e-001,1.825000e+000,,,,,,,,,,,,,,,,,,0,5.000000e+000,5.000000e-001,2,1,4.459381e-003,0,0,0,
1473179218.930,,-7.000000e+003,5.499945e+001,-7.443294e-004,0.000000e+000,8.004376e-003,0.000000e+000,3,9.325122e-001,1.825000e+000,,,,,,,,,,,,,,,,,,0,5.000000e+000,5.000000e-001,2,1,4.459381e-003,0,0,0,
1473179339.013,,-9.000000e+003,5.500093e+001,-7.600804e-004,0.000000e+000,8.269714e-003,0.000000e+000,3,9.333456e-001,1.825000e+000,,,,,,,,,,,,,,,,,,0,5.000000e+000,5.000000e-001,2,1,1.487732e-003,0,0,0,
1473179352.227,,-9.000000e+003,5.499871e+001,-7.602283e-004,0.000000e+000,8.225401e-003,0.000000e+000,3,9.333060e-001,1.825000e+000,,,,,,,,,,,,,,,,,,0,5.000000e+000,5.000000e-001,2,1,0.000000e+000,0,0,0,
1473179364.192,,-9.000000e+003,5.499722e+001,-7.602784e-004,0.000000e+000,8.198323e-003,0.000000e+000,3,9.332936e-001,1.825000e+000,,,,,,,,,,,,,,,,,,0,5.000000e+000,5.000000e-001,2,1,2.979279e-003,0,0,0,
1473179376.156,,-9.000000e+003,5.499722e+001,-7.601487e-004,0.000000e+000,8.210534e-003,0.000000e+000,3,9.332793e-001,1.825000e+000,,,,,,,,,,,,,,,,,,0,5.000000e+000,5.000000e-001,2,1,0.000000e+000,0,0,0,
1473179500.134,,-1.000000e+004,5.499573e+001,-7.672628e-004,0.000000e+000,8.394492e-003,0.000000e+000,3,9.337209e-001,1.825000e+000,,,,,,,,,,,,,,,,,,0,5.000000e+000,5.000000e-001,2,1,2.979279e-003,0,0,0,
1473179512.848,,-1.000000e+004,5.499722e+001,-7.673380e-004,0.000000e+000,8.415632e-003,0.000000e+000,3,9.337057e-001,1.825000e+000,,,,,,,,,,,,,,,,,,0,5.000000e+000,5.000000e-001,2,1,0.000000e+000,0,0,0,
1473179524.312,,-1.000000e+004,5.499499e+001,-7.672575e-004,0.000000e+000,8.355197e-003,0.000000e+000,3,9.336634e-001,1.825000e+000,,,,,,,,,,,,,,,,,,0,5.000000e+000,5.000000e-001,2,1,7.450104e-003,0,0,0,
1473179537.527,,-1.000000e+004,5.499722e+001,-7.673163e-004,0.000000e+000,8.381792e-003,0.000000e+000,3,9.336433e-001,1.825000e+000,,,,,,,,,,,,,,,,,,0,5.000000e+000,5.000000e-001,2,1,2.979279e-003,0,0,0,
1473179699.010,,-2.000000e+004,5.499796e+001,-8.185966e-004,0.000000e+000,9.659056e-003,0.000000e+000,3,9.364140e-001,1.825000e+000,,,,,,,,,,,,,,,,,,0,5.000000e+000,5.000000e-001,2,1,1.491547e-003,0,0,0,
1473179711.974,,-2.000000e+004,5.500019e+001,-8.100923e-004,0.000000e+000,5.139976e-003,0.000000e+000,3,7.445142e-001,1.825000e+000,,,,,,,,,,,,,,,,,,0,5.000000e+000,5.000000e-001,2,1,5.950928e-003,0,1,0,
1473179725.690,,-2.000000e+004,5.499945e+001,-8.183768e-004,0.000000e+000,9.870676e-003,0.000000e+000,3,9.362254e-001,1.825000e+000,,,,,,,,,,,,,,,,,,0,5.000000e+000,5.000000e-001,2,1,1.480103e-003,0,1,0,
1473179736.655,,-2.000000e+004,5.500019e+001,-8.187444e-004,0.000000e+000,9.837187e-003,0.000000e+000,3,9.364887e-001,1.825000e+000,,,,,,,,,,,,,,,,,,0,5.000000e+000,5.000000e-001,2,1,2.967834e-003,0,1,0,
1473179892.658,,-3.000000e+004,5.500095e+001,-8.515735e-004,0.000000e+000,1.095587e-002,0.000000e+000,3,9.376819e-001,1.825000e+000,,,,,,,,,,,,,,,,,,0,5.000000e+000,5.000000e-001,2,1,7.450104e-003,0,1,0,
1473179905.176,,-3.000000e+004,5.499945e+001,-8.527357e-004,0.000000e+000,1.089480e-002,0.000000e+000,3,9.378867e-001,1.825000e+000,,,,,,,,,,,,,,,,,,0,5.000000e+000,5.000000e-001,2,1,1.480103e-003,0,1,0,
1473179918.141,,-3.000000e+004,5.500317e+001,-8.519770e-004,0.000000e+000,1.102094e-002,0.000000e+000,3,9.378281e-001,1.825000e+000,,,,,,,,,,,,,,,,,,0,5.000000e+000,5.000000e-001,2,1,0.000000e+000,0,1,0,
1473179930.855,,-3.000000e+004,5.500168e+001,-8.523048e-004,0.000000e+000,1.073922e-002,0.000000e+000,3,9.375439e-001,1.825000e+000,,,,,,,,,,,,,,,,,,0,5.000000e+000,5.000000e-001,2,1,2.979279e-003,0,1,0,
1473180096.339,,-4.000000e+004,5.500317e+001,-8.759772e-004,0.000000e+000,1.185862e-002,0.000000e+000,3,9.390069e-001,1.825000e+000,,,,,,,,,,,,,,,,,,0,5.000000e+000,5.000000e-001,2,1,0.000000e+000,0,1,0,
1473180108.053,,-4.000000e+004,5.500541e+001,-8.752802e-004,0.000000e+000,1.291527e-002,0.000000e+000,3,9.381000e-001,1.825000e+000,,,,,,,,,,,,,,,,,,0,5.000000e+000,5.000000e-001,2,1,4.470825e-003,0,1,0,
1473180120.517,,-4.000000e+004,5.500168e+001,-8.732999e-004,0.000000e+000,9.550869e-003,0.000000e+000,3,9.381359e-001,1.825000e+000,,,,,,,,,,,,,,,,,,0,5.000000e+000,5.000000e-001,2,1,0.000000e+000,0,1,0,
1473180132.981,,-4.000000e+004,5.500094e+001,-8.743106e-004,0.000000e+000,1.176552e-002,0.000000e+000,3,9.374446e-001,1.825000e+000,,,,,,,,,,,,,,,,,,0,5.000000e+000,5.000000e-001,2,1,4.459381e-003,0,1,0,
1473180301.215,,-5.000000e+004,5.499945e+001,-8.922808e-004,0.000000e+000,1.295665e-002,0.000000e+000,3,9.399101e-001,1.825000e+000,,,,,,,,,,,,,,,,,,0,5.000000e+000,5.000000e-001,2,1,4.459381e-003,0,1,0,
1473180315.179,,-5.000000e+004,5.499722e+001,-8.908121e-004,0.000000e+000,1.284080e-002,0.000000e+000,3,9.369715e-001,1.825000e+000,,,,,,,,,,,,,,,,,,0,5.000000e+000,5.000000e-001,2,1,2.979279e-003,0,1,0,
1473180327.644,,-5.000000e+004,5.500093e+001,-8.907309e-004,0.000000e+000,1.448293e-002,0.000000e+000,3,9.395023e-001,1.825000e+000,,,,,,,,,,,,,,,,,,0,5.000000e+000,5.000000e-001,2,1,1.487732e-003,0,1,0,
1473180340.108,,-5.000000e+004,5.499201e+001,-8.923050e-004,0.000000e+000,1.287636e-002,0.000000e+000,3,9.367520e-001,1.825000e+000,,,,,,,,,,,,,,,,,,0,5.000000e+000,5.000000e-001,2,1,1.340103e-002,0,1,0,
1473180509.274,,-6.000000e+004,5.500690e+001,-9.049894e-004,0.000000e+000,1.252853e-002,0.000000e+000,3,9.423382e-001,1.825000e+000,,,,,,,,,,,,,,,,,,0,5.000000e+000,5.000000e-001,2,1,2.233887e-002,0,0,0,
1473180522.096,,-6.000000e+004,5.499648e+001,-9.089879e-004,0.000000e+000,1.365187e-002,0.000000e+000,3,9.428339e-001,1.825000e+000,,,,,,,,,,,,,,,,,,0,5.000000e+000,5.000000e-001,2,1,1.487732e-003,0,0,0,
1473180533.560,,-6.000000e+004,5.499796e+001,-9.110728e-004,0.000000e+000,1.407320e-002,0.000000e+000,3,9.430929e-001,1.825000e+000,,,,,,,,,,,,,,,,,,0,5.000000e+000,5.000000e-001,2,1,1.491547e-003,0,0,0,
1473180545.322,,-6.000000e+004,5.500317e+001,-9.095634e-004,0.000000e+000,1.380829e-002,0.000000e+000,3,9.400930e-001,1.825000e+000,,,,,,,,,,,,,,,,,,0,5.000000e+000,5.000000e-001,2,1,1.190948e-002,0,0,0,
1473180710.806,,-7.000000e+004,5.499573e+001,-9.259625e-004,0.000000e+000,1.301950e-002,0.000000e+000,3,9.384515e-001,1.825000e+000,,,,,,,,,,,,,,,,,,0,5.000000e+000,5.000000e-001,2,1,2.979279e-003,0,0,0,
1473180722.222,,-7.000000e+004,5.499573e+001,-9.248130e-004,0.000000e+000,1.480061e-002,0.000000e+000,3,9.374790e-001,1.825000e+000,,,,,,,,,,,,,,,,,,0,5.000000e+000,5.000000e-001,2,1,2.979279e-003,0,0,0,
1473180733.544,,-7.000000e+004,5.499573e+001,-9.205272e-004,0.000000e+000,1.480706e-002,0.000000e+000,3,9.372574e-001,1.825000e+000,,,,,,,,,,,,,,,,,,0,5.000000e+000,5.000000e-001,2,1,0.000000e+000,0,0,0,
1473180745.758,,-7.000000e+004,5.499573e+001,-9.210316e-004,0.000000e+000,1.192425e-002,0.000000e+000,3,9.407654e-001,1.825000e+000,,,,,,,,,,,,,,,,,,0,5.000000e+000,5.000000e-001,2,1,0.000000e+000,0,0,0,
1473180932.604,,-6.000000e+004,5.499870e+001,-9.092388e-004,0.000000e+000,1.219906e-002,0.000000e+000,3,9.392807e-001,1.825000e+000,,,,,,,,,,,,,,,,,,0,5.000000e+000,5.000000e-001,2,1,8.930206e-003,0,0,0,
1473180943.818,,-6.000000e+004,5.500168e+001,-9.090438e-004,0.000000e+000,1.221970e-002,0.000000e+000,3,9.394621e-001,1.825000e+000,,,,,,,,,,,,,,,,,,0,5.000000e+000,5.000000e-001,2,1,2.979279e-003,0,0,0,
1473180955.232,,-6.000000e+004,5.500019e+001,-9.092898e-004,0.000000e+000,1.232788e-002,0.000000e+000,3,9.394917e-001,1.825000e+000,,,,,,,,,,,,,,,,,,0,5.000000e+000,5.000000e-001,2,1,0.000000e+000,0,0,0,
1473180969.305,,-6.000000e+004,5.500169e+001,-9.092151e-004,0.000000e+000,1.235228e-002,0.000000e+000,3,9.391968e-001,1.825000e+000,,,,,,,,,,,,,,,,,,0,5.000000e+000,5.000000e-001,2,1,5.958557e-003,0,0,0,
1473181130.034,,-5.000000e+004,5.499870e+001,-8.948394e-004,0.000000e+000,1.122080e-002,0.000000e+000,3,9.394304e-001,1.825000e+000,,,,,,,,,,,,,,,,,,0,5.000000e+000,5.000000e-001,2,1,5.947113e-003,0,0,0,
1473181144.248,,-5.000000e+004,5.499871e+001,-8.948622e-004,0.000000e+000,1.127195e-002,0.000000e+000,3,9.393955e-001,1.825000e+000,,,,,,,,,,,,,,,,,,0,5.000000e+000,5.000000e-001,2,1,0.000000e+000,0,0,0,
1473181156.963,,-5.000000e+004,5.499871e+001,-8.947628e-004,0.000000e+000,1.128460e-002,0.000000e+000,3,9.392596e-001,1.825000e+000,,,,,,,,,,,,,,,,,,0,5.000000e+000,5.000000e-001,2,1,0.000000e+000,0,0,0,
1473181169.677,,-5.000000e+004,5.499648e+001,-8.948163e-004,0.000000e+000,1.127910e-002,0.000000e+000,3,9.392565e-001,1.825000e+000,,,,,,,,,,,,,,,,,,0,5.000000e+000,5.000000e-001,2,1,1.487732e-003,0,0,0,
1473181341.911,,-4.000000e+004,5.500094e+001,-8.753418e-004,0.000000e+000,1.103773e-002,0.000000e+000,3,9.387418e-001,1.825000e+000,,,,,,,,,,,,,,,,,,0,5.000000e+000,5.000000e-001,2,1,4.459381e-003,0,1,0,
1473181353.879,,-4.000000e+004,5.499945e+001,-8.753361e-004,0.000000e+000,1.084899e-002,0.000000e+000,3,9.383509e-001,1.825000e+000,,,,,,,,,,,,,,,,,,0,5.000000e+000,5.000000e-001,2,1,1.480103e-003,0,1,0,
1473181365.593,,-4.000000e+004,5.500019e+001,-8.764762e-004,0.000000e+000,1.100139e-002,0.000000e+000,3,9.383567e-001,1.825000e+000,,,,,,,,,,,,,,,,,,0,5.000000e+000,5.000000e-001,2,1,2.967834e-003,0,1,0,
1473181378.588,,-4.000000e+004,5.500168e+001,-8.769420e-004,0.000000e+000,1.074519e-002,0.000000e+000,3,9.382869e-001,1.825000e+000,,,,,,,,,,,,,,,,,,0,5.000000e+000,5.000000e-001,2,1,0.000000e+000,0,1,0,
1473181539.821,,-3.000000e+004,5.500616e+001,-8.517150e-004,0.000000e+000,9.887934e-003,0.000000e+000,3,9.376232e-001,1.825000e+000,,,,,,,,,,,,,,,,,,0,5.000000e+000,5.000000e-001,2,1,2.971649e-003,0,1,0,
1473181551.830,,-3.000000e+004,5.500243e+001,-8.513318e-004,0.000000e+000,9.752225e-003,0.000000e+000,3,9.386995e-001,1.825000e+000,,,,,,,,,,,,,,,,,,0,5.000000e+000,5.000000e-001,2,1,4.478455e-003,0,1,0,
1473181563.045,,-3.000000e+004,5.500019e+001,-8.509547e-004,0.000000e+000,9.836081e-003,0.000000e+000,3,9.386856e-001,1.825000e+000,,,,,,,,,,,,,,,,,,0,5.000000e+000,5.000000e-001,2,1,0.000000e+000,0,1,0,
1473181574.508,,-3.000000e+004,5.500392e+001,-8.537566e-004,0.000000e+000,9.358655e-003,0.000000e+000,3,9.386577e-001,1.825000e+000,,,,,,,,,,,,,,,,,,0,5.000000e+000,5.000000e-001,2,1,1.499176e-003,0,1,0,
1473181736.173,,-2.000000e+004,5.500093e+001,-8.198196e-004,0.000000e+000,6.907233e-003,0.000000e+000,3,9.381373e-001,1.825000e+000,,,,,,,,,,,,,,,,,,0,5.000000e+000,5.000000e-001,2,1,1.487732e-003,0,1,0,
1473181748.995,,-2.000000e+004,5.499796e+001,-8.181080e-004,0.000000e+000,8.147364e-003,0.000000e+000,3,9.350815e-001,1.825000e+000,,,,,,,,,,,,,,,,,,0,5.000000e+000,5.000000e-001,2,1,1.491547e-003,0,1,0,
1473181761.249,,-2.000000e+004,5.499945e+001,-8.182594e-004,0.000000e+000,9.353547e-003,0.000000e+000,3,9.348639e-001,1.825000e+000,,,,,,,,,,,,,,,,,,0,5.000000e+000,5.000000e-001,2,1,1.480103e-003,0,1,0,
1473181774.473,,-2.000000e+004,5.500019e+001,-8.169765e-004,0.000000e+000,8.048414e-003,0.000000e+000,3,9.351419e-001,1.825000e+000,,,,,,,,,,,,,,,,,,0,5.000000e+000,5.000000e-001,2,1,5.950928e-003,0,1,0,
1473181931.706,,-1.000000e+004,5.500019e+001,-7.668291e-004,0.000000e+000,8.104941e-003,0.000000e+000,3,9.329299e-001,1.825000e+000,,,,,,,,,,,,,,,,,,0,5.000000e+000,5.000000e-001,2,1,1.489258e-002,0,1,0,
1473181943.920,,-1.000000e+004,5.499200e+001,-7.667884e-004,0.000000e+000,7.896136e-003,0.000000e+000,3,9.341480e-001,1.825000e+000,,,,,,,,,,,,,,,,,,0,5.000000e+000,5.000000e-001,2,1,1.042938e-002,0,1,0,
1473181955.905,,-1.000000e+004,5.499945e+001,-7.671032e-004,0.000000e+000,7.184044e-003,0.000000e+000,3,9.342262e-001,1.825000e+000,,,,,,,,,,,,,,,,,,0,5.000000e+000,5.000000e-001,2,1,1.480103e-003,0,0,0,
1473181967.906,,-1.000000e+004,5.500317e+001,-7.663428e-004,0.000000e+000,8.551595e-003,0.000000e+000,3,9.344502e-001,1.825000e+000,,,,,,,,,,,,,,,,,,0,5.000000e+000,5.000000e-001,2,1,2.990723e-003,0,0,0,
1473182088.131,,-9.000000e+003,5.499796e+001,-7.603896e-004,0.000000e+000,7.713629e-003,0.000000e+000,3,9.328862e-001,1.825000e+000,,,,,,,,,,,,,,,,,,0,5.000000e+000,5.000000e-001,2,1,1.491547e-003,0,0,0,
1473182099.401,,-9.000000e+003,5.499722e+001,-7.612106e-004,0.000000e+000,7.357203e-003,0.000000e+000,3,9.339417e-001,1.825000e+000,,,,,,,,,,,,,,,,,,0,5.000000e+000,5.000000e-001,2,1,0.000000e+000,0,0,0,
1473182111.548,,-9.000000e+003,5.500243e+001,-7.601197e-004,0.000000e+000,7.412245e-003,0.000000e+000,3,9.328514e-001,1.825000e+000,,,,,,,,,,,,,,,,,,0,5.000000e+000,5.000000e-001,2,1,1.339722e-002,0,0,0,
1473182123.817,,-9.000000e+003,5.500243e+001,-7.598040e-004,0.000000e+000,7.546309e-003,0.000000e+000,3,9.331582e-001,1.825000e+000,,,,,,,,,,,,,,,,,,0,5.000000e+000,5.000000e-001,2,1,1.339722e-002,0,0,0,
1473182243.170,,-7.000000e+003,5.499722e+001,-7.441228e-004,0.000000e+000,7.290394e-003,0.000000e+000,3,9.322446e-001,1.825000e+000,,,,,,,,,,,,,,,,,,0,5.000000e+000,5.000000e-001,2,1,8.930206e-003,0,0,0,
1473182254.911,,-7.000000e+003,5.500019e+001,-7.438752e-004,0.000000e+000,7.226978e-003,0.000000e+000,3,9.329985e-001,1.825000e+000,,,,,,,,,,,,,,,,,,0,5.000000e+000,5.000000e-001,2,1,2.967834e-003,0,0,0,
1473182266.376,,-7.000000e+003,5.500019e+001,-7.455325e-004,0.000000e+000,7.444502e-003,0.000000e+000,3,9.332011e-001,1.825000e+000,,,,,,,,,,,,,,,,,,0,5.000000e+000,5.000000e-001,2,1,2.967834e-003,0,0,0,
1473182278.106,,-7.000000e+003,5.500168e+001,-7.425841e-004,0.000000e+000,6.833888e-003,0.000000e+000,3,9.320406e-001,1.825000e+000,,,,,,,,,,,,,,,,,,0,5.000000e+000,5.000000e-001,2,1,0.000000e+000,0,0,0,
1473182401.584,,-5.000000e+003,5.500243e+001,-7.250434e-004,0.000000e+000,7.069333e-003,0.000000e+000,3,9.308596e-001,1.825000e+000,,,,,,,,,,,,,,,,,,0,5.000000e+000,5.000000e-001,2,1,1.491547e-003,0,0,0,
1473182414.298,,-5.000000e+003,5.500243e+001,-7.241821e-004,0.000000e+000,7.237078e-003,0.000000e+000,3,9.317454e-001,1.825000e+000,,,,,,,,,,,,,,,,,,0,5.000000e+000,5.000000e-001,2,1,1.491547e-003,0,0,0,
1473182427.513,,-5.000000e+003,5.500169e+001,-7.244012e-004,0.000000e+000,7.238307e-003,0.000000e+000,3,9.316074e-001,1.825000e+000,,,,,,,,,,,,,,,,,,0,5.000000e+000,5.000000e-001,2,1,5.958557e-003,0,0,0,
1473182440.239,,-5.000000e+003,5.500243e+001,-7.243766e-004,0.000000e+000,7.326353e-003,0.000000e+000,3,9.316420e-001,1.825000e+000,,,,,,,,,,,,,,,,,,0,5.000000e+000,5.000000e-001,2,1,4.478455e-003,0,0,0,
1473182556.213,,-3.000000e+003,5.500169e+001,-6.993038e-004,0.000000e+000,7.274721e-003,0.000000e+000,3,9.324673e-001,1.825000e+000,,,,,,,,,,,,,,,,,,0,5.000000e+000,5.000000e-001,2,1,5.958557e-003,0,0,0,
1473182568.953,,-3.000000e+003,5.499796e+001,-6.990230e-004,0.000000e+000,7.587156e-003,0.000000e+000,3,9.323224e-001,1.825000e+000,,,,,,,,,,,,,,,,,,0,5.000000e+000,5.000000e-001,2,1,1.491547e-003,0,0,0,
1473182581.417,,-3.000000e+003,5.499648e+001,-6.993460e-004,0.000000e+000,7.520144e-003,0.000000e+000,3,9.326598e-001,1.825000e+000,,,,,,,,,,,,,,,,,,0,5.000000e+000,5.000000e-001,2,1,1.487732e-003,0,0,0,
1473182593.382,,-3.000000e+003,5.499648e+001,-6.992318e-004,0.000000e+000,7.531276e-003,0.000000e+000,3,9.322612e-001,1.825000e+000,,,,,,,,,,,,,,,,,,0,5.000000e+000,5.000000e-001,2,1,1.487732e-003,0,0,0,
1473182724.111,,-1.000000e+003,5.499870e+001,-6.575989e-004,0.000000e+000,9.218318e-003,0.000000e+000,3,9.432371e-001,1.825000e+000,,,,,,,,,,,,,,,,,,0,5.000000e+000,5.000000e-001,2,1,5.947113e-003,0,0,0,
1473182738.576,,-1.000000e+003,5.499870e+001,-6.573859e-004,0.000000e+000,1.006304e-002,0.000000e+000,3,9.423506e-001,1.825000e+000,,,,,,,,,,,,,,,,,,0,5.000000e+000,5.000000e-001,2,1,5.947113e-003,0,0,0,
1473182751.790,,-1.000000e+003,5.500019e+001,-6.576618e-004,0.000000e+000,9.918272e-003,0.000000e+000,3,9.430550e-001,1.825000e+000,,,,,,,,,,,,,,,,,,0,5.000000e+000,5.000000e-001,2,1,2.967834e-003,0,0,0,
1473182763.004,,-1.000000e+003,5.499871e+001,-6.577419e-004,0.000000e+000,9.774625e-003,0.000000e+000,3,9.432745e-001,1.825000e+000,,,,,,,,,,,,,,,,,,0,5.000000e+000,5.000000e-001,2,1,0.000000e+000,0,0,0,
1473182887.737,,-7.000000e+002,5.499945e+001,-6.462657e-004,0.000000e+000,1.131916e-002,0.000000e+000,3,9.474691e-001,1.825000e+000,,,,,,,,,,,,,,,,,,0,5.000000e+000,5.000000e-001,2,1,1.480103e-003,0,1,0,
1473182900.451,,-7.000000e+002,5.499945e+001,-6.462359e-004,0.000000e+000,1.056892e-002,0.000000e+000,3,9.485432e-001,1.825000e+000,,,,,,,,,,,,,,,,,,0,5.000000e+000,5.000000e-001,2,1,1.480103e-003,0,1,0,
1473182915.352,,-7.000000e+002,5.499573e+001,-6.461527e-004,0.000000e+000,1.034556e-002,0.000000e+000,3,9.492599e-001,1.825000e+000,,,,,,,,,,,,,,,,,,0,5.000000e+000,5.000000e-001,2,1,5.962372e-003,0,1,0,
1473182927.425,,-7.000000e+002,5.499871e+001,-6.463318e-004,0.000000e+000,1.048214e-002,0.000000e+000,3,9.486601e-001,1.825000e+000,,,,,,,,,,,,,,,,,,0,5.000000e+000,5.000000e-001,2,1,0.000000e+000,0,1,0,
1473183048.599,,-6.000000e+002,5.500093e+001,-6.409682e-004,0.000000e+000,1.082623e-002,0.000000e+000,3,9.516239e-001,1.825000e+000,,,,,,,,,,,,,,,,,,0,5.000000e+000,5.000000e-001,2,1,1.487732e-003,0,1,0,
1473183061.216,,-6.000000e+002,5.500541e+001,-6.403508e-004,0.000000e+000,1.164240e-002,0.000000e+000,3,9.516293e-001,1.825000e+000,,,,,,,,,,,,,,,,,,0,5.000000e+000,5.000000e-001,2,1,2.233887e-002,0,1,0,
1473183073.966,,-6.000000e+002,5.500093e+001,-6.409961e-004,0.000000e+000,1.114022e-002,0.000000e+000,3,9.515685e-001,1.825000e+000,,,,,,,,,,,,,,,,,,0,5.000000e+000,5.000000e-001,2,1,1.487732e-003,0,1,0,
1473183087.881,,-6.000000e+002,5.499870e+001,-6.404732e-004,0.000000e+000,1.121050e-002,0.000000e+000,3,9.517556e-001,1.825000e+000,,,,,,,,,,,,,,,,,,0,5.000000e+000,5.000000e-001,2,1,5.947113e-003,0,1,0,
1473183206.488,,-5.000000e+002,5.500764e+001,-6.344144e-004,0.000000e+000,1.177729e-002,0.000000e+000,3,9.551244e-001,1.825000e+000,,,,,,,,,,,,,,,,,,0,5.000000e+000,5.000000e-001,2,1,8.930206e-003,0,1,0,
1473183218.702,,-5.000000e+002,5.500243e+001,-6.334290e-004,0.000000e+000,1.152181e-002,0.000000e+000,3,9.556250e-001,1.825000e+000,,,,,,,,,,,,,,,,,,0,5.000000e+000,5.000000e-001,2,1,4.478455e-003,0,1,0,
1473183231.166,,-5.000000e+002,5.499870e+001,-6.341241e-004,0.000000e+000,1.156360e-002,0.000000e+000,3,9.548840e-001,1.825000e+000,,,,,,,,,,,,,,,,,,0,5.000000e+000,5.000000e-001,2,1,5.947113e-003,0,1,0,
1473183242.934,,-5.000000e+002,5.500169e+001,-6.337267e-004,0.000000e+000,1.137997e-002,0.000000e+000,3,9.551761e-001,1.825000e+000,,,,,,,,,,,,,,,,,,0,5.000000e+000,5.000000e-001,2,1,5.958557e-003,0,1,0,
1473183362.663,,-4.000000e+002,5.500168e+001,-6.250027e-004,0.000000e+000,1.186117e-002,0.000000e+000,3,9.604467e-001,1.825000e+000,,,,,,,,,,,,,,,,,,0,5.000000e+000,5.000000e-001,2,1,0.000000e+000,0,1,0,
1473183375.627,,-4.000000e+002,5.499796e+001,-6.250957e-004,0.000000e+000,1.128426e-002,0.000000e+000,3,9.606898e-001,1.825000e+000,,,,,,,,,,,,,,,,,,0,5.000000e+000,5.000000e-001,2,1,7.438660e-003,0,1,0,
1473183389.842,,-4.000000e+002,5.499200e+001,-6.248858e-004,0.000000e+000,1.209969e-002,0.000000e+000,3,9.594439e-001,1.825000e+000,,,,,,,,,,,,,,,,,,0,5.000000e+000,5.000000e-001,2,1,1.636887e-002,0,1,0,
1473183402.313,,-4.000000e+002,5.499945e+001,-6.244060e-004,0.000000e+000,1.186244e-002,0.000000e+000,3,9.595429e-001,1.825000e+000,,,,,,,,,,,,,,,,,,0,5.000000e+000,5.000000e-001,2,1,1.480103e-003,0,1,0,
1473183525.596,,-3.000000e+002,5.499201e+001,-6.106513e-004,0.000000e+000,1.260156e-002,0.000000e+000,3,9.650473e-001,1.825000e+000,,,,,,,,,,,,,,,,,,0,5.000000e+000,5.000000e-001,2,1,2.531052e-002,0,1,0,
1473183537.811,,-3.000000e+002,5.500317e+001,-6.115678e-004,0.000000e+000,1.240189e-002,0.000000e+000,3,9.642743e-001,1.825000e+000,,,,,,,,,,,,,,,,,,0,5.000000e+000,5.000000e-001,2,1,2.990723e-003,0,0,0,
1473183550.025,,-3.000000e+002,5.499945e+001,-6.107499e-004,0.000000e+000,1.265354e-002,0.000000e+000,3,9.633108e-001,1.825000e+000,,,,,,,,,,,,,,,,,,0,5.000000e+000,5.000000e-001,2,1,1.480103e-003,0,0,0,
1473183562.431,,-3.000000e+002,5.500168e+001,-6.111688e-004,0.000000e+000,1.260730e-002,0.000000e+000,3,9.646779e-001,1.825000e+000,,,,,,,,,,,,,,,,,,0,5.000000e+000,5.000000e-001,2,1,0.000000e+000,0,0,0,
1473183682.767,,-2.000000e+002,5.499722e+001,-5.872039e-004,0.000000e+000,1.317430e-002,0.000000e+000,3,9.696956e-001,1.825000e+000,,,,,,,,,,,,,,,,,,0,5.000000e+000,5.000000e-001,2,1,2.979279e-003,0,0,0,
1473183695.434,,-2.000000e+002,5.499648e+001,-5.870278e-004,0.000000e+000,1.396021e-002,0.000000e+000,3,9.680191e-001,1.825000e+000,,,,,,,,,,,,,,,,,,0,5.000000e+000,5.000000e-001,2,1,1.487732e-003,0,0,0,
1473183708.799,,-2.000000e+002,5.499870e+001,-5.874198e-004,0.000000e+000,1.281743e-002,0.000000e+000,3,9.697154e-001,1.825000e+000,,,,,,,,,,,,,,,,,,0,5.000000e+000,5.000000e-001,2,1,2.971649e-003,0,0,0,
1473183721.512,,-2.000000e+002,5.500466e+001,-5.872323e-004,0.000000e+000,1.376628e-002,0.000000e+000,3,9.689616e-001,1.825000e+000,,,,,,,,,,,,,,,,,,0,5.000000e+000,5.000000e-001,2,1,8.937836e-003,0,0,0,
1473183830.177,,-1.800000e+002,5.499126e+001,-5.798933e-004,0.000000e+000,1.320184e-002,0.000000e+000,3,9.716190e-001,1.825000e+000,,,,,,,,,,,,,,,,,,0,5.000000e+000,5.000000e-001,2,1,1.786041e-002,0,0,0,
1473183843.999,,-1.800000e+002,5.500019e+001,-5.800026e-004,0.000000e+000,1.377883e-002,0.000000e+000,3,9.704859e-001,1.825000e+000,,,,,,,,,,,,,,,,,,0,5.000000e+000,5.000000e-001,2,1,2.967834e-003,0,0,0,
1473183856.714,,-1.800000e+002,5.500019e+001,-5.804290e-004,0.000000e+000,1.281060e-002,0.000000e+000,3,9.712923e-001,1.825000e+000,,,,,,,,,,,,,,,,,,0,5.000000e+000,5.000000e-001,2,1,0.000000e+000,0,0,0,
1473183868.928,,-1.800000e+002,5.499870e+001,-5.800956e-004,0.000000e+000,1.374081e-002,0.000000e+000,3,9.701667e-001,1.825000e+000,,,,,,,,,,,,,,,,,,0,5.000000e+000,5.000000e-001,2,1,2.971649e-003,0,0,0,
1473183976.929,,-1.600000e+002,5.500838e+001,-5.709243e-004,0.000000e+000,1.377663e-002,0.000000e+000,3,9.722143e-001,1.825000e+000,,,,,,,,,,,,,,,,,,0,5.000000e+000,5.000000e-001,2,1,1.638794e-002,0,0,0,
1473183990.095,,-1.600000e+002,5.500019e+001,-5.718162e-004,0.000000e+000,1.351235e-002,0.000000e+000,3,9.718303e-001,1.825000e+000,,,,,,,,,,,,,,,,,,0,5.000000e+000,5.000000e-001,2,1,0.000000e+000,0,0,0,
1473184003.667,,-1.600000e+002,5.499722e+001,-5.714307e-004,0.000000e+000,1.408115e-002,0.000000e+000,3,9.721789e-001,1.825000e+000,,,,,,,,,,,,,,,,,,0,5.000000e+000,5.000000e-001,2,1,2.979279e-003,0,0,0,
1473184015.881,,-1.600000e+002,5.499647e+001,-5.719212e-004,0.000000e+000,1.349392e-002,0.000000e+000,3,9.715455e-001,1.825000e+000,,,,,,,,,,,,,,,,,,0,5.000000e+000,5.000000e-001,2,1,1.041794e-002,0,0,0,
1473184125.105,,-1.400000e+002,5.500019e+001,-5.620469e-004,0.000000e+000,1.395124e-002,0.000000e+000,3,9.730395e-001,1.825000e+000,,,,,,,,,,,,,,,,,,0,5.000000e+000,5.000000e-001,2,1,2.967834e-003,0,0,0,
1473184138.320,,-1.400000e+002,5.499722e+001,-5.619565e-004,0.000000e+000,1.366684e-002,0.000000e+000,3,9.729905e-001,1.825000e+000,,,,,,,,,,,,,,,,,,0,5.000000e+000,5.000000e-001,2,1,5.950928e-003,0,0,0,
1473184152.045,,-1.400000e+002,5.499871e+001,-5.623698e-004,0.000000e+000,1.364532e-002,0.000000e+000,3,9.740403e-001,1.825000e+000,,,,,,,,,,,,,,,,,,0,5.000000e+000,5.000000e-001,2,1,0.000000e+000,0,0,0,
1473184164.259,,-1.400000e+002,5.500019e+001,-5.620008e-004,0.000000e+000,1.360167e-002,0.000000e+000,3,9.728904e-001,1.825000e+000,,,,,,,,,,,,,,,,,,0,5.000000e+000,5.000000e-001,2,1,0.000000e+000,0,0,0,
1473184272.680,,-1.200000e+002,5.499945e+001,-5.506431e-004,0.000000e+000,1.453337e-002,0.000000e+000,3,9.734500e-001,1.825000e+000,,,,,,,,,,,,,,,,,,0,5.000000e+000,5.000000e-001,2,1,1.042938e-002,0,0,0,
1473184286.518,,-1.200000e+002,5.499796e+001,-5.504383e-004,0.000000e+000,1.405816e-002,0.000000e+000,3,9.749837e-001,1.825000e+000,,,,,,,,,,,,,,,,,,0,5.000000e+000,5.000000e-001,2,1,1.491547e-003,0,0,0,
1473184299.982,,-1.200000e+002,5.499573e+001,-5.505991e-004,0.000000e+000,1.415155e-002,0.000000e+000,3,9.747330e-001,1.825000e+000,,,,,,,,,,,,,,,,,,0,5.000000e+000,5.000000e-001,2,1,5.962372e-003,0,0,0,
1473184313.446,,-1.200000e+002,5.500094e+001,-5.510714e-004,0.000000e+000,1.349339e-002,0.000000e+000,3,9.748079e-001,1.825000e+000,,,,,,,,,,,,,,,,,,0,5.000000e+000,5.000000e-001,2,1,4.459381e-003,0,0,0,
1473184429.171,,-1.000000e+002,5.500093e+001,-5.357736e-004,0.000000e+000,1.463275e-002,0.000000e+000,3,9.753035e-001,1.825000e+000,,,,,,,,,,,,,,,,,,0,5.000000e+000,5.000000e-001,2,1,1.487732e-003,0,1,0,
1473184441.385,,-1.000000e+002,5.500093e+001,-5.357496e-004,0.000000e+000,1.428359e-002,0.000000e+000,3,9.764710e-001,1.825000e+000,,,,,,,,,,,,,,,,,,0,5.000000e+000,5.000000e-001,2,1,1.487732e-003,0,1,0,
1473184454.545,,-1.000000e+002,5.500019e+001,-5.360373e-004,0.000000e+000,1.335027e-002,0.000000e+000,3,9.766191e-001,1.825000e+000,,,,,,,,,,,,,,,,,,0,5.000000e+000,5.000000e-001,2,1,2.967834e-003,0,1,0,
1473184466.868,,-1.000000e+002,5.500391e+001,-5.358725e-004,0.000000e+000,1.419829e-002,0.000000e+000,3,9.756643e-001,1.825000e+000,,,,,,,,,,,,,,,,,,0,5.000000e+000,5.000000e-001,2,1,7.450104e-003,0,1,0,
1473184573.385,,-8.000000e+001,5.500243e+001,-5.172103e-004,0.000000e+000,1.449018e-002,0.000000e+000,3,9.776981e-001,1.825000e+000,,,,,,,,,,,,,,,,,,0,5.000000e+000,5.000000e-001,2,1,1.042175e-002,0,1,0,
1473184585.349,,-8.000000e+001,5.500168e+001,-5.182401e-004,0.000000e+000,1.441737e-002,0.000000e+000,3,9.776245e-001,1.825000e+000,,,,,,,,,,,,,,,,,,0,5.000000e+000,5.000000e-001,2,1,2.979279e-003,0,1,0,
1473184597.814,,-8.000000e+001,5.499870e+001,-5.184397e-004,0.000000e+000,1.385772e-002,0.000000e+000,3,9.783515e-001,1.825000e+000,,,,,,,,,,,,,,,,,,0,5.000000e+000,5.000000e-001,2,1,5.947113e-003,0,1,0,
1473184609.528,,-8.000000e+001,5.500094e+001,-5.183678e-004,0.000000e+000,1.363403e-002,0.000000e+000,3,9.781640e-001,1.825000e+000,,,,,,,,,,,,,,,,,,0,5.000000e+000,5.000000e-001,2,1,4.459381e-003,0,1,0,
1473184716.251,,-6.000000e+001,5.500615e+001,-4.949406e-004,0.000000e+000,1.446796e-002,0.000000e+000,3,9.788871e-001,1.825000e+000,,,,,,,,,,,,,,,,,,0,5.000000e+000,5.000000e-001,2,1,5.958557e-003,0,1,0,
1473184728.466,,-6.000000e+001,5.500317e+001,-4.952976e-004,0.000000e+000,1.446175e-002,0.000000e+000,3,9.781746e-001,1.825000e+000,,,,,,,,,,,,,,,,,,0,5.000000e+000,5.000000e-001,2,1,2.990723e-003,0,1,0,
1473184741.680,,-6.000000e+001,5.500168e+001,-4.953826e-004,0.000000e+000,1.441883e-002,0.000000e+000,3,9.788554e-001,1.825000e+000,,,,,,,,,,,,,,,,,,0,5.000000e+000,5.000000e-001,2,1,2.979279e-003,0,1,0,
1473184753.894,,-6.000000e+001,5.500317e+001,-4.951494e-004,0.000000e+000,1.425484e-002,0.000000e+000,3,9.788830e-001,1.825000e+000,,,,,,,,,,,,,,,,,,0,5.000000e+000,5.000000e-001,2,1,0.000000e+000,0,1,0,
1473184864.166,,-4.000000e+001,5.499126e+001,-4.644032e-004,0.000000e+000,1.441063e-002,0.000000e+000,3,9.794807e-001,1.825000e+000,,,,,,,,,,,,,,,,,,0,5.000000e+000,5.000000e-001,2,1,2.381134e-002,0,1,0,
1473184874.380,,-4.000000e+001,5.500317e+001,-4.641048e-004,0.000000e+000,1.387590e-002,0.000000e+000,3,9.810880e-001,1.825000e+000,,,,,,,,,,,,,,,,,,0,5.000000e+000,5.000000e-001,2,1,2.990723e-003,0,1,0,
1473184886.094,,-4.000000e+001,5.500093e+001,-4.636774e-004,0.000000e+000,1.440066e-002,0.000000e+000,3,9.807615e-001,1.825000e+000,,,,,,,,,,,,,,,,,,0,5.000000e+000,5.000000e-001,2,1,1.487732e-003,0,1,0,
1473184898.809,,-4.000000e+001,5.500243e+001,-4.637575e-004,0.000000e+000,1.427061e-002,0.000000e+000,3,9.808878e-001,1.825000e+000,,,,,,,,,,,,,,,,,,0,5.000000e+000,5.000000e-001,2,1,1.491547e-003,0,1,0,
1473185006.783,,-2.000000e+001,5.499945e+001,-4.158611e-004,0.000000e+000,1.350564e-002,0.000000e+000,3,9.826044e-001,1.825000e+000,,,,,,,,,,,,,,,,,,0,5.000000e+000,5.000000e-001,2,1,1.480103e-003,0,1,0,
1473185019.747,,-2.000000e+001,5.499871e+001,-4.155714e-004,0.000000e+000,1.486227e-002,0.000000e+000,3,9.810345e-001,1.825000e+000,,,,,,,,,,,,,,,,,,0,5.000000e+000,5.000000e-001,2,1,0.000000e+000,0,0,0,
1473185030.463,,-2.000000e+001,5.500019e+001,-4.154239e-004,0.000000e+000,1.396100e-002,0.000000e+000,3,9.833084e-001,1.825000e+000,,,,,,,,,,,,,,,,,,0,5.000000e+000,5.000000e-001,2,1,2.967834e-003,0,0,0,
1473185040.678,,-2.000000e+001,5.500094e+001,-4.149305e-004,0.000000e+000,1.640936e-002,0.000000e+000,3,9.789164e-001,1.825000e+000,,,,,,,,,,,,,,,,,,0,5.000000e+000,5.000000e-001,2,1,4.459381e-003,0,0,0,
1473185150.156,,0.000000e+000,5.499722e+001,-3.161255e-004,0.000000e+000,1.791783e-002,0.000000e+000,3,9.801145e-001,1.825000e+000,,,,,,,,,,,,,,,,,,0,5.000000e+000,5.000000e-001,2,1,2.979279e-003,0,0,0,
1473185162.052,,0.000000e+000,5.499945e+001,-3.153548e-004,0.000000e+000,1.555045e-002,0.000000e+000,3,9.833668e-001,1.825000e+000,,,,,,,,,,,,,,,,,,0,5.000000e+000,5.000000e-001,2,1,4.459381e-003,0,0,0,
1473185174.124,,0.000000e+000,5.499796e+001,-3.152083e-004,0.000000e+000,1.518929e-002,0.000000e+000,3,9.836116e-001,1.825000e+000,,,,,,,,,,,,,,,,,,0,5.000000e+000,5.000000e-001,2,1,7.438660e-003,0,0,0,
1473185186.111,,0.000000e+000,5.500243e+001,-3.147992e-004,0.000000e+000,1.234534e-002,0.000000e+000,3,9.840523e-001,1.825000e+000,,,,,,,,,,,,,,,,,,0,5.000000e+000,5.000000e-001,2,1,1.042175e-002,0,0,0,
1473185300.586,,2.000000e+001,5.500019e+001,3.756567e-004,0.000000e+000,1.552871e-002,0.000000e+000,3,9.760873e-001,1.825000e+000,,,,,,,,,,,,,,,,,,0,5.000000e+000,5.000000e-001,2,1,2.967834e-003,0,0,0,
1473185313.550,,2.000000e+001,5.499796e+001,3.795886e-004,0.000000e+000,1.487289e-002,0.000000e+000,3,9.811634e-001,1.825000e+000,,,,,,,,,,,,,,,,,,0,5.000000e+000,5.000000e-001,2,1,7.438660e-003,0,0,0,
1473185327.015,,2.000000e+001,5.499945e+001,3.817158e-004,0.000000e+000,1.424933e-002,0.000000e+000,3,9.815121e-001,1.825000e+000,,,,,,,,,,,,,,,,,,0,5.000000e+000,5.000000e-001,2,1,1.480103e-003,0,0,0,
1473185339.980,,2.000000e+001,5.499573e+001,3.812109e-004,0.000000e+000,1.469149e-002,0.000000e+000,3,9.809728e-001,1.825000e+000,,,,,,,,,,,,,,,,,,0,5.000000e+000,5.000000e-001,2,1,0.000000e+000,0,0,0,
1473185447.457,,4.000000e+001,5.499796e+001,4.706173e-004,0.000000e+000,1.475444e-002,0.000000e+000,3,9.801494e-001,1.825000e+000,,,,,,,,,,,,,,,,,,0,5.000000e+000,5.000000e-001,2,1,1.491547e-003,0,0,0,
1473185459.421,,4.000000e+001,5.499870e+001,4.711415e-004,0.000000e+000,1.493909e-002,0.000000e+000,3,9.798763e-001,1.825000e+000,,,,,,,,,,,,,,,,,,0,5.000000e+000,5.000000e-001,2,1,2.971649e-003,0,0,0,
1473185471.635,,4.000000e+001,5.499722e+001,4.720141e-004,0.000000e+000,1.540849e-002,0.000000e+000,3,9.793791e-001,1.825000e+000,,,,,,,,,,,,,,,,,,0,5.000000e+000,5.000000e-001,2,1,5.950928e-003,0,0,0,
1473185485.349,,4.000000e+001,5.500093e+001,4.721036e-004,0.000000e+000,1.536372e-002,0.000000e+000,3,9.796769e-001,1.825000e+000,,,,,,,,,,,,,,,,,,0,5.000000e+000,5.000000e-001,2,1,1.487732e-003,0,0,0,
1473185599.612,,6.000000e+001,5.500094e+001,5.083936e-004,0.000000e+000,1.375935e-002,0.000000e+000,3,9.802169e-001,1.825000e+000,,,,,,,,,,,,,,,,,,0,5.000000e+000,5.000000e-001,2,1,1.041794e-002,0,0,0,
1473185610.826,,6.000000e+001,5.499648e+001,5.087014e-004,0.000000e+000,1.460748e-002,0.000000e+000,3,9.786311e-001,1.825000e+000,,,,,,,,,,,,,,,,,,0,5.000000e+000,5.000000e-001,2,1,1.487732e-003,0,0,0,
1473185623.740,,6.000000e+001,5.499796e+001,5.086544e-004,0.000000e+000,1.468655e-002,0.000000e+000,3,9.794269e-001,1.825000e+000,,,,,,,,,,,,,,,,,,0,5.000000e+000,5.000000e-001,2,1,1.491547e-003,0,0,0,
1473185636.312,,6.000000e+001,5.499722e+001,5.082162e-004,0.000000e+000,1.451713e-002,0.000000e+000,3,9.799364e-001,1.825000e+000,,,,,,,,,,,,,,,,,,0,5.000000e+000,5.000000e-001,2,1,0.000000e+000,0,0,0,
1473185746.540,,8.000000e+001,5.499796e+001,5.319799e-004,0.000000e+000,1.421529e-002,0.000000e+000,3,9.781090e-001,1.825000e+000,,,,,,,,,,,,,,,,,,0,5.000000e+000,5.000000e-001,2,1,1.042175e-002,0,0,0,
1473185759.255,,8.000000e+001,5.499573e+001,5.311980e-004,0.000000e+000,1.417091e-002,0.000000e+000,3,9.777518e-001,1.825000e+000,,,,,,,,,,,,,,,,,,0,5.000000e+000,5.000000e-001,2,1,0.000000e+000,0,0,0,
1473185773.236,,8.000000e+001,5.499945e+001,5.314659e-004,0.000000e+000,1.459018e-002,0.000000e+000,3,9.780828e-001,1.825000e+000,,,,,,,,,,,,,,,,,,0,5.000000e+000,5.000000e-001,2,1,1.480103e-003,0,0,0,
1473185785.700,,8.000000e+001,5.499871e+001,5.317968e-004,0.000000e+000,1.435609e-002,0.000000e+000,3,9.778120e-001,1.825000e+000,,,,,,,,,,,,,,,,,,0,5.000000e+000,5.000000e-001,2,1,0.000000e+000,0,0,0,
1473185901.675,,1.000000e+002,5.500019e+001,5.489033e-004,0.000000e+000,1.379745e-002,0.000000e+000,3,9.765874e-001,1.825000e+000,,,,,,,,,,,,,,,,,,0,5.000000e+000,5.000000e-001,2,1,5.950928e-003,0,1,0,
1473185913.639,,1.000000e+002,5.500169e+001,5.487431e-004,0.000000e+000,1.462250e-002,0.000000e+000,3,9.761860e-001,1.825000e+000,,,,,,,,,,,,,,,,,,0,5.000000e+000,5.000000e-001,2,1,5.958557e-003,0,1,0,
1473185926.910,,1.000000e+002,5.500243e+001,5.490996e-004,0.000000e+000,1.449697e-002,0.000000e+000,3,9.758974e-001,1.825000e+000,,,,,,,,,,,,,,,,,,0,5.000000e+000,5.000000e-001,2,1,1.638031e-002,0,1,0,
1473185939.060,,1.000000e+002,5.499648e+001,5.485153e-004,0.000000e+000,1.440408e-002,0.000000e+000,3,9.769329e-001,1.825000e+000,,,,,,,,,,,,,,,,,,0,5.000000e+000,5.000000e-001,2,1,4.470825e-003,0,1,0,
1473186047.693,,1.200000e+002,5.499945e+001,5.615996e-004,0.000000e+000,1.447955e-002,0.000000e+000,3,9.744616e-001,1.825000e+000,,,,,,,,,,,,,,,,,,0,5.000000e+000,5.000000e-001,2,1,4.459381e-003,0,1,0,
1473186060.657,,1.200000e+002,5.499945e+001,5.618572e-004,0.000000e+000,1.483423e-002,0.000000e+000,3,9.729064e-001,1.825000e+000,,,,,,,,,,,,,,,,,,0,5.000000e+000,5.000000e-001,2,1,4.459381e-003,0,1,0,
1473186073.182,,1.200000e+002,5.500168e+001,5.620433e-004,0.000000e+000,1.447594e-002,0.000000e+000,3,9.746252e-001,1.825000e+000,,,,,,,,,,,,,,,,,,0,5.000000e+000,5.000000e-001,2,1,2.979279e-003,0,1,0,
1473186085.396,,1.200000e+002,5.499945e+001,5.612460e-004,0.000000e+000,1.350639e-002,0.000000e+000,3,9.773359e-001,1.825000e+000,,,,,,,,,,,,,,,,,,0,5.000000e+000,5.000000e-001,2,1,7.438660e-003,0,1,0,
1473186191.673,,1.400000e+002,5.500243e+001,5.728384e-004,0.000000e+000,1.384206e-002,0.000000e+000,3,9.741385e-001,1.825000e+000,,,,,,,,,,,,,,,,,,0,5.000000e+000,5.000000e-001,2,1,4.478455e-003,0,1,0,
1473186204.325,,1.400000e+002,5.500690e+001,5.719789e-004,0.000000e+000,1.396323e-002,0.000000e+000,3,9.729474e-001,1.825000e+000,,,,,,,,,,,,,,,,,,0,5.000000e+000,5.000000e-001,2,1,1.491547e-003,0,1,0,
1473186216.692,,1.400000e+002,5.500169e+001,5.725538e-004,0.000000e+000,1.377365e-002,0.000000e+000,3,9.737449e-001,1.825000e+000,,,,,,,,,,,,,,,,,,0,5.000000e+000,5.000000e-001,2,1,5.958557e-003,0,1,0,
1473186227.406,,1.400000e+002,5.500467e+001,5.715390e-004,0.000000e+000,1.402112e-002,0.000000e+000,3,9.732460e-001,1.825000e+000,,,,,,,,,,,,,,,,,,0,5.000000e+000,5.000000e-001,2,1,0.000000e+000,0,1,0,
1473186335.383,,1.600000e+002,5.499647e+001,5.809621e-004,0.000000e+000,1.372925e-002,0.000000e+000,3,9.721928e-001,1.825000e+000,,,,,,,,,,,,,,,,,,0,5.000000e+000,5.000000e-001,2,1,1.041794e-002,0,1,0,
1473186348.098,,1.600000e+002,5.499870e+001,5.810728e-004,0.000000e+000,1.368407e-002,0.000000e+000,3,9.720637e-001,1.825000e+000,,,,,,,,,,,,,,,,,,0,5.000000e+000,5.000000e-001,2,1,5.947113e-003,0,1,0,
1473186361.562,,1.600000e+002,5.499945e+001,5.812292e-004,0.000000e+000,1.371058e-002,0.000000e+000,3,9.724784e-001,1.825000e+000,,,,,,,,,,,,,,,,,,0,5.000000e+000,5.000000e-001,2,1,4.459381e-003,0,1,0,
1473186373.777,,1.600000e+002,5.499870e+001,5.810782e-004,0.000000e+000,1.402581e-002,0.000000e+000,3,9.727423e-001,1.825000e+000,,,,,,,,,,,,,,,,,,0,5.000000e+000,5.000000e-001,2,1,2.971649e-003,0,1,0,
1473186486.781,,1.800000e+002,5.499796e+001,5.882660e-004,0.000000e+000,1.391101e-002,0.000000e+000,3,9.710320e-001,1.825000e+000,,,,,,,,,,,,,,,,,,0,5.000000e+000,5.000000e-001,2,1,4.459381e-003,0,1,0,
1473186500.245,,1.800000e+002,5.500243e+001,5.881971e-004,0.000000e+000,1.380889e-002,0.000000e+000,3,9.706445e-001,1.825000e+000,,,,,,,,,,,,,,,,,,0,5.000000e+000,5.000000e-001,2,1,4.478455e-003,0,1,0,
1473186513.209,,1.800000e+002,5.500392e+001,5.880122e-004,0.000000e+000,1.409258e-002,0.000000e+000,3,9.714061e-001,1.825000e+000,,,,,,,,,,,,,,,,,,0,5.000000e+000,5.000000e-001,2,1,1.499176e-003,0,0,0,
1473186524.923,,1.800000e+002,5.499796e+001,5.881126e-004,0.000000e+000,1.332236e-002,0.000000e+000,3,9.717234e-001,1.825000e+000,,,,,,,,,,,,,,,,,,0,5.000000e+000,5.000000e-001,2,1,1.491547e-003,0,0,0,
1473186632.651,,2.000000e+002,5.499722e+001,5.946051e-004,0.000000e+000,1.500611e-002,0.000000e+000,3,9.689724e-001,1.825000e+000,,,,,,,,,,,,,,,,,,0,5.000000e+000,5.000000e-001,2,1,5.950928e-003,0,0,0,
1473186643.890,,2.000000e+002,5.499648e+001,5.946300e-004,0.000000e+000,1.389393e-002,0.000000e+000,3,9.694014e-001,1.825000e+000,,,,,,,,,,,,,,,,,,0,5.000000e+000,5.000000e-001,2,1,4.470825e-003,0,0,0,
1473186655.354,,2.000000e+002,5.499945e+001,5.945220e-004,0.000000e+000,1.349370e-002,0.000000e+000,3,9.700111e-001,1.825000e+000,,,,,,,,,,,,,,,,,,0,5.000000e+000,5.000000e-001,2,1,4.459381e-003,0,0,0,
1473186668.069,,2.000000e+002,5.499796e+001,5.938376e-004,0.000000e+000,1.331974e-002,0.000000e+000,3,9.706419e-001,1.825000e+000,,,,,,,,,,,,,,,,,,0,5.000000e+000,5.000000e-001,2,1,1.491547e-003,0,0,0,
1473186790.794,,3.000000e+002,5.499647e+001,6.140928e-004,0.000000e+000,1.180018e-002,0.000000e+000,3,9.619835e-001,1.825000e+000,,,,,,,,,,,,,,,,,,0,5.000000e+000,5.000000e-001,2,1,7.442474e-003,0,0,0,
1473186803.508,,3.000000e+002,5.499870e+001,6.159716e-004,0.000000e+000,1.292567e-002,0.000000e+000,3,9.645572e-001,1.825000e+000,,,,,,,,,,,,,,,,,,0,5.000000e+000,5.000000e-001,2,1,2.971649e-003,0,0,0,
1473186815.277,,3.000000e+002,5.499796e+001,6.152104e-004,0.000000e+000,1.294529e-002,0.000000e+000,3,9.646336e-001,1.825000e+000,,,,,,,,,,,,,,,,,,0,5.000000e+000,5.000000e-001,2,1,1.491547e-003,0,0,0,
1473186827.742,,3.000000e+002,5.499945e+001,6.160018e-004,0.000000e+000,1.298276e-002,0.000000e+000,3,9.646463e-001,1.825000e+000,,,,,,,,,,,,,,,,,,0,5.000000e+000,5.000000e-001,2,1,1.480103e-003,0,0,0,
1473186945.733,,4.000000e+002,5.499722e+001,6.288849e-004,0.000000e+000,1.255056e-002,0.000000e+000,3,9.606782e-001,1.825000e+000,,,,,,,,,,,,,,,,,,0,5.000000e+000,5.000000e-001,2,1,5.950928e-003,0,0,0,
1473186958.980,,4.000000e+002,5.500466e+001,6.286320e-004,0.000000e+000,1.240456e-002,0.000000e+000,3,9.604398e-001,1.825000e+000,,,,,,,,,,,,,,,,,,0,5.000000e+000,5.000000e-001,2,1,1.488113e-002,0,0,0,
1473186970.944,,4.000000e+002,5.499573e+001,6.281484e-004,0.000000e+000,1.241237e-002,0.000000e+000,3,9.596592e-001,1.825000e+000,,,,,,,,,,,,,,,,,,0,5.000000e+000,5.000000e-001,2,1,2.979279e-003,0,0,0,
1473186984.189,,4.000000e+002,5.500541e+001,6.283215e-004,0.000000e+000,1.197332e-002,0.000000e+000,3,9.606047e-001,1.825000e+000,,,,,,,,,,,,,,,,,,0,5.000000e+000,5.000000e-001,2,1,1.338959e-002,0,0,0,
1473187105.164,,5.000000e+002,5.499870e+001,6.373089e-004,0.000000e+000,1.154303e-002,0.000000e+000,3,9.554248e-001,1.825000e+000,,,,,,,,,,,,,,,,,,0,5.000000e+000,5.000000e-001,2,1,2.971649e-003,0,0,0,
1473187118.818,,5.000000e+002,5.499573e+001,6.364370e-004,0.000000e+000,1.171943e-002,0.000000e+000,3,9.560018e-001,1.825000e+000,,,,,,,,,,,,,,,,,,0,5.000000e+000,5.000000e-001,2,1,8.930206e-003,0,0,0,
1473187131.447,,5.000000e+002,5.499647e+001,6.364937e-004,0.000000e+000,1.206688e-002,0.000000e+000,3,9.550868e-001,1.825000e+000,,,,,,,,,,,,,,,,,,0,5.000000e+000,5.000000e-001,2,1,1.041794e-002,0,0,0,
1473187145.688,,5.000000e+002,5.500019e+001,6.362787e-004,0.000000e+000,1.188106e-002,0.000000e+000,3,9.553978e-001,1.825000e+000,,,,,,,,,,,,,,,,,,0,5.000000e+000,5.000000e-001,2,1,5.950928e-003,0,0,0,
1473187260.698,,6.000000e+002,5.498903e+001,6.429607e-004,0.000000e+000,1.119090e-002,0.000000e+000,3,9.527096e-001,1.825000e+000,,,,,,,,,,,,,,,,,,0,5.000000e+000,5.000000e-001,2,1,1.340103e-002,0,0,0,
1473187273.695,,6.000000e+002,5.499499e+001,6.437935e-004,0.000000e+000,1.106118e-002,0.000000e+000,3,9.531053e-001,1.825000e+000,,,,,,,,,,,,,,,,,,0,5.000000e+000,5.000000e-001,2,1,1.491547e-003,0,0,0,
1473187287.660,,6.000000e+002,5.500093e+001,6.440114e-004,0.000000e+000,1.139461e-002,0.000000e+000,3,9.529336e-001,1.825000e+000,,,,,,,,,,,,,,,,,,0,5.000000e+000,5.000000e-001,2,1,1.487732e-003,0,0,0,
1473187300.170,,6.000000e+002,5.499573e+001,6.431676e-004,0.000000e+000,1.109743e-002,0.000000e+000,3,9.531198e-001,1.825000e+000,,,,,,,,,,,,,,,,,,0,5.000000e+000,5.000000e-001,2,1,5.962372e-003,0,0,0,
1473187420.145,,7.000000e+002,5.499573e+001,6.480843e-004,0.000000e+000,1.114956e-002,0.000000e+000,3,9.490210e-001,1.825000e+000,,,,,,,,,,,,,,,,,,0,5.000000e+000,5.000000e-001,2,1,5.962372e-003,0,1,0,
1473187433.381,,7.000000e+002,5.500094e+001,6.483726e-004,0.000000e+000,1.053953e-002,0.000000e+000,3,9.491307e-001,1.825000e+000,,,,,,,,,,,,,,,,,,0,5.000000e+000,5.000000e-001,2,1,4.459381e-003,0,1,0,
1473187446.397,,7.000000e+002,5.499945e+001,6.480362e-004,0.000000e+000,1.098250e-002,0.000000e+000,3,9.491819e-001,1.825000e+000,,,,,,,,,,,,,,,,,,0,5.000000e+000,5.000000e-001,2,1,1.480103e-003,0,1,0,
1473187458.112,,7.000000e+002,5.499871e+001,6.479771e-004,0.000000e+000,1.087315e-002,0.000000e+000,3,9.494351e-001,1.825000e+000,,,,,,,,,,,,,,,,,,0,5.000000e+000,5.000000e-001,2,1,0.000000e+000,0,1,0,
1473187572.339,,1.000000e+003,5.499722e+001,6.588213e-004,0.000000e+000,1.015188e-002,0.000000e+000,3,9.434659e-001,1.825000e+000,,,,,,,,,,,,,,,,,,0,5.000000e+000,5.000000e-001,2,1,0.000000e+000,0,1,0,
1473187585.575,,1.000000e+003,5.499796e+001,6.588349e-004,0.000000e+000,1.022160e-002,0.000000e+000,3,9.434265e-001,1.825000e+000,,,,,,,,,,,,,,,,,,0,5.000000e+000,5.000000e-001,2,1,1.491547e-003,0,1,0,
1473187597.540,,1.000000e+003,5.499871e+001,6.588075e-004,0.000000e+000,1.013664e-002,0.000000e+000,3,9.433472e-001,1.825000e+000,,,,,,,,,,,,,,,,,,0,5.000000e+000,5.000000e-001,2,1,0.000000e+000,0,1,0,
1473187610.005,,1.000000e+003,5.500168e+001,6.588081e-004,0.000000e+000,1.019078e-002,0.000000e+000,3,9.433683e-001,1.825000e+000,,,,,,,,,,,,,,,,,,0,5.000000e+000,5.000000e-001,2,1,2.979279e-003,0,1,0,
1473187731.774,,3.000000e+003,5.500243e+001,6.993248e-004,0.000000e+000,6.932876e-003,0.000000e+000,3,9.334682e-001,1.825000e+000,,,,,,,,,,,,,,,,,,0,5.000000e+000,5.000000e-001,2,1,1.491547e-003,0,1,0,
1473187743.738,,3.000000e+003,5.500541e+001,6.988458e-004,0.000000e+000,8.201468e-003,0.000000e+000,3,9.307282e-001,1.825000e+000,,,,,,,,,,,,,,,,,,0,5.000000e+000,5.000000e-001,2,1,1.480103e-003,0,1,0,
1473187755.452,,3.000000e+003,5.500391e+001,6.995401e-004,0.000000e+000,8.256475e-003,0.000000e+000,3,9.321542e-001,1.825000e+000,,,,,,,,,,,,,,,,,,0,5.000000e+000,5.000000e-001,2,1,4.470825e-003,0,1,0,
1473187767.917,,3.000000e+003,5.500466e+001,6.992202e-004,0.000000e+000,8.662452e-003,0.000000e+000,3,9.317262e-001,1.825000e+000,,,,,,,,,,,,,,,,,,0,5.000000e+000,5.000000e-001,2,1,2.979279e-003,0,1,0,
1473187892.895,,5.000000e+003,5.500243e+001,7.249059e-004,0.000000e+000,7.490281e-003,0.000000e+000,3,9.316388e-001,1.825000e+000,,,,,,,,,,,,,,,,,,0,5.000000e+000,5.000000e-001,2,1,1.638031e-002,0,1,0,
1473187904.859,,5.000000e+003,5.499870e+001,7.240528e-004,0.000000e+000,8.751697e-003,0.000000e+000,3,9.319061e-001,1.825000e+000,,,,,,,,,,,,,,,,,,0,5.000000e+000,5.000000e-001,2,1,8.930206e-003,0,1,0,
1473187918.324,,5.000000e+003,5.499945e+001,7.246458e-004,0.000000e+000,8.277459e-003,0.000000e+000,3,9.318122e-001,1.825000e+000,,,,,,,,,,,,,,,,,,0,5.000000e+000,5.000000e-001,2,1,4.459381e-003,0,1,0,
1473187930.038,,5.000000e+003,5.499870e+001,7.247665e-004,0.000000e+000,7.249673e-003,0.000000e+000,3,9.309676e-001,1.825000e+000,,,,,,,,,,,,,,,,,,0,5.000000e+000,5.000000e-001,2,1,5.947113e-003,0,1,0,
1473188056.282,,7.000000e+003,5.500019e+001,7.441625e-004,0.000000e+000,8.045679e-003,0.000000e+000,3,9.327064e-001,1.825000e+000,,,,,,,,,,,,,,,,,,0,5.000000e+000,5.000000e-001,2,1,0.000000e+000,0,0,0,
1473188068.247,,7.000000e+003,5.500019e+001,7.436821e-004,0.000000e+000,8.241923e-003,0.000000e+000,3,9.318682e-001,1.825000e+000,,,,,,,,,,,,,,,,,,0,5.000000e+000,5.000000e-001,2,1,0.000000e+000,0,0,0,
1473188080.711,,7.000000e+003,5.499945e+001,7.443857e-004,0.000000e+000,7.744764e-003,0.000000e+000,3,9.318814e-001,1.825000e+000,,,,,,,,,,,,,,,,,,0,5.000000e+000,5.000000e-001,2,1,1.480103e-003,0,0,0,
1473188092.675,,7.000000e+003,5.500317e+001,7.439742e-004,0.000000e+000,8.051053e-003,0.000000e+000,3,9.328703e-001,1.825000e+000,,,,,,,,,,,,,,,,,,0,5.000000e+000,5.000000e-001,2,1,0.000000e+000,0,0,0,
1473188218.442,,9.000000e+003,5.499424e+001,7.599946e-004,0.000000e+000,9.014614e-003,0.000000e+000,3,9.331467e-001,1.825000e+000,,,,,,,,,,,,,,,,,,0,5.000000e+000,5.000000e-001,2,1,2.983093e-003,0,0,0,
1473188230.428,,9.000000e+003,5.499648e+001,7.606306e-004,0.000000e+000,8.347662e-003,0.000000e+000,3,9.333439e-001,1.825000e+000,,,,,,,,,,,,,,,,,,0,5.000000e+000,5.000000e-001,2,1,1.487732e-003,0,0,0,
1473188241.939,,9.000000e+003,5.499870e+001,7.602459e-004,0.000000e+000,8.257156e-003,0.000000e+000,3,9.329284e-001,1.825000e+000,,,,,,,,,,,,,,,,,,0,5.000000e+000,5.000000e-001,2,1,2.971649e-003,0,0,0,
1473188253.903,,9.000000e+003,5.499796e+001,7.601291e-004,0.000000e+000,8.471730e-003,0.000000e+000,3,9.328335e-001,1.825000e+000,,,,,,,,,,,,,,,,,,0,5.000000e+000,5.000000e-001,2,1,4.459381e-003,0,0,0,
1473188374.628,,1.000000e+004,5.499648e+001,7.669867e-004,0.000000e+000,8.246905e-003,0.000000e+000,3,9.335910e-001,1.825000e+000,,,,,,,,,,,,,,,,,,0,5.000000e+000,5.000000e-001,2,1,1.638031e-002,0,0,0,
1473188387.093,,1.000000e+004,5.500317e+001,7.675000e-004,0.000000e+000,8.770454e-003,0.000000e+000,3,9.334615e-001,1.825000e+000,,,,,,,,,,,,,,,,,,0,5.000000e+000,5.000000e-001,2,1,5.958557e-003,0,0,0,
1473188401.117,,1.000000e+004,5.499796e+001,7.668673e-004,0.000000e+000,8.089971e-003,0.000000e+000,3,9.338012e-001,1.825000e+000,,,,,,,,,,,,,,,,,,0,5.000000e+000,5.000000e-001,2,1,4.459381e-003,0,0,0,
1473188413.831,,1.000000e+004,5.499722e+001,7.668076e-004,0.000000e+000,8.368529e-003,0.000000e+000,3,9.336440e-001,1.825000e+000,,,,,,,,,,,,,,,,,,0,5.000000e+000,5.000000e-001,2,1,2.979279e-003,0,0,0,
1473188575.750,,2.000000e+004,5.500094e+001,8.163571e-004,0.000000e+000,9.410935e-003,0.000000e+000,3,9.352128e-001,1.825000e+000,,,,,,,,,,,,,,,,,,0,5.000000e+000,5.000000e-001,2,1,4.459381e-003,0,0,0,
1473188588.573,,2.000000e+004,5.499871e+001,8.189708e-004,0.000000e+000,9.705630e-003,0.000000e+000,3,9.364507e-001,1.825000e+000,,,,,,,,,,,,,,,,,,0,5.000000e+000,5.000000e-001,2,1,0.000000e+000,0,0,0,
1473188601.787,,2.000000e+004,5.499796e+001,8.186196e-004,0.000000e+000,9.707890e-003,0.000000e+000,3,9.364544e-001,1.825000e+000,,,,,,,,,,,,,,,,,,0,5.000000e+000,5.000000e-001,2,1,1.491547e-003,0,0,0,
1473188614.751,,2.000000e+004,5.500168e+001,8.186717e-004,0.000000e+000,9.615250e-003,0.000000e+000,3,9.363754e-001,1.825000e+000,,,,,,,,,,,,,,,,,,0,5.000000e+000,5.000000e-001,2,1,2.979279e-003,0,0,0,
1473188776.734,,3.000000e+004,5.499201e+001,8.521046e-004,0.000000e+000,1.073136e-002,0.000000e+000,3,9.378774e-001,1.825000e+000,,,,,,,,,,,,,,,,,,0,5.000000e+000,5.000000e-001,2,1,1.340103e-002,0,0,0,
1473188789.699,,3.000000e+004,5.500019e+001,8.521731e-004,0.000000e+000,1.077284e-002,0.000000e+000,3,9.379326e-001,1.825000e+000,,,,,,,,,,,,,,,,,,0,5.000000e+000,5.000000e-001,2,1,2.967834e-003,0,0,0,
1473188802.668,,3.000000e+004,5.499871e+001,8.520901e-004,0.000000e+000,1.083875e-002,0.000000e+000,3,9.379326e-001,1.825000e+000,,,,,,,,,,,,,,,,,,0,5.000000e+000,5.000000e-001,2,1,0.000000e+000,0,0,0,
1473188814.882,,3.000000e+004,5.499796e+001,8.521886e-004,0.000000e+000,1.071620e-002,0.000000e+000,3,9.379213e-001,1.825000e+000,,,,,,,,,,,,,,,,,,0,5.000000e+000,5.000000e-001,2,1,1.491547e-003,0,0,0,
1473188970.673,,4.000000e+004,5.500168e+001,8.764232e-004,0.000000e+000,1.196917e-002,0.000000e+000,3,9.392613e-001,1.825000e+000,,,,,,,,,,,,,,,,,,0,5.000000e+000,5.000000e-001,2,1,0.000000e+000,0,1,0,
1473188982.637,,4.000000e+004,5.500019e+001,8.763315e-004,0.000000e+000,1.225071e-002,0.000000e+000,3,9.389086e-001,1.825000e+000,,,,,,,,,,,,,,,,,,0,5.000000e+000,5.000000e-001,2,1,2.967834e-003,0,1,0,
1473188995.101,,4.000000e+004,5.499945e+001,8.764467e-004,0.000000e+000,1.200609e-002,0.000000e+000,3,9.380577e-001,1.825000e+000,,,,,,,,,,,,,,,,,,0,5.000000e+000,5.000000e-001,2,1,1.480103e-003,0,1,0,
1473189005.818,,4.000000e+004,5.500093e+001,8.768219e-004,0.000000e+000,1.170832e-002,0.000000e+000,3,9.388787e-001,1.825000e+000,,,,,,,,,,,,,,,,,,0,5.000000e+000,5.000000e-001,2,1,1.487732e-003,0,1,0,
1473189180.309,,5.000000e+004,5.500466e+001,8.945919e-004,0.000000e+000,1.251791e-002,0.000000e+000,3,9.393088e-001,1.825000e+000,,,,,,,,,,,,,,,,,,0,5.000000e+000,5.000000e-001,2,1,2.979279e-003,0,1,0,
1473189193.048,,5.000000e+004,5.499648e+001,8.953922e-004,0.000000e+000,1.265593e-002,0.000000e+000,3,9.395868e-001,1.825000e+000,,,,,,,,,,,,,,,,,,0,5.000000e+000,5.000000e-001,2,1,2.233124e-002,0,1,0,
1473189204.012,,5.000000e+004,5.500764e+001,8.943902e-004,0.000000e+000,1.289046e-002,0.000000e+000,3,9.382834e-001,1.825000e+000,,,,,,,,,,,,,,,,,,0,5.000000e+000,5.000000e-001,2,1,0.000000e+000,0,1,0,
1473189215.226,,5.000000e+004,5.500541e+001,8.952778e-004,0.000000e+000,1.278775e-002,0.000000e+000,3,9.396440e-001,1.825000e+000,,,,,,,,,,,,,,,,,,0,5.000000e+000,5.000000e-001,2,1,4.470825e-003,0,1,0,
1473189385.460,,6.000000e+004,5.500391e+001,9.101574e-004,0.000000e+000,1.458646e-002,0.000000e+000,3,9.349827e-001,1.825000e+000,,,,,,,,,,,,,,,,,,0,5.000000e+000,5.000000e-001,2,1,4.470825e-003,0,1,0,
1473189397.622,,6.000000e+004,5.499945e+001,9.097968e-004,0.000000e+000,1.316398e-002,0.000000e+000,3,9.391152e-001,1.825000e+000,,,,,,,,,,,,,,,,,,0,5.000000e+000,5.000000e-001,2,1,4.459381e-003,0,1,0,
1473189409.694,,6.000000e+004,5.500093e+001,9.096497e-004,0.000000e+000,1.635194e-002,0.000000e+000,3,9.345075e-001,1.825000e+000,,,,,,,,,,,,,,,,,,0,5.000000e+000,5.000000e-001,2,1,1.487732e-003,0,1,0,
1473189420.658,,6.000000e+004,5.499945e+001,9.042454e-004,0.000000e+000,1.439733e-002,0.000000e+000,3,9.409572e-001,1.825000e+000,,,,,,,,,,,,,,,,,,0,5.000000e+000,5.000000e-001,2,1,1.480103e-003,0,1,0,
1473189592.186,,7.000000e+004,5.499424e+001,9.272725e-004,0.000000e+000,1.303031e-002,0.000000e+000,3,9.378686e-001,1.825000e+000,,,,,,,,,,,,,,,,,,0,5.000000e+000,5.000000e-001,2,1,5.958557e-003,0,1,0,
1473189605.153,,7.000000e+004,5.500019e+001,9.229828e-004,0.000000e+000,1.412131e-002,0.000000e+000,3,9.368904e-001,1.825000e+000,,,,,,,,,,,,,,,,,,0,5.000000e+000,5.000000e-001,2,1,0.000000e+000,0,1,0,
1473189617.118,,7.000000e+004,5.499945e+001,9.205253e-004,0.000000e+000,1.611682e-002,0.000000e+000,3,9.382409e-001,1.825000e+000,,,,,,,,,,,,,,,,,,0,5.000000e+000,5.000000e-001,2,1,1.480103e-003,0,1,0,
1473189629.332,,7.000000e+004,5.499945e+001,9.156025e-004,0.000000e+000,1.066886e-002,0.000000e+000,3,9.386986e-001,1.825000e+000,,,,,,,,,,,,,,,,,,0,5.000000e+000,5.000000e-001,2,1,1.480103e-003,0,1,0,
