[Header]
TITLE,MPMS RSO Measurement
BYAPP,MPMS Measurement,1.1,Summary
FILEOPENTIME, 1432776391.982000 5/28/2015, 1:26:31 PM

INFO, APPNAME, MPMS MultiVu Application, Revision 1.61,  Build 082

INFO, NAME, A269
INFO, WEIGHT, 22.300
INFO, AREA, 1.000
INFO, LENGTH, 1.000
INFO, SHAPE, 1
INFO, COMMENT, m = 0.0223g
INFO, SEQUENCE FILE: FC_300K-5K.seq


INFO, BACKGROUND DATA FILE:, None


STARTUPAXIS,X,4,LINEAR,AUTO,0.000000,0.000000
STARTUPAXIS,Y1,5,LINEAR,AUTO,0.000000,0.000000


STARTUPGROUP,Longitudinal
FIELDGROUP,Longitudinal,1,2,3,4,5,6,7,8,9,10,11,19,20,21,22,23,35
FIELDGROUP,Transverse,1,2,3,4,12,13,14,15,16,17,18,24,25,26,27,28,35

PLOT_APPEARANCE,ALL,HORZ_GRID_ON,VERT_GRID_ON,MARKERS_AND_LINES

[Data]
Time,Comment,Field (Oe),Temperature (K),Long Moment (emu),Long Scan Std Dev,Long Offset (cm),Long Offset Std Dev,Long Algorithm,Long Reg Fit,Long Reg Factor,Trans Moment (emu),Trans Scan Std Dev,Trans Offset (cm),Trans Offset Std Dev,Trans Algorithm,Trans Reg Fit,Trans Reg Factor,Long Moment [w/o ABS] (emu),Long Scan Std Dev [w/o ABS],Long Offset [w/o ABS] (cm),Long Offset Std Dev [w/o ABS],Long Reg Fit [w/o ABS],Trans Moment [w/o ABS] (emu),Trans Scan Std Dev [w/o ABS],Trans Offset [w/o ABS] (cm),Trans Offset Std Dev [w/o ABS],Trans Reg Fit [w/o ABS],RSO Position (deg),Amplitude (cm),Frequency,Cycles to Average,Scans per Measurement,Delta Temp (K),Error,EC Comp. Running,Using ABS,
1432776391.979,,2.500000e+002,2.999995e+002,1.481564e-006,0.000000e+000,3.739877e-001,0.000000e+000,3,4.684491e-001,1.825000e+000,,,,,,,,,,,,,,,,,,0,5.000000e+000,5.000000e-001,2,1,1.031494e-002,0,0,0,
1432776402.194,,2.500000e+002,2.999893e+002,1.488904e-006,0.000000e+000,4.355659e-001,0.000000e+000,3,4.847941e-001,1.825000e+000,,,,,,,,,,,,,,,,,,0,5.000000e+000,5.000000e-001,2,1,1.019287e-002,0,0,0,
1432776520.456,,2.500000e+002,2.976877e+002,1.516053e-006,0.000000e+000,3.878365e-001,0.000000e+000,3,4.800152e-001,1.825000e+000,,,,,,,,,,,,,,,,,,0,5.000000e+000,5.000000e-001,2,1,4.837036e-001,0,0,0,
1432776532.420,,2.500000e+002,2.970646e+002,1.487727e-006,0.000000e+000,4.269757e-001,0.000000e+000,3,4.775021e-001,1.825000e+000,,,,,,,,,,,,,,,,,,0,5.000000e+000,5.000000e-001,2,1,6.820068e-001,0,1,0,
1432776554.886,,2.500000e+002,2.954001e+002,1.512410e-006,0.000000e+000,4.386821e-001,0.000000e+000,3,4.622875e-001,1.825000e+000,,,,,,,,,,,,,,,,,,0,5.000000e+000,5.000000e-001,2,1,9.710999e-001,0,1,0,
1432776565.873,,2.500000e+002,2.941821e+002,1.516034e-006,0.000000e+000,4.269626e-001,0.000000e+000,3,4.616692e-001,1.825000e+000,,,,,,,,,,,,,,,,,,0,5.000000e+000,5.000000e-001,2,1,1.129395e+000,0,1,0,
1432776578.787,,2.500000e+002,2.927026e+002,1.522465e-006,0.000000e+000,4.345945e-001,0.000000e+000,3,4.744422e-001,1.825000e+000,,,,,,,,,,,,,,,,,,0,5.000000e+000,5.000000e-001,2,1,1.184906e+000,0,1,0,
1432776589.131,,2.500000e+002,2.912443e+002,1.505218e-006,0.000000e+000,4.640111e-001,0.000000e+000,3,4.747450e-001,1.825000e+000,,,,,,,,,,,,,,,,,,0,5.000000e+000,5.000000e-001,2,1,1.306610e+000,0,1,0,
1432776601.535,,2.500000e+002,2.895696e+002,1.482699e-006,0.000000e+000,4.708681e-001,0.000000e+000,3,4.550097e-001,1.825000e+000,,,,,,,,,,,,,,,,,,0,5.000000e+000,5.000000e-001,2,1,1.584290e+000,0,1,0,
1432776612.161,,2.500000e+002,2.877605e+002,1.475251e-006,0.000000e+000,4.918647e-001,0.000000e+000,3,4.533606e-001,1.825000e+000,,,,,,,,,,,,,,,,,,0,5.000000e+000,5.000000e-001,2,1,1.506409e+000,0,1,0,
1432776625.079,,2.500000e+002,2.857599e+002,1.508365e-006,0.000000e+000,5.030591e-001,0.000000e+000,3,4.484692e-001,1.825000e+000,,,,,,,,,,,,,,,,,,0,5.000000e+000,5.000000e-001,2,1,1.621704e+000,0,1,0,
1432776636.901,,2.500000e+002,2.836127e+002,1.497669e-006,0.000000e+000,4.917687e-001,0.000000e+000,3,4.381175e-001,1.825000e+000,,,,,,,,,,,,,,,,,,0,5.000000e+000,5.000000e-001,2,1,1.721985e+000,0,1,0,
1432776649.169,,2.500000e+002,2.814702e+002,1.516764e-006,0.000000e+000,5.137158e-001,0.000000e+000,3,4.486506e-001,1.825000e+000,,,,,,,,,,,,,,,,,,0,5.000000e+000,5.000000e-001,2,1,1.987488e+000,0,1,0,
1432776661.384,,2.500000e+002,2.790423e+002,1.491955e-006,0.000000e+000,5.562494e-001,0.000000e+000,3,4.493534e-001,1.825000e+000,,,,,,,,,,,,,,,,,,0,5.000000e+000,5.000000e-001,2,1,1.879822e+000,0,1,0,
1432776674.600,,2.500000e+002,2.766862e+002,1.527074e-006,0.000000e+000,5.522259e-001,0.000000e+000,3,4.605608e-001,1.825000e+000,,,,,,,,,,,,,,,,,,0,5.000000e+000,5.000000e-001,2,1,1.827698e+000,0,1,0,
1432776686.120,,2.500000e+002,2.741263e+002,1.521672e-006,0.000000e+000,5.520372e-001,0.000000e+000,3,4.506827e-001,1.825000e+000,,,,,,,,,,,,,,,,,,0,5.000000e+000,5.000000e-001,2,1,2.000580e+000,0,1,0,
1432776698.336,,2.500000e+002,2.716971e+002,1.510499e-006,0.000000e+000,6.062621e-001,0.000000e+000,3,4.374492e-001,1.825000e+000,,,,,,,,,,,,,,,,,,0,5.000000e+000,5.000000e-001,2,1,2.225098e+000,0,1,0,
1432776710.051,,2.500000e+002,2.692167e+002,1.510533e-006,0.000000e+000,6.140878e-001,0.000000e+000,3,4.319290e-001,1.825000e+000,,,,,,,,,,,,,,,,,,0,5.000000e+000,5.000000e-001,2,1,2.067017e+000,0,1,0,
1432776722.767,,2.500000e+002,2.667206e+002,1.556914e-006,0.000000e+000,6.404617e-001,0.000000e+000,3,4.361841e-001,1.825000e+000,,,,,,,,,,,,,,,,,,0,5.000000e+000,5.000000e-001,2,1,2.269623e+000,0,1,0,
1432776734.484,,2.500000e+002,2.640338e+002,1.531794e-006,0.000000e+000,6.435619e-001,0.000000e+000,3,4.453941e-001,1.825000e+000,,,,,,,,,,,,,,,,,,0,5.000000e+000,5.000000e-001,2,1,1.947601e+000,0,1,0,
1432776746.700,,2.500000e+002,2.616397e+002,1.591892e-006,0.000000e+000,6.408493e-001,0.000000e+000,3,4.438405e-001,1.825000e+000,,,,,,,,,,,,,,,,,,0,5.000000e+000,5.000000e-001,2,1,2.106415e+000,0,1,0,
1432776758.444,,2.500000e+002,2.589659e+002,1.550135e-006,0.000000e+000,6.845318e-001,0.000000e+000,3,4.427256e-001,1.825000e+000,,,,,,,,,,,,,,,,,,0,5.000000e+000,5.000000e-001,2,1,2.086121e+000,0,1,0,
1432776770.908,,2.500000e+002,2.564882e+002,1.622469e-006,0.000000e+000,6.875391e-001,0.000000e+000,3,4.546943e-001,1.825000e+000,,,,,,,,,,,,,,,,,,0,5.000000e+000,5.000000e-001,2,1,2.133911e+000,0,1,0,
1432776782.668,,2.500000e+002,2.538105e+002,1.629627e-006,0.000000e+000,7.252969e-001,0.000000e+000,3,4.550133e-001,1.825000e+000,,,,,,,,,,,,,,,,,,0,5.000000e+000,5.000000e-001,2,1,2.097000e+000,0,1,0,
1432776795.134,,2.500000e+002,2.513177e+002,1.625325e-006,0.000000e+000,7.416807e-001,0.000000e+000,3,4.522965e-001,1.825000e+000,,,,,,,,,,,,,,,,,,0,5.000000e+000,5.000000e-001,2,1,2.153992e+000,0,1,0,
1432776806.599,,2.500000e+002,2.487043e+002,1.640019e-006,0.000000e+000,7.449372e-001,0.000000e+000,3,4.575596e-001,1.825000e+000,,,,,,,,,,,,,,,,,,0,5.000000e+000,5.000000e-001,2,1,2.006897e+000,0,1,0,
1432776819.313,,2.500000e+002,2.461927e+002,1.658463e-006,0.000000e+000,7.621207e-001,0.000000e+000,3,4.653256e-001,1.825000e+000,,,,,,,,,,,,,,,,,,0,5.000000e+000,5.000000e-001,2,1,2.121201e+000,0,1,0,
1432776831.709,,2.500000e+002,2.435659e+002,1.693986e-006,0.000000e+000,7.979165e-001,0.000000e+000,3,4.608562e-001,1.825000e+000,,,,,,,,,,,,,,,,,,0,5.000000e+000,5.000000e-001,2,1,2.043503e+000,0,1,0,
1432776844.032,,2.500000e+002,2.412341e+002,1.703709e-006,0.000000e+000,8.020166e-001,0.000000e+000,3,4.655636e-001,1.825000e+000,,,,,,,,,,,,,,,,,,0,5.000000e+000,5.000000e-001,2,1,2.320404e+000,0,1,0,
1432776855.997,,2.500000e+002,2.387231e+002,1.752787e-006,0.000000e+000,7.976372e-001,0.000000e+000,3,4.765892e-001,1.825000e+000,,,,,,,,,,,,,,,,,,0,5.000000e+000,5.000000e-001,2,1,2.089508e+000,0,1,0,
1432776868.462,,2.500000e+002,2.361685e+002,1.761858e-006,0.000000e+000,8.191331e-001,0.000000e+000,3,4.923224e-001,1.825000e+000,,,,,,,,,,,,,,,,,,0,5.000000e+000,5.000000e-001,2,1,2.032806e+000,0,1,0,
1432776880.427,,2.500000e+002,2.338257e+002,1.762533e-006,0.000000e+000,8.345346e-001,0.000000e+000,3,4.870670e-001,1.825000e+000,,,,,,,,,,,,,,,,,,0,5.000000e+000,5.000000e-001,2,1,2.016495e+000,0,1,0,
1432776892.692,,2.500000e+002,2.314934e+002,1.838590e-006,0.000000e+000,8.457713e-001,0.000000e+000,3,4.986957e-001,1.825000e+000,,,,,,,,,,,,,,,,,,0,5.000000e+000,5.000000e-001,2,1,2.036301e+000,0,1,0,
1432776904.349,,2.500000e+002,2.292358e+002,1.810741e-006,0.000000e+000,8.572849e-001,0.000000e+000,3,5.079665e-001,1.825000e+000,,,,,,,,,,,,,,,,,,0,5.000000e+000,5.000000e-001,2,1,1.949799e+000,0,1,0,
1432776917.170,,2.500000e+002,2.269997e+002,1.848361e-006,0.000000e+000,8.683641e-001,0.000000e+000,3,5.091783e-001,1.825000e+000,,,,,,,,,,,,,,,,,,0,5.000000e+000,5.000000e-001,2,1,1.900192e+000,0,1,0,
1432776928.886,,2.500000e+002,2.246418e+002,1.896192e-006,0.000000e+000,8.654408e-001,0.000000e+000,3,5.129369e-001,1.825000e+000,,,,,,,,,,,,,,,,,,0,5.000000e+000,5.000000e-001,2,1,1.743103e+000,0,1,0,
1432776941.377,,2.500000e+002,2.226212e+002,1.885288e-006,0.000000e+000,8.800037e-001,0.000000e+000,3,5.241642e-001,1.825000e+000,,,,,,,,,,,,,,,,,,0,5.000000e+000,5.000000e-001,2,1,1.744507e+000,0,1,0,
1432776953.092,,2.500000e+002,2.203396e+002,1.938889e-006,0.000000e+000,8.948199e-001,0.000000e+000,3,5.286580e-001,1.825000e+000,,,,,,,,,,,,,,,,,,0,5.000000e+000,5.000000e-001,2,1,1.982391e+000,0,1,0,
1432776964.059,,2.500000e+002,2.183855e+002,1.972837e-006,0.000000e+000,8.966022e-001,0.000000e+000,3,5.340950e-001,1.825000e+000,,,,,,,,,,,,,,,,,,0,5.000000e+000,5.000000e-001,2,1,1.925903e+000,0,1,0,
1432776975.524,,2.500000e+002,2.165526e+002,2.014813e-006,0.000000e+000,9.035585e-001,0.000000e+000,3,5.432377e-001,1.825000e+000,,,,,,,,,,,,,,,,,,0,5.000000e+000,5.000000e-001,2,1,1.457504e+000,0,1,0,
1432776987.796,,2.500000e+002,2.141783e+002,2.041288e-006,0.000000e+000,9.124202e-001,0.000000e+000,3,5.414109e-001,1.825000e+000,,,,,,,,,,,,,,,,,,0,5.000000e+000,5.000000e-001,2,1,1.618103e+000,0,1,0,
1432777000.459,,2.500000e+002,2.121115e+002,2.040883e-006,0.000000e+000,9.179990e-001,0.000000e+000,3,5.519932e-001,1.825000e+000,,,,,,,,,,,,,,,,,,0,5.000000e+000,5.000000e-001,2,1,1.601486e+000,0,1,0,
1432777012.572,,2.500000e+002,2.100435e+002,2.103983e-006,0.000000e+000,9.280994e-001,0.000000e+000,3,5.601629e-001,1.825000e+000,,,,,,,,,,,,,,,,,,0,5.000000e+000,5.000000e-001,2,1,1.657700e+000,0,1,0,
1432777024.821,,2.500000e+002,2.080682e+002,2.100802e-006,0.000000e+000,9.286025e-001,0.000000e+000,3,5.543352e-001,1.825000e+000,,,,,,,,,,,,,,,,,,0,5.000000e+000,5.000000e-001,2,1,1.587997e+000,0,1,0,
1432777036.035,,2.500000e+002,2.062491e+002,2.135271e-006,0.000000e+000,9.261551e-001,0.000000e+000,3,5.656236e-001,1.825000e+000,,,,,,,,,,,,,,,,,,0,5.000000e+000,5.000000e-001,2,1,1.623413e+000,0,1,0,
1432777047.809,,2.500000e+002,2.043297e+002,2.204270e-006,0.000000e+000,9.370329e-001,0.000000e+000,3,5.689111e-001,1.825000e+000,,,,,,,,,,,,,,,,,,0,5.000000e+000,5.000000e-001,2,1,1.507889e+000,0,1,0,
1432777060.774,,2.500000e+002,2.023660e+002,2.262522e-006,0.000000e+000,9.549819e-001,0.000000e+000,3,5.790797e-001,1.825000e+000,,,,,,,,,,,,,,,,,,0,5.000000e+000,5.000000e-001,2,1,1.542603e+000,0,1,0,
1432777071.765,,2.500000e+002,2.006101e+002,2.255270e-006,0.000000e+000,9.587572e-001,0.000000e+000,3,5.802258e-001,1.825000e+000,,,,,,,,,,,,,,,,,,0,5.000000e+000,5.000000e-001,2,1,1.529495e+000,0,1,0,
1432777083.731,,2.500000e+002,1.987204e+002,2.296265e-006,0.000000e+000,9.635029e-001,0.000000e+000,3,5.860529e-001,1.825000e+000,,,,,,,,,,,,,,,,,,0,5.000000e+000,5.000000e-001,2,1,1.448608e+000,0,1,0,
1432777094.195,,2.500000e+002,1.971579e+002,2.287980e-006,0.000000e+000,9.611513e-001,0.000000e+000,3,5.887515e-001,1.825000e+000,,,,,,,,,,,,,,,,,,0,5.000000e+000,5.000000e-001,2,1,1.494690e+000,0,1,0,
1432777106.160,,2.500000e+002,1.952919e+002,2.353426e-006,0.000000e+000,9.803732e-001,0.000000e+000,3,5.967059e-001,1.825000e+000,,,,,,,,,,,,,,,,,,0,5.000000e+000,5.000000e-001,2,1,1.437195e+000,0,1,0,
1432777116.631,,2.500000e+002,1.937512e+002,2.405551e-006,0.000000e+000,9.775055e-001,0.000000e+000,3,6.021357e-001,1.825000e+000,,,,,,,,,,,,,,,,,,0,5.000000e+000,5.000000e-001,2,1,1.468704e+000,0,1,0,
1432777128.849,,2.500000e+002,1.921255e+002,2.435365e-006,0.000000e+000,9.809902e-001,0.000000e+000,3,6.023616e-001,1.825000e+000,,,,,,,,,,,,,,,,,,0,5.000000e+000,5.000000e-001,2,1,1.313705e+000,0,1,0,
1432777139.564,,2.500000e+002,1.905831e+002,2.468104e-006,0.000000e+000,9.778788e-001,0.000000e+000,3,6.099298e-001,1.825000e+000,,,,,,,,,,,,,,,,,,0,5.000000e+000,5.000000e-001,2,1,1.196503e+000,0,1,0,
1432777151.528,,2.500000e+002,1.886330e+002,2.488307e-006,0.000000e+000,9.932015e-001,0.000000e+000,3,6.187717e-001,1.825000e+000,,,,,,,,,,,,,,,,,,0,5.000000e+000,5.000000e-001,2,1,1.557800e+000,0,1,0,
1432777162.783,,2.500000e+002,1.869680e+002,2.556985e-006,0.000000e+000,9.917865e-001,0.000000e+000,3,6.265060e-001,1.825000e+000,,,,,,,,,,,,,,,,,,0,5.000000e+000,5.000000e-001,2,1,1.546097e+000,0,1,0,
1432777176.249,,2.500000e+002,1.850858e+002,2.595325e-006,0.000000e+000,1.007574e+000,0.000000e+000,3,6.441449e-001,1.825000e+000,,,,,,,,,,,,,,,,,,0,5.000000e+000,5.000000e-001,2,1,1.606094e+000,0,1,0,
1432777187.464,,2.500000e+002,1.834438e+002,2.618161e-006,0.000000e+000,9.995701e-001,0.000000e+000,3,6.390942e-001,1.825000e+000,,,,,,,,,,,,,,,,,,0,5.000000e+000,5.000000e-001,2,1,1.565292e+000,0,1,0,
1432777199.360,,2.500000e+002,1.817813e+002,2.653275e-006,0.000000e+000,1.005070e+000,0.000000e+000,3,6.424333e-001,1.825000e+000,,,,,,,,,,,,,,,,,,0,5.000000e+000,5.000000e-001,2,1,1.589798e+000,0,1,0,
1432777210.184,,2.500000e+002,1.802383e+002,2.689441e-006,0.000000e+000,1.010150e+000,0.000000e+000,3,6.525431e-001,1.825000e+000,,,,,,,,,,,,,,,,,,0,5.000000e+000,5.000000e-001,2,1,1.358597e+000,0,1,0,
1432777222.400,,2.500000e+002,1.784043e+002,2.760006e-006,0.000000e+000,1.015039e+000,0.000000e+000,3,6.573613e-001,1.825000e+000,,,,,,,,,,,,,,,,,,0,5.000000e+000,5.000000e-001,2,1,1.398499e+000,0,1,0,
1432777233.367,,2.500000e+002,1.769471e+002,7.924590e-007,0.000000e+000,0.000000e+000,0.000000e+000,3,0.000000e+000,1.825000e+000,,,,,,,,,,,,,,,,,,0,5.000000e+000,5.000000e-001,2,1,1.390106e+000,0,1,0,
1432777245.618,,2.500000e+002,1.752362e+002,2.879103e-006,0.000000e+000,1.028137e+000,0.000000e+000,3,6.643171e-001,1.825000e+000,,,,,,,,,,,,,,,,,,0,5.000000e+000,5.000000e-001,2,1,1.550797e+000,0,1,0,
1432777256.833,,2.500000e+002,1.736880e+002,8.185524e-007,0.000000e+000,0.000000e+000,0.000000e+000,3,0.000000e+000,1.825000e+000,,,,,,,,,,,,,,,,,,0,5.000000e+000,5.000000e-001,2,1,1.363693e+000,0,1,0,
1432777269.246,,2.500000e+002,1.718884e+002,7.590897e-007,0.000000e+000,0.000000e+000,0.000000e+000,3,0.000000e+000,1.825000e+000,,,,,,,,,,,,,,,,,,0,5.000000e+000,5.000000e-001,2,1,1.375305e+000,0,1,0,
1432777280.570,,2.500000e+002,1.703777e+002,7.918742e-007,0.000000e+000,0.000000e+000,0.000000e+000,3,0.000000e+000,1.825000e+000,,,,,,,,,,,,,,,,,,0,5.000000e+000,5.000000e-001,2,1,1.496613e+000,0,1,0,
1432777292.570,,2.500000e+002,1.686644e+002,7.693473e-007,0.000000e+000,0.000000e+000,0.000000e+000,3,0.000000e+000,1.825000e+000,,,,,,,,,,,,,,,,,,0,5.000000e+000,5.000000e-001,2,1,1.350494e+000,0,1,0,
1432777303.286,,2.500000e+002,1.674170e+002,7.216204e-007,0.000000e+000,0.000000e+000,0.000000e+000,3,0.000000e+000,1.825000e+000,,,,,,,,,,,,,,,,,,0,5.000000e+000,5.000000e-001,2,1,1.144302e+000,0,1,0,
1432777315.000,,2.500000e+002,1.657159e+002,7.248696e-007,0.000000e+000,0.000000e+000,0.000000e+000,3,0.000000e+000,1.825000e+000,,,,,,,,,,,,,,,,,,0,5.000000e+000,5.000000e-001,2,1,1.487305e+000,0,1,0,
1432777325.716,,2.500000e+002,1.643752e+002,7.356210e-007,0.000000e+000,0.000000e+000,0.000000e+000,3,0.000000e+000,1.825000e+000,,,,,,,,,,,,,,,,,,0,5.000000e+000,5.000000e-001,2,1,1.194000e+000,0,1,0,
1432777337.682,,2.500000e+002,1.626154e+002,7.408882e-007,0.000000e+000,0.000000e+000,0.000000e+000,3,0.000000e+000,1.825000e+000,,,,,,,,,,,,,,,,,,0,5.000000e+000,5.000000e-001,2,1,1.304108e+000,0,1,0,
1432777348.647,,2.500000e+002,1.611882e+002,7.339207e-007,0.000000e+000,0.000000e+000,0.000000e+000,3,0.000000e+000,1.825000e+000,,,,,,,,,,,,,,,,,,0,5.000000e+000,5.000000e-001,2,1,1.334991e+000,0,1,0,
1432777360.611,,2.500000e+002,1.596219e+002,6.979000e-007,0.000000e+000,0.000000e+000,0.000000e+000,3,0.000000e+000,1.825000e+000,,,,,,,,,,,,,,,,,,0,5.000000e+000,5.000000e-001,2,1,1.311493e+000,0,1,0,
1432777371.649,,2.500000e+002,1.582138e+002,6.902707e-007,0.000000e+000,0.000000e+000,0.000000e+000,3,0.000000e+000,1.825000e+000,,,,,,,,,,,,,,,,,,0,5.000000e+000,5.000000e-001,2,1,1.330795e+000,0,1,0,
1432777383.615,,2.500000e+002,1.566625e+002,6.857589e-007,0.000000e+000,0.000000e+000,0.000000e+000,3,0.000000e+000,1.825000e+000,,,,,,,,,,,,,,,,,,0,5.000000e+000,5.000000e-001,2,1,1.286392e+000,0,1,0,
1432777393.830,,2.500000e+002,1.554393e+002,6.387179e-007,0.000000e+000,0.000000e+000,0.000000e+000,3,0.000000e+000,1.825000e+000,,,,,,,,,,,,,,,,,,0,5.000000e+000,5.000000e-001,2,1,1.046295e+000,0,1,0,
1432777406.045,,2.500000e+002,1.537714e+002,6.513584e-007,0.000000e+000,0.000000e+000,0.000000e+000,3,0.000000e+000,1.825000e+000,,,,,,,,,,,,,,,,,,0,5.000000e+000,5.000000e-001,2,1,1.335495e+000,0,1,0,
1432777416.775,,2.500000e+002,1.523746e+002,6.845410e-007,0.000000e+000,0.000000e+000,0.000000e+000,3,0.000000e+000,1.825000e+000,,,,,,,,,,,,,,,,,,0,5.000000e+000,5.000000e-001,2,1,1.322403e+000,0,1,0,
1432777428.740,,2.500000e+002,1.507598e+002,6.036528e-007,0.000000e+000,0.000000e+000,0.000000e+000,3,0.000000e+000,1.825000e+000,,,,,,,,,,,,,,,,,,0,5.000000e+000,5.000000e-001,2,1,1.313004e+000,0,1,0,
1432777439.465,,2.500000e+002,1.493285e+002,5.692789e-007,0.000000e+000,0.000000e+000,0.000000e+000,3,0.000000e+000,1.825000e+000,,,,,,,,,,,,,,,,,,0,5.000000e+000,5.000000e-001,2,1,1.348602e+000,0,1,0,
1432777451.742,,2.500000e+002,1.477065e+002,-1.133263e-006,0.000000e+000,-1.480947e+000,0.000000e+000,3,0.000000e+000,1.825000e+000,,,,,,,,,,,,,,,,,,0,5.000000e+000,5.000000e-001,2,1,1.422607e+000,0,1,0,
1432777462.979,,2.500000e+002,1.460171e+002,-1.119105e-006,0.000000e+000,-1.474931e+000,0.000000e+000,3,0.000000e+000,1.825000e+000,,,,,,,,,,,,,,,,,,0,5.000000e+000,5.000000e-001,2,1,1.262604e+000,0,1,0,
1432777474.945,,2.500000e+002,1.444106e+002,-1.163866e-006,0.000000e+000,-1.474699e+000,0.000000e+000,3,0.000000e+000,1.825000e+000,,,,,,,,,,,,,,,,,,0,5.000000e+000,5.000000e-001,2,1,1.440903e+000,0,1,0,
1432777486.465,,2.500000e+002,1.428313e+002,-1.179799e-006,0.000000e+000,-1.467889e+000,0.000000e+000,3,0.000000e+000,1.825000e+000,,,,,,,,,,,,,,,,,,0,5.000000e+000,5.000000e-001,2,1,1.505600e+000,0,1,0,
1432777498.680,,2.500000e+002,1.410177e+002,-6.525916e-007,0.000000e+000,-2.301703e+000,0.000000e+000,3,0.000000e+000,1.825000e+000,,,,,,,,,,,,,,,,,,0,5.000000e+000,5.000000e-001,2,1,1.399902e+000,0,1,0,
1432777508.894,,2.500000e+002,1.394585e+002,-1.178118e-006,0.000000e+000,-1.471031e+000,0.000000e+000,3,0.000000e+000,1.825000e+000,,,,,,,,,,,,,,,,,,0,5.000000e+000,5.000000e-001,2,1,1.515503e+000,0,1,0,
1432777520.858,,2.500000e+002,1.377001e+002,4.497439e-007,0.000000e+000,0.000000e+000,0.000000e+000,3,0.000000e+000,1.825000e+000,,,,,,,,,,,,,,,,,,0,5.000000e+000,5.000000e-001,2,1,1.190308e+000,0,1,0,
1432777531.365,,2.500000e+002,1.360063e+002,-1.231597e-006,0.000000e+000,-1.311688e+000,0.000000e+000,3,0.000000e+000,1.825000e+000,,,,,,,,,,,,,,,,,,0,5.000000e+000,5.000000e-001,2,1,1.563889e+000,0,1,0,
1432777543.080,,2.500000e+002,1.341934e+002,4.595436e-006,0.000000e+000,1.095058e+000,0.000000e+000,3,7.887891e-001,1.825000e+000,,,,,,,,,,,,,,,,,,0,5.000000e+000,5.000000e-001,2,1,1.460602e+000,0,1,0,
1432777553.547,,2.500000e+002,1.325708e+002,3.305001e-007,0.000000e+000,0.000000e+000,0.000000e+000,3,0.000000e+000,1.825000e+000,,,,,,,,,,,,,,,,,,0,5.000000e+000,5.000000e-001,2,1,1.599304e+000,0,1,0,
1432777565.261,,2.500000e+002,1.306936e+002,4.845735e-006,0.000000e+000,1.110389e+000,0.000000e+000,3,8.055481e-001,1.825000e+000,,,,,,,,,,,,,,,,,,0,5.000000e+000,5.000000e-001,2,1,1.519196e+000,0,1,0,
1432777575.725,,2.500000e+002,1.290826e+002,4.942754e-006,0.000000e+000,1.111953e+000,0.000000e+000,3,8.071832e-001,1.825000e+000,,,,,,,,,,,,,,,,,,0,5.000000e+000,5.000000e-001,2,1,1.549500e+000,0,1,0,
1432777587.440,,2.500000e+002,1.271089e+002,5.078135e-006,0.000000e+000,1.114629e+000,0.000000e+000,3,8.158159e-001,1.825000e+000,,,,,,,,,,,,,,,,,,0,5.000000e+000,5.000000e-001,2,1,1.561203e+000,0,1,0,
1432777597.655,,2.500000e+002,1.254382e+002,5.234429e-006,0.000000e+000,1.111590e+000,0.000000e+000,3,8.180116e-001,1.825000e+000,,,,,,,,,,,,,,,,,,0,5.000000e+000,5.000000e-001,2,1,1.569298e+000,0,1,0,
1432777609.869,,2.500000e+002,1.235082e+002,5.394904e-006,0.000000e+000,1.113357e+000,0.000000e+000,3,8.208205e-001,1.825000e+000,,,,,,,,,,,,,,,,,,0,5.000000e+000,5.000000e-001,2,1,1.724396e+000,0,1,0,
1432777620.606,,2.500000e+002,1.216648e+002,1.030063e-007,0.000000e+000,0.000000e+000,0.000000e+000,3,0.000000e+000,1.825000e+000,,,,,,,,,,,,,,,,,,0,5.000000e+000,5.000000e-001,2,1,1.708199e+000,0,1,0,
1432777632.572,,2.500000e+002,1.196946e+002,5.714536e-006,0.000000e+000,1.128191e+000,0.000000e+000,3,8.290610e-001,1.825000e+000,,,,,,,,,,,,,,,,,,0,5.000000e+000,5.000000e-001,2,1,1.533401e+000,0,1,0,
1432777644.536,,2.500000e+002,1.177891e+002,6.518988e-008,0.000000e+000,0.000000e+000,0.000000e+000,3,0.000000e+000,1.825000e+000,,,,,,,,,,,,,,,,,,0,5.000000e+000,5.000000e-001,2,1,1.625801e+000,0,1,0,
1432777655.500,,2.500000e+002,1.160191e+002,-1.628076e-008,0.000000e+000,0.000000e+000,0.000000e+000,3,0.000000e+000,1.825000e+000,,,,,,,,,,,,,,,,,,0,5.000000e+000,5.000000e-001,2,1,1.720207e+000,0,1,0,
1432777667.715,,2.500000e+002,1.139541e+002,-4.124176e-008,0.000000e+000,0.000000e+000,0.000000e+000,3,0.000000e+000,1.825000e+000,,,,,,,,,,,,,,,,,,0,5.000000e+000,5.000000e-001,2,1,1.815697e+000,0,1,0,
1432777679.644,,2.500000e+002,1.116302e+002,-1.254622e-007,0.000000e+000,0.000000e+000,0.000000e+000,3,0.000000e+000,1.825000e+000,,,,,,,,,,,,,,,,,,0,5.000000e+000,5.000000e-001,2,1,1.665901e+000,0,1,0,
1432777691.466,,2.500000e+002,1.092359e+002,-2.224681e-007,0.000000e+000,0.000000e+000,0.000000e+000,3,0.000000e+000,1.825000e+000,,,,,,,,,,,,,,,,,,0,5.000000e+000,5.000000e-001,2,1,1.894096e+000,0,1,0,
1432777704.181,,2.500000e+002,1.067935e+002,-3.146739e-007,0.000000e+000,0.000000e+000,0.000000e+000,3,0.000000e+000,1.825000e+000,,,,,,,,,,,,,,,,,,0,5.000000e+000,5.000000e-001,2,1,1.723099e+000,0,1,0,
1432777715.909,,2.500000e+002,1.046982e+002,-3.320936e-007,0.000000e+000,0.000000e+000,0.000000e+000,3,0.000000e+000,1.825000e+000,,,,,,,,,,,,,,,,,,0,5.000000e+000,5.000000e-001,2,1,1.842400e+000,0,1,0,
1432777727.873,,2.500000e+002,1.026050e+002,-4.198333e-007,0.000000e+000,0.000000e+000,0.000000e+000,3,0.000000e+000,1.825000e+000,,,,,,,,,,,,,,,,,,0,5.000000e+000,5.000000e-001,2,1,1.712807e+000,0,1,0,
1432777738.088,,2.500000e+002,1.009228e+002,-5.159127e-007,0.000000e+000,0.000000e+000,0.000000e+000,3,0.000000e+000,1.825000e+000,,,,,,,,,,,,,,,,,,0,5.000000e+000,5.000000e-001,2,1,1.440399e+000,0,1,0,
1432778207.465,,2.500000e+002,1.000034e+002,-4.419177e-007,0.000000e+000,0.000000e+000,0.000000e+000,3,0.000000e+000,1.825000e+000,,,,,,,,,,,,,,,,,,0,5.000000e+000,5.000000e-001,2,1,3.952789e-002,0,1,0,
1432778217.929,,2.500000e+002,1.000011e+002,-4.259729e-007,0.000000e+000,0.000000e+000,0.000000e+000,3,0.000000e+000,1.825000e+000,,,,,,,,,,,,,,,,,,0,5.000000e+000,5.000000e-001,2,1,2.096558e-002,0,1,0,
1432778228.393,,2.500000e+002,1.000022e+002,-4.417819e-007,0.000000e+000,0.000000e+000,0.000000e+000,3,0.000000e+000,1.825000e+000,,,,,,,,,,,,,,,,,,0,5.000000e+000,5.000000e-001,2,1,9.300232e-003,0,1,0,
1432778239.107,,2.500000e+002,9.999762e+001,-4.348430e-007,0.000000e+000,0.000000e+000,0.000000e+000,3,0.000000e+000,1.825000e+000,,,,,,,,,,,,,,,,,,0,5.000000e+000,5.000000e-001,2,1,1.396942e-002,0,1,0,
1432778249.571,,2.500000e+002,9.998946e+001,-4.463133e-007,0.000000e+000,0.000000e+000,0.000000e+000,3,0.000000e+000,1.825000e+000,,,,,,,,,,,,,,,,,,0,5.000000e+000,5.000000e-001,2,1,2.334595e-003,0,1,0,
1432778260.093,,2.500000e+002,1.000069e+002,-4.355013e-007,0.000000e+000,0.000000e+000,0.000000e+000,3,0.000000e+000,1.825000e+000,,,,,,,,,,,,,,,,,,0,5.000000e+000,5.000000e-001,2,1,3.720093e-002,0,1,0,
1432778270.558,,2.500000e+002,1.000266e+002,-4.469923e-007,0.000000e+000,0.000000e+000,0.000000e+000,3,0.000000e+000,1.825000e+000,,,,,,,,,,,,,,,,,,0,5.000000e+000,5.000000e-001,2,1,2.304077e-003,0,1,0,
1432778281.297,,2.500000e+002,1.000266e+002,-4.537233e-007,0.000000e+000,0.000000e+000,0.000000e+000,3,0.000000e+000,1.825000e+000,,,,,,,,,,,,,,,,,,0,5.000000e+000,5.000000e-001,2,1,2.304077e-003,0,1,0,
1432778292.012,,2.500000e+002,1.000092e+002,-4.126343e-007,0.000000e+000,0.000000e+000,0.000000e+000,3,0.000000e+000,1.825000e+000,,,,,,,,,,,,,,,,,,0,5.000000e+000,5.000000e-001,2,1,2.790833e-002,0,1,0,
1432778302.477,,2.500000e+002,9.999879e+001,-4.643585e-007,0.000000e+000,0.000000e+000,0.000000e+000,3,0.000000e+000,1.825000e+000,,,,,,,,,,,,,,,,,,0,5.000000e+000,5.000000e-001,2,1,7.003784e-003,0,1,0,
1432778313.693,,2.500000e+002,1.000092e+002,-4.161135e-007,0.000000e+000,0.000000e+000,0.000000e+000,3,0.000000e+000,1.825000e+000,,,,,,,,,,,,,,,,,,0,5.000000e+000,5.000000e-001,2,1,1.390076e-002,0,1,0,
1432778324.408,,2.500000e+002,1.000185e+002,-4.471752e-007,0.000000e+000,0.000000e+000,0.000000e+000,3,0.000000e+000,1.825000e+000,,,,,,,,,,,,,,,,,,0,5.000000e+000,5.000000e-001,2,1,1.390076e-002,0,1,0,
1432778335.123,,2.500000e+002,1.000092e+002,-4.445857e-007,0.000000e+000,0.000000e+000,0.000000e+000,3,0.000000e+000,1.825000e+000,,,,,,,,,,,,,,,,,,0,5.000000e+000,5.000000e-001,2,1,0.000000e+000,0,1,0,
1432778345.589,,2.500000e+002,1.000092e+002,-4.389874e-007,0.000000e+000,0.000000e+000,0.000000e+000,3,0.000000e+000,1.825000e+000,,,,,,,,,,,,,,,,,,0,5.000000e+000,5.000000e-001,2,1,0.000000e+000,0,1,0,
1432778356.053,,2.500000e+002,1.000069e+002,-4.186124e-007,0.000000e+000,0.000000e+000,0.000000e+000,3,0.000000e+000,1.825000e+000,,,,,,,,,,,,,,,,,,0,5.000000e+000,5.000000e-001,2,1,4.600525e-003,0,1,0,
1432778366.767,,2.500000e+002,1.000209e+002,-4.081101e-007,0.000000e+000,0.000000e+000,0.000000e+000,3,0.000000e+000,1.825000e+000,,,,,,,,,,,,,,,,,,0,5.000000e+000,5.000000e-001,2,1,4.699707e-003,0,1,0,
1432778377.231,,2.500000e+002,1.000208e+002,-4.356692e-007,0.000000e+000,0.000000e+000,0.000000e+000,3,0.000000e+000,1.825000e+000,,,,,,,,,,,,,,,,,,0,5.000000e+000,5.000000e-001,2,1,9.300232e-003,0,1,0,
1432778387.696,,2.500000e+002,1.000173e+002,-4.324061e-007,0.000000e+000,0.000000e+000,0.000000e+000,3,0.000000e+000,1.825000e+000,,,,,,,,,,,,,,,,,,0,5.000000e+000,5.000000e-001,2,1,1.629639e-002,0,1,0,
1432778398.114,,2.500000e+002,1.000127e+002,-4.275977e-007,0.000000e+000,0.000000e+000,0.000000e+000,3,0.000000e+000,1.825000e+000,,,,,,,,,,,,,,,,,,0,5.000000e+000,5.000000e-001,2,1,2.304077e-003,0,1,0,
1432778408.637,,2.500000e+002,1.000127e+002,-4.184595e-007,0.000000e+000,0.000000e+000,0.000000e+000,3,0.000000e+000,1.825000e+000,,,,,,,,,,,,,,,,,,0,5.000000e+000,5.000000e-001,2,1,2.304077e-003,0,1,0,
1432778419.459,,2.500000e+002,1.000197e+002,-4.393535e-007,0.000000e+000,0.000000e+000,0.000000e+000,3,0.000000e+000,1.825000e+000,,,,,,,,,,,,,,,,,,0,5.000000e+000,5.000000e-001,2,1,1.159668e-002,0,1,0,
1432778430.175,,2.500000e+002,1.000278e+002,-4.517676e-007,0.000000e+000,0.000000e+000,0.000000e+000,3,0.000000e+000,1.825000e+000,,,,,,,,,,,,,,,,,,0,5.000000e+000,5.000000e-001,2,1,4.699707e-003,0,1,0,
1432778440.839,,2.500000e+002,1.000255e+002,-4.174763e-007,0.000000e+000,0.000000e+000,0.000000e+000,3,0.000000e+000,1.825000e+000,,,,,,,,,,,,,,,,,,0,5.000000e+000,5.000000e-001,2,1,0.000000e+000,0,1,0,
1432778451.610,,2.500000e+002,1.000197e+002,-4.071786e-007,0.000000e+000,0.000000e+000,0.000000e+000,3,0.000000e+000,1.825000e+000,,,,,,,,,,,,,,,,,,0,5.000000e+000,5.000000e-001,2,1,2.395630e-003,0,1,0,
1432778462.182,,2.500000e+002,1.000116e+002,-4.387645e-007,0.000000e+000,0.000000e+000,0.000000e+000,3,0.000000e+000,1.825000e+000,,,,,,,,,,,,,,,,,,0,5.000000e+000,5.000000e-001,2,1,9.300232e-003,0,1,0,
1432778473.077,,2.500000e+002,1.000220e+002,-4.179990e-007,0.000000e+000,0.000000e+000,0.000000e+000,3,0.000000e+000,1.825000e+000,,,,,,,,,,,,,,,,,,0,5.000000e+000,5.000000e-001,2,1,2.304077e-003,0,1,0,
1432778483.344,,2.500000e+002,1.000163e+002,-4.447491e-007,0.000000e+000,0.000000e+000,0.000000e+000,3,0.000000e+000,1.825000e+000,,,,,,,,,,,,,,,,,,0,5.000000e+000,5.000000e-001,2,1,9.300232e-003,0,1,0,
1432778493.861,,2.500000e+002,1.000104e+002,-4.193109e-007,0.000000e+000,0.000000e+000,0.000000e+000,3,0.000000e+000,1.825000e+000,,,,,,,,,,,,,,,,,,0,5.000000e+000,5.000000e-001,2,1,1.620483e-002,0,1,0,
1432778504.433,,2.500000e+002,1.000034e+002,-4.454065e-007,0.000000e+000,0.000000e+000,0.000000e+000,3,0.000000e+000,1.825000e+000,,,,,,,,,,,,,,,,,,0,5.000000e+000,5.000000e-001,2,1,2.304077e-003,0,1,0,
1432778514.841,,2.500000e+002,1.000046e+002,-4.339823e-007,0.000000e+000,0.000000e+000,0.000000e+000,3,0.000000e+000,1.825000e+000,,,,,,,,,,,,,,,,,,0,5.000000e+000,5.000000e-001,2,1,4.600525e-003,0,1,0,
1432778525.592,,2.500000e+002,9.999995e+001,-4.218621e-007,0.000000e+000,0.000000e+000,0.000000e+000,3,0.000000e+000,1.825000e+000,,,,,,,,,,,,,,,,,,0,5.000000e+000,5.000000e-001,2,1,4.699707e-003,0,1,0,
1432778536.354,,2.500000e+002,1.000080e+002,-4.519077e-007,0.000000e+000,0.000000e+000,0.000000e+000,3,0.000000e+000,1.825000e+000,,,,,,,,,,,,,,,,,,0,5.000000e+000,5.000000e-001,2,1,2.090454e-002,0,1,0,
1432778546.865,,2.500000e+002,1.000150e+002,-4.059725e-007,0.000000e+000,0.000000e+000,0.000000e+000,3,0.000000e+000,1.825000e+000,,,,,,,,,,,,,,,,,,0,5.000000e+000,5.000000e-001,2,1,2.296448e-003,0,1,0,
1432778557.876,,2.500000e+002,1.000046e+002,-4.027827e-007,0.000000e+000,0.000000e+000,0.000000e+000,3,0.000000e+000,1.825000e+000,,,,,,,,,,,,,,,,,,0,5.000000e+000,5.000000e-001,2,1,9.277344e-003,0,1,0,
1432778568.385,,2.500000e+002,1.000069e+002,-4.271607e-007,0.000000e+000,0.000000e+000,0.000000e+000,3,0.000000e+000,1.825000e+000,,,,,,,,,,,,,,,,,,0,5.000000e+000,5.000000e-001,2,1,9.300232e-003,0,1,0,
1432778578.788,,2.500000e+002,9.999992e+001,-3.832571e-007,0.000000e+000,0.000000e+000,0.000000e+000,3,0.000000e+000,1.825000e+000,,,,,,,,,,,,,,,,,,0,5.000000e+000,5.000000e-001,2,1,0.000000e+000,0,1,0,
1432778589.705,,2.500000e+002,1.000034e+002,-4.276108e-007,0.000000e+000,0.000000e+000,0.000000e+000,3,0.000000e+000,1.825000e+000,,,,,,,,,,,,,,,,,,0,5.000000e+000,5.000000e-001,2,1,6.973267e-003,0,1,0,
1432778600.087,,2.500000e+002,1.000069e+002,-4.361613e-007,0.000000e+000,0.000000e+000,0.000000e+000,3,0.000000e+000,1.825000e+000,,,,,,,,,,,,,,,,,,0,5.000000e+000,5.000000e-001,2,1,0.000000e+000,0,1,0,
1432778610.801,,2.500000e+002,1.000080e+002,-4.076861e-007,0.000000e+000,0.000000e+000,0.000000e+000,3,0.000000e+000,1.825000e+000,,,,,,,,,,,,,,,,,,0,5.000000e+000,5.000000e-001,2,1,2.304077e-003,0,1,0,
1432778621.949,,2.500000e+002,1.000011e+002,-4.023872e-007,0.000000e+000,0.000000e+000,0.000000e+000,3,0.000000e+000,1.825000e+000,,,,,,,,,,,,,,,,,,0,5.000000e+000,5.000000e-001,2,1,7.003784e-003,0,1,0,
1432778632.521,,2.500000e+002,9.999760e+001,-3.978477e-007,0.000000e+000,0.000000e+000,0.000000e+000,3,0.000000e+000,1.825000e+000,,,,,,,,,,,,,,,,,,0,5.000000e+000,5.000000e-001,2,1,0.000000e+000,0,1,0,
1432778642.916,,2.500000e+002,9.999527e+001,-4.102138e-007,0.000000e+000,0.000000e+000,0.000000e+000,3,0.000000e+000,1.825000e+000,,,,,,,,,,,,,,,,,,0,5.000000e+000,5.000000e-001,2,1,4.653931e-003,0,1,0,
1432778653.238,,2.500000e+002,9.999062e+001,-4.128191e-007,0.000000e+000,0.000000e+000,0.000000e+000,3,0.000000e+000,1.825000e+000,,,,,,,,,,,,,,,,,,0,5.000000e+000,5.000000e-001,2,1,4.646301e-003,0,1,0,
1432778663.633,,2.500000e+002,1.000034e+002,-4.134995e-007,0.000000e+000,0.000000e+000,0.000000e+000,3,0.000000e+000,1.825000e+000,,,,,,,,,,,,,,,,,,0,5.000000e+000,5.000000e-001,2,1,2.304077e-003,0,1,0,
1432778674.267,,2.500000e+002,9.999995e+001,-4.102895e-007,0.000000e+000,0.000000e+000,0.000000e+000,3,0.000000e+000,1.825000e+000,,,,,,,,,,,,,,,,,,0,5.000000e+000,5.000000e-001,2,1,4.699707e-003,0,1,0,
1432778684.544,,2.500000e+002,9.999995e+001,-3.864065e-007,0.000000e+000,0.000000e+000,0.000000e+000,3,0.000000e+000,1.825000e+000,,,,,,,,,,,,,,,,,,0,5.000000e+000,5.000000e-001,2,1,4.699707e-003,0,1,0,
1432778695.070,,2.500000e+002,9.999876e+001,-4.210727e-007,0.000000e+000,0.000000e+000,0.000000e+000,3,0.000000e+000,1.825000e+000,,,,,,,,,,,,,,,,,,0,5.000000e+000,5.000000e-001,2,1,2.326965e-003,0,1,0,
1432778705.785,,2.500000e+002,9.999528e+001,-3.995591e-007,0.000000e+000,0.000000e+000,0.000000e+000,3,0.000000e+000,1.825000e+000,,,,,,,,,,,,,,,,,,0,5.000000e+000,5.000000e-001,2,1,9.292603e-003,0,1,0,
1432778716.500,,2.500000e+002,9.999297e+001,-4.344334e-007,0.000000e+000,0.000000e+000,0.000000e+000,3,0.000000e+000,1.825000e+000,,,,,,,,,,,,,,,,,,0,5.000000e+000,5.000000e-001,2,1,4.661560e-003,0,1,0,
1432778727.466,,2.500000e+002,1.000058e+002,-4.206334e-007,0.000000e+000,0.000000e+000,0.000000e+000,3,0.000000e+000,1.825000e+000,,,,,,,,,,,,,,,,,,0,5.000000e+000,5.000000e-001,2,1,2.296448e-003,0,1,0,
1432778737.990,,2.500000e+002,1.000034e+002,-4.009858e-007,0.000000e+000,0.000000e+000,0.000000e+000,3,0.000000e+000,1.825000e+000,,,,,,,,,,,,,,,,,,0,5.000000e+000,5.000000e-001,2,1,2.304077e-003,0,1,0,
1432778748.510,,2.500000e+002,1.000011e+002,-4.142292e-007,0.000000e+000,0.000000e+000,0.000000e+000,3,0.000000e+000,1.825000e+000,,,,,,,,,,,,,,,,,,0,5.000000e+000,5.000000e-001,2,1,2.372742e-003,0,1,0,
1432778759.030,,2.500000e+002,9.999992e+001,-4.204799e-007,0.000000e+000,0.000000e+000,0.000000e+000,3,0.000000e+000,1.825000e+000,,,,,,,,,,,,,,,,,,0,5.000000e+000,5.000000e-001,2,1,0.000000e+000,0,1,0,
1432778769.550,,2.500000e+002,9.999295e+001,-4.114904e-007,0.000000e+000,0.000000e+000,0.000000e+000,3,0.000000e+000,1.825000e+000,,,,,,,,,,,,,,,,,,0,5.000000e+000,5.000000e-001,2,1,1.394653e-002,0,1,0,
1432778780.266,,2.500000e+002,9.998598e+001,-4.520199e-007,0.000000e+000,0.000000e+000,0.000000e+000,3,0.000000e+000,1.825000e+000,,,,,,,,,,,,,,,,,,0,5.000000e+000,5.000000e-001,2,1,0.000000e+000,0,1,0,
1432778790.732,,2.500000e+002,9.998714e+001,-3.923340e-007,0.000000e+000,0.000000e+000,0.000000e+000,3,0.000000e+000,1.825000e+000,,,,,,,,,,,,,,,,,,0,5.000000e+000,5.000000e-001,2,1,2.319336e-003,0,1,0,
1432778801.720,,2.500000e+002,9.998830e+001,-3.996178e-007,0.000000e+000,0.000000e+000,0.000000e+000,3,0.000000e+000,1.825000e+000,,,,,,,,,,,,,,,,,,0,5.000000e+000,5.000000e-001,2,1,0.000000e+000,0,1,0,
1432778812.485,,2.500000e+002,9.999298e+001,-4.020894e-007,0.000000e+000,0.000000e+000,0.000000e+000,3,0.000000e+000,1.825000e+000,,,,,,,,,,,,,,,,,,0,5.000000e+000,5.000000e-001,2,1,1.862335e-002,0,1,0,
1432778823.451,,2.500000e+002,9.998483e+001,-4.507959e-007,0.000000e+000,0.000000e+000,0.000000e+000,3,0.000000e+000,1.825000e+000,,,,,,,,,,,,,,,,,,0,5.000000e+000,5.000000e-001,2,1,2.304077e-003,0,1,0,
1432778833.966,,2.500000e+002,9.998946e+001,-4.268893e-007,0.000000e+000,0.000000e+000,0.000000e+000,3,0.000000e+000,1.825000e+000,,,,,,,,,,,,,,,,,,0,5.000000e+000,5.000000e-001,2,1,6.965637e-003,0,1,0,
1432778844.481,,2.500000e+002,9.999762e+001,-3.980193e-007,0.000000e+000,0.000000e+000,0.000000e+000,3,0.000000e+000,1.825000e+000,,,,,,,,,,,,,,,,,,0,5.000000e+000,5.000000e-001,2,1,9.353638e-003,0,1,0,
1432778854.993,,2.500000e+002,9.999646e+001,-4.213580e-007,0.000000e+000,0.000000e+000,0.000000e+000,3,0.000000e+000,1.825000e+000,,,,,,,,,,,,,,,,,,0,5.000000e+000,5.000000e-001,2,1,1.166534e-002,0,1,0,
1432778865.505,,2.500000e+002,9.999294e+001,-4.131303e-007,0.000000e+000,0.000000e+000,0.000000e+000,3,0.000000e+000,1.825000e+000,,,,,,,,,,,,,,,,,,0,5.000000e+000,5.000000e-001,2,1,0.000000e+000,0,1,0,
1432778876.015,,2.500000e+002,9.999294e+001,-4.156196e-007,0.000000e+000,0.000000e+000,0.000000e+000,3,0.000000e+000,1.825000e+000,,,,,,,,,,,,,,,,,,0,5.000000e+000,5.000000e-001,2,1,0.000000e+000,0,1,0,
1432778887.006,,2.500000e+002,9.999877e+001,-4.292123e-007,0.000000e+000,0.000000e+000,0.000000e+000,3,0.000000e+000,1.825000e+000,,,,,,,,,,,,,,,,,,0,5.000000e+000,5.000000e-001,2,1,1.165771e-002,0,1,0,
1432778897.517,,2.500000e+002,1.000023e+002,-4.144607e-007,0.000000e+000,0.000000e+000,0.000000e+000,3,0.000000e+000,1.825000e+000,,,,,,,,,,,,,,,,,,0,5.000000e+000,5.000000e-001,2,1,0.000000e+000,0,1,0,
1432778908.528,,2.500000e+002,9.999643e+001,-4.101255e-007,0.000000e+000,0.000000e+000,0.000000e+000,3,0.000000e+000,1.825000e+000,,,,,,,,,,,,,,,,,,0,5.000000e+000,5.000000e-001,2,1,6.980896e-003,0,1,0,
1432778918.784,,2.500000e+002,9.999062e+001,-3.705910e-007,0.000000e+000,0.000000e+000,0.000000e+000,3,0.000000e+000,1.825000e+000,,,,,,,,,,,,,,,,,,0,5.000000e+000,5.000000e-001,2,1,4.646301e-003,0,1,0,
1432778929.498,,2.500000e+002,9.998946e+001,-4.124491e-007,0.000000e+000,0.000000e+000,0.000000e+000,3,0.000000e+000,1.825000e+000,,,,,,,,,,,,,,,,,,0,5.000000e+000,5.000000e-001,2,1,2.334595e-003,0,1,0,
1432778939.754,,2.500000e+002,9.998830e+001,-3.890013e-007,0.000000e+000,0.000000e+000,0.000000e+000,3,0.000000e+000,1.825000e+000,,,,,,,,,,,,,,,,,,0,5.000000e+000,5.000000e-001,2,1,4.653931e-003,0,1,0,
1432778950.262,,2.500000e+002,9.999063e+001,-4.424122e-007,0.000000e+000,0.000000e+000,0.000000e+000,3,0.000000e+000,1.825000e+000,,,,,,,,,,,,,,,,,,0,5.000000e+000,5.000000e-001,2,1,9.315491e-003,0,1,0,
1432778960.767,,2.500000e+002,9.999879e+001,-3.875895e-007,0.000000e+000,0.000000e+000,0.000000e+000,3,0.000000e+000,1.825000e+000,,,,,,,,,,,,,,,,,,0,5.000000e+000,5.000000e-001,2,1,7.003784e-003,0,1,0,
1432778971.272,,2.500000e+002,9.999529e+001,-4.382194e-007,0.000000e+000,0.000000e+000,0.000000e+000,3,0.000000e+000,1.825000e+000,,,,,,,,,,,,,,,,,,0,5.000000e+000,5.000000e-001,2,1,0.000000e+000,0,1,0,
1432778981.776,,2.500000e+002,9.999412e+001,-3.786535e-007,0.000000e+000,0.000000e+000,0.000000e+000,3,0.000000e+000,1.825000e+000,,,,,,,,,,,,,,,,,,0,5.000000e+000,5.000000e-001,2,1,2.349854e-003,0,1,0,
1432778992.279,,2.500000e+002,9.999179e+001,-4.293990e-007,0.000000e+000,0.000000e+000,0.000000e+000,3,0.000000e+000,1.825000e+000,,,,,,,,,,,,,,,,,,0,5.000000e+000,5.000000e-001,2,1,2.311707e-003,0,1,0,
1432779002.994,,2.500000e+002,9.999179e+001,-3.955106e-007,0.000000e+000,0.000000e+000,0.000000e+000,3,0.000000e+000,1.825000e+000,,,,,,,,,,,,,,,,,,0,5.000000e+000,5.000000e-001,2,1,2.311707e-003,0,1,0,
1432779013.710,,2.500000e+002,9.999643e+001,-3.812117e-007,0.000000e+000,0.000000e+000,0.000000e+000,3,0.000000e+000,1.825000e+000,,,,,,,,,,,,,,,,,,0,5.000000e+000,5.000000e-001,2,1,6.980896e-003,0,1,0,
1432779024.213,,2.500000e+002,9.999295e+001,-4.319050e-007,0.000000e+000,0.000000e+000,0.000000e+000,3,0.000000e+000,1.825000e+000,,,,,,,,,,,,,,,,,,0,5.000000e+000,5.000000e-001,2,1,1.394653e-002,0,1,0,
1432779034.963,,2.500000e+002,9.998714e+001,-4.276939e-007,0.000000e+000,0.000000e+000,0.000000e+000,3,0.000000e+000,1.825000e+000,,,,,,,,,,,,,,,,,,0,5.000000e+000,5.000000e-001,2,1,2.319336e-003,0,1,0,
1432779045.678,,2.500000e+002,9.998598e+001,-3.975174e-007,0.000000e+000,0.000000e+000,0.000000e+000,3,0.000000e+000,1.825000e+000,,,,,,,,,,,,,,,,,,0,5.000000e+000,5.000000e-001,2,1,0.000000e+000,0,1,0,
1432779056.182,,2.500000e+002,9.999414e+001,-4.340139e-007,0.000000e+000,0.000000e+000,0.000000e+000,3,0.000000e+000,1.825000e+000,,,,,,,,,,,,,,,,,,0,5.000000e+000,5.000000e-001,2,1,1.631927e-002,0,1,0,
1432779066.587,,2.500000e+002,9.998483e+001,-3.976065e-007,0.000000e+000,0.000000e+000,0.000000e+000,3,0.000000e+000,1.825000e+000,,,,,,,,,,,,,,,,,,0,5.000000e+000,5.000000e-001,2,1,2.304077e-003,0,1,0,
1432779077.109,,2.500000e+002,9.999992e+001,-4.187543e-007,0.000000e+000,0.000000e+000,0.000000e+000,3,0.000000e+000,1.825000e+000,,,,,,,,,,,,,,,,,,0,5.000000e+000,5.000000e-001,2,1,0.000000e+000,0,1,0,
1432779087.930,,2.500000e+002,9.999762e+001,-4.061593e-007,0.000000e+000,0.000000e+000,0.000000e+000,3,0.000000e+000,1.825000e+000,,,,,,,,,,,,,,,,,,0,5.000000e+000,5.000000e-001,2,1,1.396942e-002,0,1,0,
1432779099.103,,2.500000e+002,9.999179e+001,-4.038111e-007,0.000000e+000,0.000000e+000,0.000000e+000,3,0.000000e+000,1.825000e+000,,,,,,,,,,,,,,,,,,0,5.000000e+000,5.000000e-001,2,1,6.996155e-003,0,1,0,
1432779109.675,,2.500000e+002,9.998714e+001,-4.080434e-007,0.000000e+000,0.000000e+000,0.000000e+000,3,0.000000e+000,1.825000e+000,,,,,,,,,,,,,,,,,,0,5.000000e+000,5.000000e-001,2,1,2.319336e-003,0,1,0,
1432779119.918,,2.500000e+002,9.999529e+001,-3.834616e-007,0.000000e+000,0.000000e+000,0.000000e+000,3,0.000000e+000,1.825000e+000,,,,,,,,,,,,,,,,,,0,5.000000e+000,5.000000e-001,2,1,1.862335e-002,0,1,0,
1432779130.660,,2.500000e+002,9.999992e+001,-4.031265e-007,0.000000e+000,0.000000e+000,0.000000e+000,3,0.000000e+000,1.825000e+000,,,,,,,,,,,,,,,,,,0,5.000000e+000,5.000000e-001,2,1,0.000000e+000,0,1,0,
1432779140.901,,2.500000e+002,9.999879e+001,-3.875405e-007,0.000000e+000,0.000000e+000,0.000000e+000,3,0.000000e+000,1.825000e+000,,,,,,,,,,,,,,,,,,0,5.000000e+000,5.000000e-001,2,1,7.003784e-003,0,1,0,
1432779151.392,,2.500000e+002,9.999528e+001,-4.135285e-007,0.000000e+000,0.000000e+000,0.000000e+000,3,0.000000e+000,1.825000e+000,,,,,,,,,,,,,,,,,,0,5.000000e+000,5.000000e-001,2,1,9.292603e-003,0,1,0,
1432779161.633,,2.500000e+002,1.000011e+002,-3.917588e-007,0.000000e+000,0.000000e+000,0.000000e+000,3,0.000000e+000,1.825000e+000,,,,,,,,,,,,,,,,,,0,5.000000e+000,5.000000e-001,2,1,2.372742e-003,0,1,0,
1432779172.120,,2.500000e+002,9.999528e+001,-4.179343e-007,0.000000e+000,0.000000e+000,0.000000e+000,3,0.000000e+000,1.825000e+000,,,,,,,,,,,,,,,,,,0,5.000000e+000,5.000000e-001,2,1,9.292603e-003,0,1,0,
1432779182.676,,2.500000e+002,9.999295e+001,-3.989527e-007,0.000000e+000,0.000000e+000,0.000000e+000,3,0.000000e+000,1.825000e+000,,,,,,,,,,,,,,,,,,0,5.000000e+000,5.000000e-001,2,1,1.394653e-002,0,1,0,
1432779193.187,,2.500000e+002,9.998714e+001,-4.375680e-007,0.000000e+000,0.000000e+000,0.000000e+000,3,0.000000e+000,1.825000e+000,,,,,,,,,,,,,,,,,,0,5.000000e+000,5.000000e-001,2,1,2.319336e-003,0,1,0,
1432779204.175,,2.500000e+002,9.999530e+001,-4.322220e-007,0.000000e+000,0.000000e+000,0.000000e+000,3,0.000000e+000,1.825000e+000,,,,,,,,,,,,,,,,,,0,5.000000e+000,5.000000e-001,2,1,1.399994e-002,0,1,0,
1432779214.661,,2.500000e+002,9.999879e+001,-4.051466e-007,0.000000e+000,0.000000e+000,0.000000e+000,3,0.000000e+000,1.825000e+000,,,,,,,,,,,,,,,,,,0,5.000000e+000,5.000000e-001,2,1,7.003784e-003,0,1,0,
1432779411.395,,2.500000e+002,9.998831e+001,-3.934995e-007,0.000000e+000,0.000000e+000,0.000000e+000,3,0.000000e+000,1.825000e+000,,,,,,,,,,,,,,,,,,0,5.000000e+000,5.000000e-001,2,1,1.396179e-002,0,1,0,
1432779421.610,,2.500000e+002,9.998598e+001,-4.120749e-007,0.000000e+000,0.000000e+000,0.000000e+000,3,0.000000e+000,1.825000e+000,,,,,,,,,,,,,,,,,,0,5.000000e+000,5.000000e-001,2,1,9.300232e-003,0,1,0,
1432779509.106,,2.500000e+002,9.888335e+001,-4.493718e-007,0.000000e+000,0.000000e+000,0.000000e+000,3,0.000000e+000,1.825000e+000,,,,,,,,,,,,,,,,,,0,5.000000e+000,5.000000e-001,2,1,1.775589e-001,0,1,0,
1432779519.572,,2.500000e+002,9.867435e+001,-4.709269e-007,0.000000e+000,0.000000e+000,0.000000e+000,3,0.000000e+000,1.825000e+000,,,,,,,,,,,,,,,,,,0,5.000000e+000,5.000000e-001,2,1,1.859055e-001,0,1,0,
1432779558.540,,2.500000e+002,9.779207e+001,-4.980929e-007,0.000000e+000,0.000000e+000,0.000000e+000,3,0.000000e+000,1.825000e+000,,,,,,,,,,,,,,,,,,0,5.000000e+000,5.000000e-001,2,1,2.518845e-001,0,1,0,
1432779569.004,,2.500000e+002,9.753526e+001,-5.390289e-007,0.000000e+000,0.000000e+000,0.000000e+000,3,0.000000e+000,1.825000e+000,,,,,,,,,,,,,,,,,,0,5.000000e+000,5.000000e-001,2,1,2.617188e-001,0,1,0,
1432779594.971,,2.500000e+002,9.684348e+001,-5.297118e-007,0.000000e+000,0.000000e+000,0.000000e+000,3,0.000000e+000,1.825000e+000,,,,,,,,,,,,,,,,,,0,5.000000e+000,5.000000e-001,2,1,2.669678e-001,0,1,0,
1432779605.936,,2.500000e+002,9.656419e+001,-5.428802e-007,0.000000e+000,0.000000e+000,0.000000e+000,3,0.000000e+000,1.825000e+000,,,,,,,,,,,,,,,,,,0,5.000000e+000,5.000000e-001,2,1,2.916260e-001,0,1,0,
1432779633.151,,2.500000e+002,9.583167e+001,-5.988277e-007,0.000000e+000,0.000000e+000,0.000000e+000,3,0.000000e+000,1.825000e+000,,,,,,,,,,,,,,,,,,0,5.000000e+000,5.000000e-001,2,1,2.831802e-001,0,1,0,
1432779645.117,,2.500000e+002,9.550235e+001,-6.371786e-007,0.000000e+000,0.000000e+000,0.000000e+000,3,0.000000e+000,1.825000e+000,,,,,,,,,,,,,,,,,,0,5.000000e+000,5.000000e-001,2,1,2.856064e-001,0,1,0,
1432779670.585,,2.500000e+002,9.479861e+001,-6.254569e-007,0.000000e+000,0.000000e+000,0.000000e+000,3,0.000000e+000,1.825000e+000,,,,,,,,,,,,,,,,,,0,5.000000e+000,5.000000e-001,2,1,2.837524e-001,0,1,0,
1432779681.800,,2.500000e+002,9.447175e+001,-6.303971e-007,0.000000e+000,0.000000e+000,0.000000e+000,3,0.000000e+000,1.825000e+000,,,,,,,,,,,,,,,,,,0,5.000000e+000,5.000000e-001,2,1,2.610168e-001,0,1,0,
1432779706.205,,2.500000e+002,9.382039e+001,-6.987232e-007,0.000000e+000,0.000000e+000,0.000000e+000,3,0.000000e+000,1.825000e+000,,,,,,,,,,,,,,,,,,0,5.000000e+000,5.000000e-001,2,1,3.071213e-001,0,1,0,
1432779717.777,,2.500000e+002,9.346815e+001,-6.987136e-007,0.000000e+000,0.000000e+000,0.000000e+000,3,0.000000e+000,1.825000e+000,,,,,,,,,,,,,,,,,,0,5.000000e+000,5.000000e-001,2,1,3.028793e-001,0,1,0,
1432779740.283,,2.500000e+002,9.281256e+001,-7.942562e-007,0.000000e+000,0.000000e+000,0.000000e+000,3,0.000000e+000,1.825000e+000,,,,,,,,,,,,,,,,,,0,5.000000e+000,5.000000e-001,2,1,3.170624e-001,0,1,0,
1432779750.517,,2.500000e+002,9.251248e+001,-8.127579e-007,0.000000e+000,0.000000e+000,0.000000e+000,3,0.000000e+000,1.825000e+000,,,,,,,,,,,,,,,,,,0,5.000000e+000,5.000000e-001,2,1,2.589188e-001,0,1,0,
1432779774.497,,2.500000e+002,9.178438e+001,-8.505626e-007,0.000000e+000,0.000000e+000,0.000000e+000,3,0.000000e+000,1.825000e+000,,,,,,,,,,,,,,,,,,0,5.000000e+000,5.000000e-001,2,1,3.124466e-001,0,1,0,
1432779786.568,,2.500000e+002,9.141204e+001,-8.418828e-007,0.000000e+000,0.000000e+000,0.000000e+000,3,0.000000e+000,1.825000e+000,,,,,,,,,,,,,,,,,,0,5.000000e+000,5.000000e-001,2,1,3.061371e-001,0,1,0,
1432779806.034,,2.500000e+002,9.080746e+001,-8.832326e-007,0.000000e+000,0.000000e+000,0.000000e+000,3,0.000000e+000,1.825000e+000,,,,,,,,,,,,,,,,,,0,5.000000e+000,5.000000e-001,2,1,2.907104e-001,0,1,0,
1432779816.749,,2.500000e+002,9.048877e+001,-8.956493e-007,0.000000e+000,0.000000e+000,0.000000e+000,3,0.000000e+000,1.825000e+000,,,,,,,,,,,,,,,,,,0,5.000000e+000,5.000000e-001,2,1,3.157349e-001,0,1,0,
1432779839.162,,2.500000e+002,8.981112e+001,-9.436059e-007,0.000000e+000,0.000000e+000,0.000000e+000,3,0.000000e+000,1.825000e+000,,,,,,,,,,,,,,,,,,0,5.000000e+000,5.000000e-001,2,1,3.397827e-001,0,1,0,
1432779850.682,,2.500000e+002,8.943201e+001,-9.578274e-007,0.000000e+000,0.000000e+000,0.000000e+000,3,0.000000e+000,1.825000e+000,,,,,,,,,,,,,,,,,,0,5.000000e+000,5.000000e-001,2,1,3.201523e-001,0,1,0,
1432779869.506,,2.500000e+002,8.883227e+001,3.617118e-007,0.000000e+000,-2.284589e+000,0.000000e+000,3,0.000000e+000,1.825000e+000,,,,,,,,,,,,,,,,,,0,5.000000e+000,5.000000e-001,2,1,3.217010e-001,0,1,0,
1432779880.221,,2.500000e+002,8.850523e+001,4.218542e-007,0.000000e+000,-2.284978e+000,0.000000e+000,3,0.000000e+000,1.825000e+000,,,,,,,,,,,,,,,,,,0,5.000000e+000,5.000000e-001,2,1,3.323746e-001,0,1,0,
1432779902.186,,2.500000e+002,8.779506e+001,4.124144e-007,0.000000e+000,-2.284896e+000,0.000000e+000,3,0.000000e+000,1.825000e+000,,,,,,,,,,,,,,,,,,0,5.000000e+000,5.000000e-001,2,1,3.110046e-001,0,1,0,
1432779912.591,,2.500000e+002,8.746254e+001,4.135927e-007,0.000000e+000,-2.283842e+000,0.000000e+000,3,0.000000e+000,1.825000e+000,,,,,,,,,,,,,,,,,,0,5.000000e+000,5.000000e-001,2,1,3.322678e-001,0,1,0,
1432779935.165,,2.500000e+002,8.673424e+001,5.105153e-007,0.000000e+000,-2.283718e+000,0.000000e+000,3,0.000000e+000,1.825000e+000,,,,,,,,,,,,,,,,,,0,5.000000e+000,5.000000e-001,2,1,3.146210e-001,0,1,0,
1432779946.131,,2.500000e+002,8.637306e+001,5.143130e-007,0.000000e+000,-2.283793e+000,0.000000e+000,3,0.000000e+000,1.825000e+000,,,,,,,,,,,,,,,,,,0,5.000000e+000,5.000000e-001,2,1,3.086166e-001,0,1,0,
1432779963.847,,2.500000e+002,8.578955e+001,5.374822e-007,0.000000e+000,-2.283969e+000,0.000000e+000,3,0.000000e+000,1.825000e+000,,,,,,,,,,,,,,,,,,0,5.000000e+000,5.000000e-001,2,1,3.012009e-001,0,1,0,
1432779974.812,,2.500000e+002,8.544446e+001,5.496536e-007,0.000000e+000,-2.282571e+000,0.000000e+000,3,0.000000e+000,1.825000e+000,,,,,,,,,,,,,,,,,,0,5.000000e+000,5.000000e-001,2,1,3.334808e-001,0,1,0,
1432779994.529,,2.500000e+002,8.480797e+001,5.823097e-007,0.000000e+000,-2.282600e+000,0.000000e+000,3,0.000000e+000,1.825000e+000,,,,,,,,,,,,,,,,,,0,5.000000e+000,5.000000e-001,2,1,3.424377e-001,0,1,0,
1432780006.245,,2.500000e+002,8.441357e+001,-1.459453e-006,0.000000e+000,0.000000e+000,0.000000e+000,3,0.000000e+000,1.825000e+000,,,,,,,,,,,,,,,,,,0,5.000000e+000,5.000000e-001,2,1,3.140945e-001,0,1,0,
1432780025.711,,2.500000e+002,8.377227e+001,6.506596e-007,0.000000e+000,-2.281731e+000,0.000000e+000,3,0.000000e+000,1.825000e+000,,,,,,,,,,,,,,,,,,0,5.000000e+000,5.000000e-001,2,1,3.112793e-001,0,1,0,
1432780036.196,,2.500000e+002,8.343484e+001,-1.571833e-006,0.000000e+000,0.000000e+000,0.000000e+000,3,0.000000e+000,1.825000e+000,,,,,,,,,,,,,,,,,,0,5.000000e+000,5.000000e-001,2,1,3.171692e-001,0,1,0,
1432780055.163,,2.500000e+002,8.281158e+001,-4.048368e-006,0.000000e+000,-9.878915e-001,0.000000e+000,3,0.000000e+000,1.825000e+000,,,,,,,,,,,,,,,,,,0,5.000000e+000,5.000000e-001,2,1,3.452835e-001,0,1,0,
1432780065.628,,2.500000e+002,8.244659e+001,-2.343022e-006,0.000000e+000,-1.378727e+000,0.000000e+000,3,0.000000e+000,1.825000e+000,,,,,,,,,,,,,,,,,,0,5.000000e+000,5.000000e-001,2,1,3.165894e-001,0,1,0,
1432780085.815,,2.500000e+002,8.177742e+001,-2.286607e-006,0.000000e+000,-1.394013e+000,0.000000e+000,3,0.000000e+000,1.825000e+000,,,,,,,,,,,,,,,,,,0,5.000000e+000,5.000000e-001,2,1,3.292389e-001,0,1,0,
1432780096.388,,2.500000e+002,8.142107e+001,-2.272367e-006,0.000000e+000,-1.401622e+000,0.000000e+000,3,0.000000e+000,1.825000e+000,,,,,,,,,,,,,,,,,,0,5.000000e+000,5.000000e-001,2,1,3.517990e-001,0,1,0,
1432780114.604,,2.500000e+002,8.079459e+001,-2.320619e-006,0.000000e+000,-1.402305e+000,0.000000e+000,3,0.000000e+000,1.825000e+000,,,,,,,,,,,,,,,,,,0,5.000000e+000,5.000000e-001,2,1,3.405075e-001,0,1,0,
1432780125.319,,2.500000e+002,8.043542e+001,-2.304499e-006,0.000000e+000,-1.403897e+000,0.000000e+000,3,0.000000e+000,1.825000e+000,,,,,,,,,,,,,,,,,,0,5.000000e+000,5.000000e-001,2,1,3.561630e-001,0,1,0,
1432780145.572,,2.500000e+002,7.974042e+001,-2.404820e-006,0.000000e+000,-1.404082e+000,0.000000e+000,3,0.000000e+000,1.825000e+000,,,,,,,,,,,,,,,,,,0,5.000000e+000,5.000000e-001,2,1,3.701019e-001,0,1,0,
1432780156.537,,2.500000e+002,7.935011e+001,-2.427364e-006,0.000000e+000,-1.404110e+000,0.000000e+000,3,0.000000e+000,1.825000e+000,,,,,,,,,,,,,,,,,,0,5.000000e+000,5.000000e-001,2,1,3.531647e-001,0,1,0,
1432780173.002,,2.500000e+002,7.878437e+001,-2.449746e-006,0.000000e+000,-1.403371e+000,0.000000e+000,3,0.000000e+000,1.825000e+000,,,,,,,,,,,,,,,,,,0,5.000000e+000,5.000000e-001,2,1,3.662415e-001,0,1,0,
1432780183.413,,2.500000e+002,7.843130e+001,-2.485764e-006,0.000000e+000,-1.404087e+000,0.000000e+000,3,0.000000e+000,1.825000e+000,,,,,,,,,,,,,,,,,,0,5.000000e+000,5.000000e-001,2,1,2.719955e-001,0,1,0,
1432780200.486,,2.500000e+002,7.782359e+001,-2.589445e-006,0.000000e+000,-1.401842e+000,0.000000e+000,3,0.000000e+000,1.825000e+000,,,,,,,,,,,,,,,,,,0,5.000000e+000,5.000000e-001,2,1,3.404770e-001,0,1,0,
1432780212.200,,2.500000e+002,7.742784e+001,-2.613489e-006,0.000000e+000,-1.401571e+000,0.000000e+000,3,0.000000e+000,1.825000e+000,,,,,,,,,,,,,,,,,,0,5.000000e+000,5.000000e-001,2,1,3.357010e-001,0,1,0,
1432780230.165,,2.500000e+002,7.681644e+001,-2.699654e-006,0.000000e+000,-1.400065e+000,0.000000e+000,3,0.000000e+000,1.825000e+000,,,,,,,,,,,,,,,,,,0,5.000000e+000,5.000000e-001,2,1,3.602600e-001,0,1,0,
1432780240.927,,2.500000e+002,7.643326e+001,-2.742255e-006,0.000000e+000,-1.398668e+000,0.000000e+000,3,0.000000e+000,1.825000e+000,,,,,,,,,,,,,,,,,,0,5.000000e+000,5.000000e-001,2,1,3.274231e-001,0,1,0,
1432780259.894,,2.500000e+002,7.580598e+001,-2.910947e-006,0.000000e+000,-1.395373e+000,0.000000e+000,3,0.000000e+000,1.825000e+000,,,,,,,,,,,,,,,,,,0,5.000000e+000,5.000000e-001,2,1,3.773193e-001,0,1,0,
1432780272.108,,2.500000e+002,7.537315e+001,-2.994911e-006,0.000000e+000,-1.394250e+000,0.000000e+000,3,0.000000e+000,1.825000e+000,,,,,,,,,,,,,,,,,,0,5.000000e+000,5.000000e-001,2,1,3.404694e-001,0,1,0,
1432780289.074,,2.500000e+002,7.479131e+001,-3.114528e-006,0.000000e+000,-1.390966e+000,0.000000e+000,3,0.000000e+000,1.825000e+000,,,,,,,,,,,,,,,,,,0,5.000000e+000,5.000000e-001,2,1,3.635712e-001,0,1,0,
1432780299.789,,2.500000e+002,7.443321e+001,-3.255734e-006,0.000000e+000,-1.387690e+000,0.000000e+000,3,0.000000e+000,1.825000e+000,,,,,,,,,,,,,,,,,,0,5.000000e+000,5.000000e-001,2,1,2.671738e-001,0,1,0,
1432780318.005,,2.500000e+002,7.383910e+001,-3.398286e-006,0.000000e+000,-1.383544e+000,0.000000e+000,3,0.000000e+000,1.825000e+000,,,,,,,,,,,,,,,,,,0,5.000000e+000,5.000000e-001,2,1,3.140869e-001,0,1,0,
1432780328.970,,2.500000e+002,7.345424e+001,-3.456955e-006,0.000000e+000,-1.383700e+000,0.000000e+000,3,0.000000e+000,1.825000e+000,,,,,,,,,,,,,,,,,,0,5.000000e+000,5.000000e-001,2,1,2.707901e-001,0,1,0,
1432780348.937,,2.500000e+002,7.273048e+001,-3.693235e-006,0.000000e+000,-1.379635e+000,0.000000e+000,3,0.000000e+000,1.825000e+000,,,,,,,,,,,,,,,,,,0,5.000000e+000,5.000000e-001,2,1,2.936249e-001,0,1,0,
1432780359.428,,2.500000e+002,7.236929e+001,-3.891413e-006,0.000000e+000,-1.374065e+000,0.000000e+000,3,0.000000e+000,1.825000e+000,,,,,,,,,,,,,,,,,,0,5.000000e+000,5.000000e-001,2,1,2.794876e-001,0,1,0,
1432780375.522,,2.500000e+002,7.181673e+001,-4.120323e-006,0.000000e+000,-1.367566e+000,0.000000e+000,3,0.000000e+000,1.825000e+000,,,,,,,,,,,,,,,,,,0,5.000000e+000,5.000000e-001,2,1,3.007202e-001,0,1,0,
1432780386.497,,2.500000e+002,7.146350e+001,-4.242301e-006,0.000000e+000,-1.367491e+000,0.000000e+000,3,0.000000e+000,1.825000e+000,,,,,,,,,,,,,,,,,,0,5.000000e+000,5.000000e-001,2,1,3.661957e-001,0,1,0,
1432780406.462,,2.500000e+002,7.077191e+001,-4.611827e-006,0.000000e+000,-1.359161e+000,0.000000e+000,3,0.000000e+000,1.825000e+000,,,,,,,,,,,,,,,,,,0,5.000000e+000,5.000000e-001,2,1,3.111496e-001,0,1,0,
1432780417.176,,2.500000e+002,7.036657e+001,-4.752751e-006,0.000000e+000,-1.357313e+000,0.000000e+000,3,0.000000e+000,1.825000e+000,,,,,,,,,,,,,,,,,,0,5.000000e+000,5.000000e-001,2,1,3.172607e-001,0,1,0,
1432780433.419,,2.500000e+002,6.980919e+001,-5.103852e-006,0.000000e+000,-1.350110e+000,0.000000e+000,3,0.000000e+000,1.825000e+000,,,,,,,,,,,,,,,,,,0,5.000000e+000,5.000000e-001,2,1,3.523560e-001,0,1,0,
1432780444.636,,2.500000e+002,6.942513e+001,-5.260836e-006,0.000000e+000,-1.349864e+000,0.000000e+000,3,0.000000e+000,1.825000e+000,,,,,,,,,,,,,,,,,,0,5.000000e+000,5.000000e-001,2,1,3.737030e-001,0,1,0,
1432780463.861,,2.500000e+002,6.874272e+001,-5.623962e-006,0.000000e+000,-1.343917e+000,0.000000e+000,3,0.000000e+000,1.825000e+000,,,,,,,,,,,,,,,,,,0,5.000000e+000,5.000000e-001,2,1,3.557816e-001,0,1,0,
1432780474.575,,2.500000e+002,6.834120e+001,-5.832458e-006,0.000000e+000,-1.342933e+000,0.000000e+000,3,0.000000e+000,1.825000e+000,,,,,,,,,,,,,,,,,,0,5.000000e+000,5.000000e-001,2,1,3.112259e-001,0,1,0,
1432780490.791,,2.500000e+002,6.778632e+001,-6.306902e-006,0.000000e+000,-1.332396e+000,0.000000e+000,3,0.000000e+000,1.825000e+000,,,,,,,,,,,,,,,,,,0,5.000000e+000,5.000000e-001,2,1,3.419571e-001,0,1,0,
1432780501.006,,2.500000e+002,6.741631e+001,-6.595465e-006,0.000000e+000,-1.327033e+000,0.000000e+000,3,0.000000e+000,1.825000e+000,,,,,,,,,,,,,,,,,,0,5.000000e+000,5.000000e-001,2,1,3.405991e-001,0,1,0,
1432780520.472,,2.500000e+002,6.674812e+001,-7.406737e-006,0.000000e+000,-1.308522e+000,0.000000e+000,3,0.000000e+000,1.825000e+000,,,,,,,,,,,,,,,,,,0,5.000000e+000,5.000000e-001,2,1,3.600845e-001,0,1,0,
1432780531.124,,2.500000e+002,6.637068e+001,-7.596640e-006,0.000000e+000,-1.310423e+000,0.000000e+000,3,0.000000e+000,1.825000e+000,,,,,,,,,,,,,,,,,,0,5.000000e+000,5.000000e-001,2,1,3.604889e-001,0,1,0,
1432780547.878,,2.500000e+002,6.577224e+001,-8.114082e-006,0.000000e+000,-1.304783e+000,0.000000e+000,3,0.000000e+000,1.825000e+000,,,,,,,,,,,,,,,,,,0,5.000000e+000,5.000000e-001,2,1,3.710938e-001,0,1,0,
1432780558.462,,2.500000e+002,6.539487e+001,-8.611921e-006,0.000000e+000,-1.295007e+000,0.000000e+000,3,0.000000e+000,1.825000e+000,,,,,,,,,,,,,,,,,,0,5.000000e+000,5.000000e-001,2,1,3.836441e-001,0,1,0,
1432780574.427,,2.500000e+002,6.483621e+001,-9.250827e-006,0.000000e+000,-1.286907e+000,0.000000e+000,3,0.000000e+000,1.825000e+000,,,,,,,,,,,,,,,,,,0,5.000000e+000,5.000000e-001,2,1,2.978745e-001,0,1,0,
1432780596.357,,2.500000e+002,6.403592e+001,-1.039927e-005,0.000000e+000,-1.268190e+000,0.000000e+000,3,0.000000e+000,1.825000e+000,,,,,,,,,,,,,,,,,,0,5.000000e+000,5.000000e-001,2,1,3.626480e-001,0,1,0,
1432780607.573,,2.500000e+002,6.360921e+001,-1.104961e-005,0.000000e+000,-1.256613e+000,0.000000e+000,3,0.000000e+000,1.825000e+000,,,,,,,,,,,,,,,,,,0,5.000000e+000,5.000000e-001,2,1,3.521690e-001,0,1,0,
1432780618.289,,2.500000e+002,6.321996e+001,-1.169908e-005,0.000000e+000,-1.245983e+000,0.000000e+000,3,0.000000e+000,1.825000e+000,,,,,,,,,,,,,,,,,,0,5.000000e+000,5.000000e-001,2,1,3.519821e-001,0,1,0,
1432780630.194,,2.500000e+002,6.278143e+001,-1.224941e-005,0.000000e+000,-1.241894e+000,0.000000e+000,3,0.000000e+000,1.825000e+000,,,,,,,,,,,,,,,,,,0,5.000000e+000,5.000000e-001,2,1,3.473701e-001,0,1,0,
1432780641.517,,2.500000e+002,6.238188e+001,-1.331412e-005,0.000000e+000,-1.219825e+000,0.000000e+000,3,0.000000e+000,1.825000e+000,,,,,,,,,,,,,,,,,,0,5.000000e+000,5.000000e-001,2,1,3.754196e-001,0,1,0,
1432780657.233,,2.500000e+002,6.179930e+001,-1.446524e-005,0.000000e+000,-1.203172e+000,0.000000e+000,3,0.000000e+000,1.825000e+000,,,,,,,,,,,,,,,,,,0,5.000000e+000,5.000000e-001,2,1,3.687897e-001,0,1,0,
1432780667.698,,2.500000e+002,6.139771e+001,-1.545807e-005,0.000000e+000,-1.185283e+000,0.000000e+000,3,0.000000e+000,1.825000e+000,,,,,,,,,,,,,,,,,,0,5.000000e+000,5.000000e-001,2,1,3.603592e-001,0,1,0,
1432780684.202,,2.500000e+002,6.080462e+001,-1.755440e-005,0.000000e+000,-1.141896e+000,0.000000e+000,3,0.000000e+000,1.825000e+000,,,,,,,,,,,,,,,,,,0,5.000000e+000,5.000000e-001,2,1,3.810120e-001,0,1,0,
1432780696.110,,2.500000e+002,6.035461e+001,-2.010716e-005,0.000000e+000,-1.076541e+000,0.000000e+000,3,0.000000e+000,1.825000e+000,,,,,,,,,,,,,,,,,,0,5.000000e+000,5.000000e-001,2,1,3.755913e-001,0,1,0,
1432780711.182,,2.500000e+002,5.977090e+001,-2.300265e-005,0.000000e+000,-1.002297e+000,0.000000e+000,3,0.000000e+000,1.825000e+000,,,,,,,,,,,,,,,,,,0,5.000000e+000,5.000000e-001,2,1,3.721123e-001,0,1,0,
1432780721.897,,2.500000e+002,5.939156e+001,-2.386218e-005,0.000000e+000,-9.969100e-001,0.000000e+000,3,0.000000e+000,1.825000e+000,,,,,,,,,,,,,,,,,,0,5.000000e+000,5.000000e-001,2,1,3.865700e-001,0,1,0,
1432780738.363,,2.500000e+002,5.877744e+001,-3.181939e-005,0.000000e+000,-5.786381e-001,0.000000e+000,3,0.000000e+000,1.825000e+000,,,,,,,,,,,,,,,,,,0,5.000000e+000,5.000000e-001,2,1,4.178200e-001,0,1,0,
1432780750.124,,2.500000e+002,5.830723e+001,-3.292454e-005,0.000000e+000,-5.556216e-001,0.000000e+000,3,0.000000e+000,1.825000e+000,,,,,,,,,,,,,,,,,,0,5.000000e+000,5.000000e-001,2,1,3.414421e-001,0,1,0,
1432780764.885,,2.500000e+002,5.775599e+001,-3.429510e-005,0.000000e+000,-5.372003e-001,0.000000e+000,3,0.000000e+000,1.825000e+000,,,,,,,,,,,,,,,,,,0,5.000000e+000,5.000000e-001,2,1,3.450813e-001,0,1,0,
1432780775.600,,2.500000e+002,5.736052e+001,-3.533879e-005,0.000000e+000,-5.476585e-001,0.000000e+000,3,0.000000e+000,1.825000e+000,,,,,,,,,,,,,,,,,,0,5.000000e+000,5.000000e-001,2,1,3.841209e-001,0,1,0,
1432780790.995,,2.500000e+002,5.676603e+001,-3.684000e-005,0.000000e+000,-5.843375e-001,0.000000e+000,3,0.000000e+000,1.825000e+000,,,,,,,,,,,,,,,,,,0,5.000000e+000,5.000000e-001,2,1,3.511887e-001,0,1,0,
1432780801.567,,2.500000e+002,5.637718e+001,-3.797386e-005,0.000000e+000,-5.861437e-001,0.000000e+000,3,0.000000e+000,1.825000e+000,,,,,,,,,,,,,,,,,,0,5.000000e+000,5.000000e-001,2,1,3.856087e-001,0,1,0,
1432780819.033,,2.500000e+002,5.569047e+001,-3.987205e-005,0.000000e+000,-5.889852e-001,0.000000e+000,3,0.000000e+000,1.825000e+000,,,,,,,,,,,,,,,,,,0,5.000000e+000,5.000000e-001,2,1,3.369789e-001,0,1,0,
1432780829.998,,2.500000e+002,5.529461e+001,-4.112242e-005,0.000000e+000,-5.918465e-001,0.000000e+000,3,0.000000e+000,1.825000e+000,,,,,,,,,,,,,,,,,,0,5.000000e+000,5.000000e-001,2,1,3.850403e-001,0,1,0,
1432780853.179,,2.500000e+002,5.442307e+001,-4.396729e-005,0.000000e+000,-5.918992e-001,0.000000e+000,3,0.000000e+000,1.825000e+000,,,,,,,,,,,,,,,,,,0,5.000000e+000,5.000000e-001,2,1,3.627510e-001,0,1,0,
1432780863.898,,2.500000e+002,5.402850e+001,-4.536737e-005,0.000000e+000,-5.927675e-001,0.000000e+000,3,0.000000e+000,1.825000e+000,,,,,,,,,,,,,,,,,,0,5.000000e+000,5.000000e-001,2,1,3.510590e-001,0,1,0,
1432780875.863,,2.500000e+002,5.356968e+001,-4.703787e-005,0.000000e+000,-5.914796e-001,0.000000e+000,3,0.000000e+000,1.825000e+000,,,,,,,,,,,,,,,,,,0,5.000000e+000,5.000000e-001,2,1,3.496590e-001,0,1,0,
1432780886.579,,2.500000e+002,5.317481e+001,-4.868141e-005,0.000000e+000,-5.885624e-001,0.000000e+000,3,0.000000e+000,1.825000e+000,,,,,,,,,,,,,,,,,,0,5.000000e+000,5.000000e-001,2,1,3.894615e-001,0,1,0,
1432780897.293,,2.500000e+002,5.276328e+001,-5.039059e-005,0.000000e+000,-5.874214e-001,0.000000e+000,3,0.000000e+000,1.825000e+000,,,,,,,,,,,,,,,,,,0,5.000000e+000,5.000000e-001,2,1,3.865013e-001,0,1,0,
1432780908.818,,2.500000e+002,5.234351e+001,-5.226762e-005,0.000000e+000,-5.852917e-001,0.000000e+000,3,0.000000e+000,1.825000e+000,,,,,,,,,,,,,,,,,,0,5.000000e+000,5.000000e-001,2,1,3.820496e-001,0,1,0,
1432780923.282,,2.500000e+002,5.180357e+001,-5.483689e-005,0.000000e+000,-5.840234e-001,0.000000e+000,3,0.000000e+000,1.825000e+000,,,,,,,,,,,,,,,,,,0,5.000000e+000,5.000000e-001,2,1,3.865700e-001,0,1,0,
1432780935.747,,2.500000e+002,5.132612e+001,-5.722561e-005,0.000000e+000,-5.835019e-001,0.000000e+000,3,0.000000e+000,1.825000e+000,,,,,,,,,,,,,,,,,,0,5.000000e+000,5.000000e-001,2,1,3.498192e-001,0,1,0,
1432780950.712,,2.500000e+002,5.076623e+001,-6.032777e-005,0.000000e+000,-5.822700e-001,0.000000e+000,3,0.000000e+000,1.825000e+000,,,,,,,,,,,,,,,,,,0,5.000000e+000,5.000000e-001,2,1,3.771400e-001,0,1,0,
1432780961.178,,2.500000e+002,5.036578e+001,-6.272598e-005,0.000000e+000,-5.822080e-001,0.000000e+000,3,0.000000e+000,1.825000e+000,,,,,,,,,,,,,,,,,,0,5.000000e+000,5.000000e-001,2,1,3.425713e-001,0,1,0,
1432780976.239,,2.500000e+002,4.981432e+001,-6.647840e-005,0.000000e+000,-5.811716e-001,0.000000e+000,3,0.000000e+000,1.825000e+000,,,,,,,,,,,,,,,,,,0,5.000000e+000,5.000000e-001,2,1,3.564720e-001,0,1,0,
1432780987.954,,2.500000e+002,4.938622e+001,-6.955596e-005,0.000000e+000,-5.814771e-001,0.000000e+000,3,0.000000e+000,1.825000e+000,,,,,,,,,,,,,,,,,,0,5.000000e+000,5.000000e-001,2,1,3.822517e-001,0,1,0,
1432781003.419,,2.500000e+002,4.880067e+001,-7.411033e-005,0.000000e+000,-5.815195e-001,0.000000e+000,3,0.000000e+000,1.825000e+000,,,,,,,,,,,,,,,,,,0,5.000000e+000,5.000000e-001,2,1,3.737411e-001,0,1,0,
1432781014.136,,2.500000e+002,4.841965e+001,-7.759251e-005,0.000000e+000,-5.812872e-001,0.000000e+000,3,0.000000e+000,1.825000e+000,,,,,,,,,,,,,,,,,,0,5.000000e+000,5.000000e-001,2,1,3.882904e-001,0,1,0,
1432781030.796,,2.500000e+002,4.779994e+001,-8.366162e-005,0.000000e+000,-5.819182e-001,0.000000e+000,3,0.000000e+000,1.825000e+000,,,,,,,,,,,,,,,,,,0,5.000000e+000,5.000000e-001,2,1,3.570213e-001,0,1,0,
1432781041.618,,2.500000e+002,4.739476e+001,-8.819890e-005,0.000000e+000,-5.814091e-001,0.000000e+000,3,0.000000e+000,1.825000e+000,,,,,,,,,,,,,,,,,,0,5.000000e+000,5.000000e-001,2,1,3.086014e-001,0,1,0,
1432781058.334,,2.500000e+002,4.676731e+001,-9.605127e-005,0.000000e+000,-5.813715e-001,0.000000e+000,3,0.000000e+000,1.825000e+000,,,,,,,,,,,,,,,,,,0,5.000000e+000,5.000000e-001,2,1,3.609695e-001,0,1,0,
1432781069.550,,2.500000e+002,4.634010e+001,-1.019109e-004,0.000000e+000,-5.810978e-001,0.000000e+000,3,0.000000e+000,1.825000e+000,,,,,,,,,,,,,,,,,,0,5.000000e+000,5.000000e-001,2,1,3.546791e-001,0,1,0,
1432781094.789,,2.500000e+002,4.540070e+001,-1.174768e-004,0.000000e+000,-5.806648e-001,0.000000e+000,3,0.000000e+000,1.825000e+000,,,,,,,,,,,,,,,,,,0,5.000000e+000,5.000000e-001,2,1,3.916893e-001,0,1,0,
1432781105.204,,2.500000e+002,4.498923e+001,-1.249305e-004,0.000000e+000,-5.812137e-001,0.000000e+000,3,0.000000e+000,1.825000e+000,,,,,,,,,,,,,,,,,,0,5.000000e+000,5.000000e-001,2,1,3.574905e-001,0,1,0,
1432781117.026,,2.500000e+002,4.455254e+001,-1.339642e-004,0.000000e+000,-5.806612e-001,0.000000e+000,3,0.000000e+000,1.825000e+000,,,,,,,,,,,,,,,,,,0,5.000000e+000,5.000000e-001,2,1,3.528824e-001,0,1,0,
1432781127.740,,2.500000e+002,4.412923e+001,-1.426620e-004,0.000000e+000,-5.803793e-001,0.000000e+000,3,0.000000e+000,1.825000e+000,,,,,,,,,,,,,,,,,,0,5.000000e+000,5.000000e-001,2,1,3.396492e-001,0,1,0,
1432781138.906,,2.500000e+002,4.376337e+001,-1.522026e-004,0.000000e+000,-5.811378e-001,0.000000e+000,3,0.000000e+000,1.825000e+000,,,,,,,,,,,,,,,,,,0,5.000000e+000,5.000000e-001,2,1,3.920822e-001,0,1,0,
1432781149.478,,2.500000e+002,4.335221e+001,-1.618754e-004,0.000000e+000,-5.807627e-001,0.000000e+000,3,0.000000e+000,1.825000e+000,,,,,,,,,,,,,,,,,,0,5.000000e+000,5.000000e-001,2,1,3.519592e-001,0,1,0,
1432781164.194,,2.500000e+002,4.281339e+001,-1.757681e-004,0.000000e+000,-5.812300e-001,0.000000e+000,3,0.000000e+000,1.825000e+000,,,,,,,,,,,,,,,,,,0,5.000000e+000,5.000000e-001,2,1,3.070107e-001,0,1,0,
1432781175.862,,2.500000e+002,4.238869e+001,-1.866946e-004,0.000000e+000,-5.812126e-001,0.000000e+000,3,0.000000e+000,1.825000e+000,,,,,,,,,,,,,,,,,,0,5.000000e+000,5.000000e-001,2,1,3.045082e-001,0,1,0,
1432781191.739,,2.500000e+002,4.182872e+001,-2.020713e-004,0.000000e+000,-5.809521e-001,0.000000e+000,3,0.000000e+000,1.825000e+000,,,,,,,,,,,,,,,,,,0,5.000000e+000,5.000000e-001,2,1,3.392181e-001,0,1,0,
1432781202.704,,2.500000e+002,4.142686e+001,-2.125998e-004,0.000000e+000,-5.810527e-001,0.000000e+000,3,0.000000e+000,1.825000e+000,,,,,,,,,,,,,,,,,,0,5.000000e+000,5.000000e-001,2,1,2.982903e-001,0,1,0,
1432781228.830,,2.500000e+002,4.050410e+001,-2.371950e-004,0.000000e+000,-5.811233e-001,0.000000e+000,3,0.000000e+000,1.825000e+000,,,,,,,,,,,,,,,,,,0,5.000000e+000,5.000000e-001,2,1,2.980995e-001,0,1,0,
1432781240.902,,2.500000e+002,4.010576e+001,-2.482808e-004,0.000000e+000,-5.813929e-001,0.000000e+000,3,0.000000e+000,1.825000e+000,,,,,,,,,,,,,,,,,,0,5.000000e+000,5.000000e-001,2,1,3.372993e-001,0,1,0,
1432781251.367,,2.500000e+002,3.970579e+001,-2.579226e-004,0.000000e+000,-5.816047e-001,0.000000e+000,3,0.000000e+000,1.825000e+000,,,,,,,,,,,,,,,,,,0,5.000000e+000,5.000000e-001,2,1,2.980995e-001,0,1,0,
1432781261.833,,2.500000e+002,3.935796e+001,-2.672803e-004,0.000000e+000,-5.817400e-001,0.000000e+000,3,0.000000e+000,1.825000e+000,,,,,,,,,,,,,,,,,,0,5.000000e+000,5.000000e-001,2,1,3.119583e-001,0,1,0,
1432781277.075,,2.500000e+002,3.879609e+001,-2.809420e-004,0.000000e+000,-5.816808e-001,0.000000e+000,3,0.000000e+000,1.825000e+000,,,,,,,,,,,,,,,,,,0,5.000000e+000,5.000000e-001,2,1,3.111115e-001,0,1,0,
1432781287.289,,2.500000e+002,3.844153e+001,-2.901861e-004,0.000000e+000,-5.809680e-001,0.000000e+000,3,0.000000e+000,1.825000e+000,,,,,,,,,,,,,,,,,,0,5.000000e+000,5.000000e-001,2,1,3.192024e-001,0,1,0,
1432781305.006,,2.500000e+002,3.781004e+001,-3.053542e-004,0.000000e+000,-5.818787e-001,0.000000e+000,3,0.000000e+000,1.825000e+000,,,,,,,,,,,,,,,,,,0,5.000000e+000,5.000000e-001,2,1,3.550797e-001,0,1,0,
1432781315.254,,2.500000e+002,3.743114e+001,-3.139995e-004,0.000000e+000,-5.818970e-001,0.000000e+000,3,0.000000e+000,1.825000e+000,,,,,,,,,,,,,,,,,,0,5.000000e+000,5.000000e-001,2,1,3.191414e-001,0,1,0,
1432781332.172,,2.500000e+002,3.681332e+001,-3.279021e-004,0.000000e+000,-5.819638e-001,0.000000e+000,3,0.000000e+000,1.825000e+000,,,,,,,,,,,,,,,,,,0,5.000000e+000,5.000000e-001,2,1,3.106766e-001,0,1,0,
1432781342.243,,2.500000e+002,3.644035e+001,-3.358721e-004,0.000000e+000,-5.813755e-001,0.000000e+000,3,0.000000e+000,1.825000e+000,,,,,,,,,,,,,,,,,,0,5.000000e+000,5.000000e-001,2,1,2.681313e-001,0,1,0,
1432781361.661,,2.500000e+002,3.577138e+001,-3.505736e-004,0.000000e+000,-5.819685e-001,0.000000e+000,3,0.000000e+000,1.825000e+000,,,,,,,,,,,,,,,,,,0,5.000000e+000,5.000000e-001,2,1,2.943382e-001,0,1,0,
1432781372.484,,2.500000e+002,3.543964e+001,-3.581153e-004,0.000000e+000,-5.817881e-001,0.000000e+000,3,0.000000e+000,1.825000e+000,,,,,,,,,,,,,,,,,,0,5.000000e+000,5.000000e-001,2,1,2.924690e-001,0,1,0,
1432781390.901,,2.500000e+002,3.478159e+001,-3.711853e-004,0.000000e+000,-5.819092e-001,0.000000e+000,3,0.000000e+000,1.825000e+000,,,,,,,,,,,,,,,,,,0,5.000000e+000,5.000000e-001,2,1,2.668114e-001,0,1,0,
1432781401.474,,2.500000e+002,3.443327e+001,-3.787372e-004,0.000000e+000,-5.820050e-001,0.000000e+000,3,0.000000e+000,1.825000e+000,,,,,,,,,,,,,,,,,,0,5.000000e+000,5.000000e-001,2,1,3.521309e-001,0,1,0,
1432781429.655,,2.500000e+002,3.341882e+001,-3.984586e-004,0.000000e+000,-5.823653e-001,0.000000e+000,3,0.000000e+000,1.825000e+000,,,,,,,,,,,,,,,,,,0,5.000000e+000,5.000000e-001,2,1,3.071709e-001,0,1,0,
1432781440.073,,2.500000e+002,3.305441e+001,-4.055747e-004,0.000000e+000,-5.823432e-001,0.000000e+000,3,0.000000e+000,1.825000e+000,,,,,,,,,,,,,,,,,,0,5.000000e+000,5.000000e-001,2,1,3.445511e-001,0,1,0,
1432781450.395,,2.500000e+002,3.269028e+001,-4.125640e-004,0.000000e+000,-5.825250e-001,0.000000e+000,3,0.000000e+000,1.825000e+000,,,,,,,,,,,,,,,,,,0,5.000000e+000,5.000000e-001,2,1,3.110580e-001,0,1,0,
1432781460.611,,2.500000e+002,3.233934e+001,-4.193735e-004,0.000000e+000,-5.825886e-001,0.000000e+000,3,0.000000e+000,1.825000e+000,,,,,,,,,,,,,,,,,,0,5.000000e+000,5.000000e-001,2,1,3.114700e-001,0,1,0,
1432781474.527,,2.500000e+002,3.184033e+001,-4.286075e-004,0.000000e+000,-5.826371e-001,0.000000e+000,3,0.000000e+000,1.825000e+000,,,,,,,,,,,,,,,,,,0,5.000000e+000,5.000000e-001,2,1,3.049583e-001,0,1,0,
1432781486.357,,2.500000e+002,3.144818e+001,-4.358704e-004,0.000000e+000,-5.830945e-001,0.000000e+000,3,0.000000e+000,1.825000e+000,,,,,,,,,,,,,,,,,,0,5.000000e+000,5.000000e-001,2,1,3.337612e-001,0,1,0,
1432781504.573,,2.500000e+002,3.083147e+001,-4.469238e-004,0.000000e+000,-5.831251e-001,0.000000e+000,3,0.000000e+000,1.825000e+000,,,,,,,,,,,,,,,,,,0,5.000000e+000,5.000000e-001,2,1,3.052998e-001,0,1,0,
1432781515.538,,2.500000e+002,3.046630e+001,-4.536223e-004,0.000000e+000,-5.833132e-001,0.000000e+000,3,0.000000e+000,1.825000e+000,,,,,,,,,,,,,,,,,,0,5.000000e+000,5.000000e-001,2,1,3.443394e-001,0,1,0,
1432781533.755,,2.500000e+002,2.980883e+001,-4.645974e-004,0.000000e+000,-5.833933e-001,0.000000e+000,3,0.000000e+000,1.825000e+000,,,,,,,,,,,,,,,,,,0,5.000000e+000,5.000000e-001,2,1,2.746601e-001,0,1,0,
1432781544.720,,2.500000e+002,2.944421e+001,-4.711143e-004,0.000000e+000,-5.839881e-001,0.000000e+000,3,0.000000e+000,1.825000e+000,,,,,,,,,,,,,,,,,,0,5.000000e+000,5.000000e-001,2,1,3.056087e-001,0,1,0,
1432781562.436,,2.500000e+002,2.883623e+001,-4.813279e-004,0.000000e+000,-5.837371e-001,0.000000e+000,3,0.000000e+000,1.825000e+000,,,,,,,,,,,,,,,,,,0,5.000000e+000,5.000000e-001,2,1,3.066902e-001,0,1,0,
1432781572.404,,2.500000e+002,2.849744e+001,-4.869326e-004,0.000000e+000,-5.838115e-001,0.000000e+000,3,0.000000e+000,1.825000e+000,,,,,,,,,,,,,,,,,,0,5.000000e+000,5.000000e-001,2,1,2.934608e-001,0,1,0,
1432781593.467,,2.500000e+002,2.781145e+001,-4.985100e-004,0.000000e+000,-5.842127e-001,0.000000e+000,3,0.000000e+000,1.825000e+000,,,,,,,,,,,,,,,,,,0,5.000000e+000,5.000000e-001,2,1,3.095188e-001,0,1,0,
1432781605.183,,2.500000e+002,2.742982e+001,-5.050650e-004,0.000000e+000,-5.840873e-001,0.000000e+000,3,0.000000e+000,1.825000e+000,,,,,,,,,,,,,,,,,,0,5.000000e+000,5.000000e-001,2,1,2.975101e-001,0,1,0,
1432781623.852,,2.500000e+002,2.686371e+001,-5.137916e-004,0.000000e+000,-5.840771e-001,0.000000e+000,3,0.000000e+000,1.825000e+000,,,,,,,,,,,,,,,,,,0,5.000000e+000,5.000000e-001,2,1,2.364998e-001,0,1,0,
1432781633.924,,2.500000e+002,2.654943e+001,-5.187881e-004,0.000000e+000,-5.842196e-001,0.000000e+000,3,0.000000e+000,1.825000e+000,,,,,,,,,,,,,,,,,,0,5.000000e+000,5.000000e-001,2,1,2.581997e-001,0,1,0,
1432781656.889,,2.500000e+002,2.585838e+001,-5.298438e-004,0.000000e+000,-5.840394e-001,0.000000e+000,3,0.000000e+000,1.825000e+000,,,,,,,,,,,,,,,,,,0,5.000000e+000,5.000000e-001,2,1,2.809811e-001,0,1,0,
1432781667.306,,2.500000e+002,2.554620e+001,-5.345414e-004,0.000000e+000,-5.841596e-001,0.000000e+000,3,0.000000e+000,1.825000e+000,,,,,,,,,,,,,,,,,,0,5.000000e+000,5.000000e-001,2,1,2.055302e-001,0,1,0,
1432781691.129,,2.500000e+002,2.470139e+001,-5.471751e-004,0.000000e+000,-5.846468e-001,0.000000e+000,3,0.000000e+000,1.825000e+000,,,,,,,,,,,,,,,,,,0,5.000000e+000,5.000000e-001,2,1,5.178604e-001,0,1,0,
1432781701.594,,2.500000e+002,2.399501e+001,-5.596010e-004,0.000000e+000,-5.844126e-001,0.000000e+000,3,0.000000e+000,1.825000e+000,,,,,,,,,,,,,,,,,,0,5.000000e+000,5.000000e-001,2,1,7.127991e-001,0,1,0,
1432781711.762,,2.500000e+002,2.339606e+001,-5.675547e-004,0.000000e+000,-5.844288e-001,0.000000e+000,3,0.000000e+000,1.825000e+000,,,,,,,,,,,,,,,,,,0,5.000000e+000,5.000000e-001,2,1,2.120895e-001,0,1,0,
1432781721.834,,2.500000e+002,2.330453e+001,-5.678701e-004,0.000000e+000,-5.846089e-001,0.000000e+000,3,0.000000e+000,1.825000e+000,,,,,,,,,,,,,,,,,,0,5.000000e+000,5.000000e-001,2,1,3.484154e-002,0,1,0,
1432781757.302,,2.500000e+002,2.267064e+001,-5.778158e-004,0.000000e+000,-5.847300e-001,0.000000e+000,3,0.000000e+000,1.825000e+000,,,,,,,,,,,,,,,,,,0,5.000000e+000,5.000000e-001,2,1,5.132904e-001,0,1,0,
1432781768.518,,2.500000e+002,2.195580e+001,-5.891470e-004,0.000000e+000,-5.848833e-001,0.000000e+000,3,0.000000e+000,1.825000e+000,,,,,,,,,,,,,,,,,,0,5.000000e+000,5.000000e-001,2,1,5.503693e-001,0,1,0,
1432781779.483,,2.500000e+002,2.163937e+001,-5.919366e-004,0.000000e+000,-5.848998e-001,0.000000e+000,3,0.000000e+000,1.825000e+000,,,,,,,,,,,,,,,,,,0,5.000000e+000,5.000000e-001,2,1,3.711128e-002,0,1,0,
1432781789.699,,2.500000e+002,2.152518e+001,-5.933022e-004,0.000000e+000,-5.846211e-001,0.000000e+000,3,0.000000e+000,1.825000e+000,,,,,,,,,,,,,,,,,,0,5.000000e+000,5.000000e-001,2,1,1.749401e-001,0,1,0,
1432781809.867,,2.500000e+002,2.084188e+001,-6.037742e-004,0.000000e+000,-5.846214e-001,0.000000e+000,3,0.000000e+000,1.825000e+000,,,,,,,,,,,,,,,,,,0,5.000000e+000,5.000000e-001,2,1,3.064690e-001,0,1,0,
1432781820.439,,2.500000e+002,2.048236e+001,-6.082933e-004,0.000000e+000,-5.847362e-001,0.000000e+000,3,0.000000e+000,1.825000e+000,,,,,,,,,,,,,,,,,,0,5.000000e+000,5.000000e-001,2,1,2.838192e-001,0,1,0,
1432781843.155,,2.500000e+002,1.980226e+001,-6.180168e-004,0.000000e+000,-5.850762e-001,0.000000e+000,3,0.000000e+000,1.825000e+000,,,,,,,,,,,,,,,,,,0,5.000000e+000,5.000000e-001,2,1,2.668304e-001,0,1,0,
1432781853.620,,2.500000e+002,1.946951e+001,-6.223348e-004,0.000000e+000,-5.852783e-001,0.000000e+000,3,0.000000e+000,1.825000e+000,,,,,,,,,,,,,,,,,,0,5.000000e+000,5.000000e-001,2,1,2.684288e-001,0,1,0,
1432781874.086,,2.500000e+002,1.881090e+001,-6.313718e-004,0.000000e+000,-5.845073e-001,0.000000e+000,3,0.000000e+000,1.825000e+000,,,,,,,,,,,,,,,,,,0,5.000000e+000,5.000000e-001,2,1,2.727394e-001,0,1,0,
1432781884.326,,2.500000e+002,1.847878e+001,-6.356996e-004,0.000000e+000,-5.845601e-001,0.000000e+000,3,0.000000e+000,1.825000e+000,,,,,,,,,,,,,,,,,,0,5.000000e+000,5.000000e-001,2,1,2.456398e-001,0,1,0,
1432781906.542,,2.500000e+002,1.775410e+001,-6.451529e-004,0.000000e+000,-5.851883e-001,0.000000e+000,3,0.000000e+000,1.825000e+000,,,,,,,,,,,,,,,,,,0,5.000000e+000,5.000000e-001,2,1,2.786503e-001,0,1,0,
1432781917.007,,2.500000e+002,1.741903e+001,-6.496020e-004,0.000000e+000,-5.848974e-001,0.000000e+000,3,0.000000e+000,1.825000e+000,,,,,,,,,,,,,,,,,,0,5.000000e+000,5.000000e-001,2,1,2.481785e-001,0,1,0,
1432781934.735,,2.500000e+002,1.684218e+001,-6.571867e-004,0.000000e+000,-5.851075e-001,0.000000e+000,3,0.000000e+000,1.825000e+000,,,,,,,,,,,,,,,,,,0,5.000000e+000,5.000000e-001,2,1,3.041000e-001,0,1,0,
1432781945.700,,2.500000e+002,1.646701e+001,-6.620068e-004,0.000000e+000,-5.847433e-001,0.000000e+000,3,0.000000e+000,1.825000e+000,,,,,,,,,,,,,,,,,,0,5.000000e+000,5.000000e-001,2,1,2.919102e-001,0,1,0,
1432782287.992,,2.500000e+002,1.600198e+001,-6.675085e-004,0.000000e+000,-5.844696e-001,0.000000e+000,3,0.000000e+000,1.825000e+000,,,,,,,,,,,,,,,,,,0,5.000000e+000,5.000000e-001,2,1,1.380920e-003,0,1,0,
1432782298.017,,2.500000e+002,1.600319e+001,-6.676696e-004,0.000000e+000,-5.847893e-001,0.000000e+000,3,0.000000e+000,1.825000e+000,,,,,,,,,,,,,,,,,,0,5.000000e+000,5.000000e-001,2,1,3.509521e-004,0,1,0,
1432782413.099,,2.500000e+002,1.498692e+001,-6.804955e-004,0.000000e+000,-5.842561e-001,0.000000e+000,3,0.000000e+000,1.825000e+000,,,,,,,,,,,,,,,,,,0,5.000000e+000,5.000000e-001,2,1,7.929802e-003,0,0,0,
1432782423.314,,2.500000e+002,1.499377e+001,-6.803841e-004,0.000000e+000,-5.845433e-001,0.000000e+000,3,0.000000e+000,1.825000e+000,,,,,,,,,,,,,,,,,,0,5.000000e+000,5.000000e-001,2,1,3.350258e-003,0,0,0,
1432782465.533,,2.500000e+002,1.391262e+001,-6.938486e-004,0.000000e+000,-5.848659e-001,0.000000e+000,3,0.000000e+000,1.825000e+000,,,,,,,,,,,,,,,,,,0,5.000000e+000,5.000000e-001,2,1,1.295404e-001,0,0,0,
1432782475.498,,2.500000e+002,1.376029e+001,-6.959504e-004,0.000000e+000,-5.838562e-001,0.000000e+000,3,0.000000e+000,1.825000e+000,,,,,,,,,,,,,,,,,,0,5.000000e+000,5.000000e-001,2,1,1.355801e-001,0,0,0,
1432782527.218,,2.500000e+002,1.292334e+001,-7.060297e-004,0.000000e+000,-5.843262e-001,0.000000e+000,3,0.000000e+000,1.825000e+000,,,,,,,,,,,,,,,,,,0,5.000000e+000,5.000000e-001,2,1,1.507301e-001,0,0,0,
1432782538.485,,2.500000e+002,1.273878e+001,-7.082864e-004,0.000000e+000,-5.842403e-001,0.000000e+000,3,0.000000e+000,1.825000e+000,,,,,,,,,,,,,,,,,,0,5.000000e+000,5.000000e-001,2,1,1.376705e-001,0,0,0,
1432782588.656,,2.500000e+002,1.191940e+001,-7.178168e-004,0.000000e+000,-5.844895e-001,0.000000e+000,3,0.000000e+000,1.825000e+000,,,,,,,,,,,,,,,,,,0,5.000000e+000,5.000000e-001,2,1,1.360197e-001,0,0,0,
1432782598.772,,2.500000e+002,1.176412e+001,-7.196570e-004,0.000000e+000,-5.848258e-001,0.000000e+000,3,0.000000e+000,1.825000e+000,,,,,,,,,,,,,,,,,,0,5.000000e+000,5.000000e-001,2,1,1.233501e-001,0,0,0,
1432782651.491,,2.500000e+002,1.091749e+001,-7.291618e-004,0.000000e+000,-5.850141e-001,0.000000e+000,3,0.000000e+000,1.825000e+000,,,,,,,,,,,,,,,,,,0,5.000000e+000,5.000000e-001,2,1,1.495209e-001,0,0,0,
1432782661.706,,2.500000e+002,1.075344e+001,-7.311584e-004,0.000000e+000,-5.845509e-001,0.000000e+000,3,0.000000e+000,1.825000e+000,,,,,,,,,,,,,,,,,,0,5.000000e+000,5.000000e-001,2,1,1.500206e-001,0,0,0,
1432782714.191,,2.500000e+002,9.897631e+000,-7.409424e-004,0.000000e+000,-5.843831e-001,0.000000e+000,3,0.000000e+000,1.825000e+000,,,,,,,,,,,,,,,,,,0,5.000000e+000,5.000000e-001,2,1,1.465807e-001,0,0,0,
1432782724.162,,2.500000e+002,9.731279e+000,-7.425838e-004,0.000000e+000,-5.843551e-001,0.000000e+000,3,0.000000e+000,1.825000e+000,,,,,,,,,,,,,,,,,,0,5.000000e+000,5.000000e-001,2,1,1.491346e-001,0,0,0,
1432782774.309,,2.500000e+002,8.924273e+000,-7.511920e-004,0.000000e+000,-5.852959e-001,0.000000e+000,3,0.000000e+000,1.825000e+000,,,,,,,,,,,,,,,,,,0,5.000000e+000,5.000000e-001,2,1,1.501694e-001,0,1,0,
1432782784.002,,2.500000e+002,8.764210e+000,-7.531104e-004,0.000000e+000,-5.843669e-001,0.000000e+000,3,0.000000e+000,1.825000e+000,,,,,,,,,,,,,,,,,,0,5.000000e+000,5.000000e-001,2,1,1.331444e-001,0,1,0,
1432782840.721,,2.500000e+002,7.916393e+000,-7.618540e-004,0.000000e+000,-5.849294e-001,0.000000e+000,3,0.000000e+000,1.825000e+000,,,,,,,,,,,,,,,,,,0,5.000000e+000,5.000000e-001,2,1,1.330266e-001,0,1,0,
1432782852.124,,2.500000e+002,7.737722e+000,-7.636825e-004,0.000000e+000,-5.845960e-001,0.000000e+000,3,0.000000e+000,1.825000e+000,,,,,,,,,,,,,,,,,,0,5.000000e+000,5.000000e-001,2,1,1.412501e-001,0,1,0,
1432782904.202,,2.500000e+002,6.916929e+000,-7.716623e-004,0.000000e+000,-5.853825e-001,0.000000e+000,3,0.000000e+000,1.825000e+000,,,,,,,,,,,,,,,,,,0,5.000000e+000,5.000000e-001,2,1,1.312661e-001,0,1,0,
1432782914.435,,2.500000e+002,6.782648e+000,-7.735071e-004,0.000000e+000,-5.851307e-001,0.000000e+000,3,0.000000e+000,1.825000e+000,,,,,,,,,,,,,,,,,,0,5.000000e+000,5.000000e-001,2,1,1.372957e-001,0,1,0,
1432782967.904,,2.500000e+002,5.858063e+000,-7.814275e-004,0.000000e+000,-5.852220e-001,0.000000e+000,3,0.000000e+000,1.825000e+000,,,,,,,,,,,,,,,,,,0,5.000000e+000,5.000000e-001,2,1,2.035661e-001,0,1,0,
1432782978.869,,2.500000e+002,5.685394e+000,-7.833483e-004,0.000000e+000,-5.849777e-001,0.000000e+000,3,0.000000e+000,1.825000e+000,,,,,,,,,,,,,,,,,,0,5.000000e+000,5.000000e-001,2,1,1.021161e-001,0,1,0,
1432783126.821,,2.500000e+002,5.002438e+000,-7.906898e-004,0.000000e+000,-5.844926e-001,0.000000e+000,3,0.000000e+000,1.825000e+000,,,,,,,,,,,,,,,,,,0,5.000000e+000,5.000000e-001,2,1,4.209042e-003,0,0,0,
1432783136.893,,2.500000e+002,5.003736e+000,-7.905830e-004,0.000000e+000,-5.846058e-001,0.000000e+000,3,0.000000e+000,1.825000e+000,,,,,,,,,,,,,,,,,,0,5.000000e+000,5.000000e-001,2,1,3.709793e-004,0,0,0,
