[Header]
TITLE,MPMS RSO Measurement
BYAPP,MPMS Measurement,1.1,Summary
FILEOPENTIME, 1432763032.740000 5/28/2015, 9:43:52 AM

INFO, APPNAME, MPMS MultiVu Application, Revision 1.61,  Build 082

INFO, NAME, A269
INFO, WEIGHT, 22.300
INFO, AREA, 1.000
INFO, LENGTH, 1.000
INFO, SHAPE, 1
INFO, COMMENT, m = 0.0223g
INFO, SEQUENCE FILE: cool_zero_field.seq


INFO, BACKGROUND DATA FILE:, None


STARTUPAXIS,X,4,LINEAR,AUTO,0.000000,0.000000
STARTUPAXIS,Y1,5,LINEAR,AUTO,0.000000,0.000000


STARTUPGROUP,Longitudinal
FIELDGROUP,Longitudinal,1,2,3,4,5,6,7,8,9,10,11,19,20,21,22,23,35
FIELDGROUP,Transverse,1,2,3,4,12,13,14,15,16,17,18,24,25,26,27,28,35

PLOT_APPEARANCE,ALL,HORZ_GRID_ON,VERT_GRID_ON,MARKERS_AND_LINES

[Data]
Time,Comment,Field (Oe),Temperature (K),Long Moment (emu),Long Scan Std Dev,Long Offset (cm),Long Offset Std Dev,Long Algorithm,Long Reg Fit,Long Reg Factor,Trans Moment (emu),Trans Scan Std Dev,Trans Offset (cm),Trans Offset Std Dev,Trans Algorithm,Trans Reg Fit,Trans Reg Factor,Long Moment [w/o ABS] (emu),Long Scan Std Dev [w/o ABS],Long Offset [w/o ABS] (cm),Long Offset Std Dev [w/o ABS],Long Reg Fit [w/o ABS],Trans Moment [w/o ABS] (emu),Trans Scan Std Dev [w/o ABS],Trans Offset [w/o ABS] (cm),Trans Offset Std Dev [w/o ABS],Trans Reg Fit [w/o ABS],RSO Position (deg),Amplitude (cm),Frequency,Cycles to Average,Scans per Measurement,Delta Temp (K),Error,EC Comp. Running,Using ABS,
1432763032.718,,0.000000e+000,2.999893e+002,2.728341e-007,0.000000e+000,6.228712e-001,0.000000e+000,3,5.637025e-001,1.825000e+000,,,,,,,,,,,,,,,,,,0,5.000000e+000,5.000000e-001,2,1,1.019287e-002,0,1,0,
1432763043.684,,0.000000e+000,2.999842e+002,2.841738e-007,0.000000e+000,6.076704e-001,0.000000e+000,3,5.114067e-001,1.825000e+000,,,,,,,,,,,,,,,,,,0,5.000000e+000,5.000000e-001,2,1,0.000000e+000,0,1,0,
1432763204.914,,0.000000e+000,2.943196e+002,2.804143e-007,0.000000e+000,8.023513e-001,0.000000e+000,3,4.965135e-001,1.825000e+000,,,,,,,,,,,,,,,,,,0,5.000000e+000,5.000000e-001,2,1,1.110901e+000,0,1,0,
1432763216.379,,0.000000e+000,2.929216e+002,2.953736e-007,0.000000e+000,6.829818e-001,0.000000e+000,3,5.512102e-001,1.825000e+000,,,,,,,,,,,,,,,,,,0,5.000000e+000,5.000000e-001,2,1,1.274506e+000,0,1,0,
1432763245.097,,0.000000e+000,2.889446e+002,2.583003e-007,0.000000e+000,7.058296e-001,0.000000e+000,3,5.710783e-001,1.825000e+000,,,,,,,,,,,,,,,,,,0,5.000000e+000,5.000000e-001,2,1,1.463501e+000,0,1,0,
1432763255.991,,0.000000e+000,2.871724e+002,2.840859e-007,0.000000e+000,6.949960e-001,0.000000e+000,3,4.440516e-001,1.825000e+000,,,,,,,,,,,,,,,,,,0,5.000000e+000,5.000000e-001,2,1,1.536987e+000,0,1,0,
1432763277.078,,0.000000e+000,2.836813e+002,2.914383e-007,0.000000e+000,7.745453e-001,0.000000e+000,3,4.120297e-001,1.825000e+000,,,,,,,,,,,,,,,,,,0,5.000000e+000,5.000000e-001,2,1,1.913300e+000,0,1,0,
1432763289.044,,0.000000e+000,2.813225e+002,3.181236e-007,0.000000e+000,7.525025e-001,0.000000e+000,3,4.075832e-001,1.825000e+000,,,,,,,,,,,,,,,,,,0,5.000000e+000,5.000000e-001,2,1,1.780396e+000,0,1,0,
1432763304.702,,0.000000e+000,2.783360e+002,3.081488e-007,0.000000e+000,6.308580e-001,0.000000e+000,3,6.439635e-001,1.825000e+000,,,,,,,,,,,,,,,,,,0,5.000000e+000,5.000000e-001,2,1,1.851990e+000,0,1,0,
1432763316.524,,0.000000e+000,2.760872e+002,3.035931e-007,0.000000e+000,6.845124e-001,0.000000e+000,3,5.144342e-001,1.825000e+000,,,,,,,,,,,,,,,,,,0,5.000000e+000,5.000000e-001,2,1,1.904297e+000,0,1,0,
1432763329.489,,0.000000e+000,2.734606e+002,2.892399e-007,0.000000e+000,6.782331e-001,0.000000e+000,3,5.628803e-001,1.825000e+000,,,,,,,,,,,,,,,,,,0,5.000000e+000,5.000000e-001,2,1,2.165314e+000,0,1,0,
1432763340.955,,0.000000e+000,2.711644e+002,2.775905e-007,0.000000e+000,6.309915e-001,0.000000e+000,3,5.465232e-001,1.825000e+000,,,,,,,,,,,,,,,,,,0,5.000000e+000,5.000000e-001,2,1,1.649200e+000,0,1,0,
1432763352.669,,0.000000e+000,2.685925e+002,3.100108e-007,0.000000e+000,6.254052e-001,0.000000e+000,3,6.558791e-001,1.825000e+000,,,,,,,,,,,,,,,,,,0,5.000000e+000,5.000000e-001,2,1,2.048309e+000,0,1,0,
1432763364.829,,0.000000e+000,2.660820e+002,2.838572e-007,0.000000e+000,5.615076e-001,0.000000e+000,3,5.909016e-001,1.825000e+000,,,,,,,,,,,,,,,,,,0,5.000000e+000,5.000000e-001,2,1,2.320282e+000,0,1,0,
1432763376.426,,0.000000e+000,2.635634e+002,2.801019e-007,0.000000e+000,6.839374e-001,0.000000e+000,3,6.190715e-001,1.825000e+000,,,,,,,,,,,,,,,,,,0,5.000000e+000,5.000000e-001,2,1,1.954803e+000,0,1,0,
1432763387.890,,0.000000e+000,2.610453e+002,2.656615e-007,0.000000e+000,6.907094e-001,0.000000e+000,3,6.160256e-001,1.825000e+000,,,,,,,,,,,,,,,,,,0,5.000000e+000,5.000000e-001,2,1,1.863190e+000,0,1,0,
1432763399.388,,0.000000e+000,2.586916e+002,3.284182e-007,0.000000e+000,5.526643e-001,0.000000e+000,3,5.940966e-001,1.825000e+000,,,,,,,,,,,,,,,,,,0,5.000000e+000,5.000000e-001,2,1,2.111420e+000,0,1,0,
1432763411.352,,0.000000e+000,2.562296e+002,2.911231e-007,0.000000e+000,6.393738e-001,0.000000e+000,3,5.376632e-001,1.825000e+000,,,,,,,,,,,,,,,,,,0,5.000000e+000,5.000000e-001,2,1,2.078812e+000,0,1,0,
1432763423.317,,0.000000e+000,2.536262e+002,2.621998e-007,0.000000e+000,5.996072e-001,0.000000e+000,3,5.287812e-001,1.825000e+000,,,,,,,,,,,,,,,,,,0,5.000000e+000,5.000000e-001,2,1,2.321793e+000,0,1,0,
1432763434.782,,0.000000e+000,2.510275e+002,2.679346e-007,0.000000e+000,6.157039e-001,0.000000e+000,3,6.349238e-001,1.825000e+000,,,,,,,,,,,,,,,,,,0,5.000000e+000,5.000000e-001,2,1,2.086395e+000,0,1,0,
1432763447.250,,0.000000e+000,2.485404e+002,2.478270e-007,0.000000e+000,6.584496e-001,0.000000e+000,3,4.878342e-001,1.825000e+000,,,,,,,,,,,,,,,,,,0,5.000000e+000,5.000000e-001,2,1,2.086411e+000,0,1,0,
1432763458.986,,0.000000e+000,2.459887e+002,2.623204e-007,0.000000e+000,7.141411e-001,0.000000e+000,3,4.617119e-001,1.825000e+000,,,,,,,,,,,,,,,,,,0,5.000000e+000,5.000000e-001,2,1,2.258408e+000,0,1,0,
1432763471.701,,0.000000e+000,2.433823e+002,3.045899e-007,0.000000e+000,5.355824e-001,0.000000e+000,3,5.004520e-001,1.825000e+000,,,,,,,,,,,,,,,,,,0,5.000000e+000,5.000000e-001,2,1,2.106003e+000,0,1,0,
1432763483.724,,0.000000e+000,2.409753e+002,2.835240e-007,0.000000e+000,5.758519e-001,0.000000e+000,3,7.123153e-001,1.825000e+000,,,,,,,,,,,,,,,,,,0,5.000000e+000,5.000000e-001,2,1,2.058304e+000,0,1,0,
1432763495.939,,0.000000e+000,2.384463e+002,2.605406e-007,0.000000e+000,6.424692e-001,0.000000e+000,3,4.870065e-001,1.825000e+000,,,,,,,,,,,,,,,,,,0,5.000000e+000,5.000000e-001,2,1,2.248398e+000,0,1,0,
1432763508.404,,0.000000e+000,2.359402e+002,3.150751e-007,0.000000e+000,5.635007e-001,0.000000e+000,3,5.100271e-001,1.825000e+000,,,,,,,,,,,,,,,,,,0,5.000000e+000,5.000000e-001,2,1,2.041199e+000,0,1,0,
1432763520.619,,0.000000e+000,2.335100e+002,3.094125e-007,0.000000e+000,5.895607e-001,0.000000e+000,3,5.459493e-001,1.825000e+000,,,,,,,,,,,,,,,,,,0,5.000000e+000,5.000000e-001,2,1,1.721207e+000,0,1,0,
1432763533.083,,0.000000e+000,2.310339e+002,2.559717e-007,0.000000e+000,6.458538e-001,0.000000e+000,3,4.820203e-001,1.825000e+000,,,,,,,,,,,,,,,,,,0,5.000000e+000,5.000000e-001,2,1,1.974899e+000,0,1,0,
1432763545.049,,0.000000e+000,2.290490e+002,2.455070e-007,0.000000e+000,6.778513e-001,0.000000e+000,3,6.691540e-001,1.825000e+000,,,,,,,,,,,,,,,,,,0,5.000000e+000,5.000000e-001,2,1,1.772293e+000,0,1,0,
1432763557.014,,0.000000e+000,2.264789e+002,2.644212e-007,0.000000e+000,5.949913e-001,0.000000e+000,3,5.257758e-001,1.825000e+000,,,,,,,,,,,,,,,,,,0,5.000000e+000,5.000000e-001,2,1,1.919708e+000,0,1,0,
1432763571.316,,0.000000e+000,2.238270e+002,2.805832e-007,0.000000e+000,5.747589e-001,0.000000e+000,3,4.881415e-001,1.825000e+000,,,,,,,,,,,,,,,,,,0,5.000000e+000,5.000000e-001,2,1,1.891205e+000,0,1,0,
1432763583.532,,0.000000e+000,2.216171e+002,2.992753e-007,0.000000e+000,5.644630e-001,0.000000e+000,3,5.611047e-001,1.825000e+000,,,,,,,,,,,,,,,,,,0,5.000000e+000,5.000000e-001,2,1,1.869904e+000,0,1,0,
1432763599.497,,0.000000e+000,2.186647e+002,2.920685e-007,0.000000e+000,5.908656e-001,0.000000e+000,3,5.336487e-001,1.825000e+000,,,,,,,,,,,,,,,,,,0,5.000000e+000,5.000000e-001,2,1,1.751007e+000,0,1,0,
1432763611.961,,0.000000e+000,2.165044e+002,2.627267e-007,0.000000e+000,5.872905e-001,0.000000e+000,3,5.831424e-001,1.825000e+000,,,,,,,,,,,,,,,,,,0,5.000000e+000,5.000000e-001,2,1,1.741989e+000,0,1,0,
1432763628.676,,0.000000e+000,2.136446e+002,3.110767e-007,0.000000e+000,5.553209e-001,0.000000e+000,3,5.402805e-001,1.825000e+000,,,,,,,,,,,,,,,,,,0,5.000000e+000,5.000000e-001,2,1,1.615005e+000,0,1,0,
1432763640.892,,0.000000e+000,2.116681e+002,2.878897e-007,0.000000e+000,4.963175e-001,0.000000e+000,3,6.334826e-001,1.825000e+000,,,,,,,,,,,,,,,,,,0,5.000000e+000,5.000000e-001,2,1,1.777908e+000,0,1,0,
1432763657.905,,0.000000e+000,2.087327e+002,2.463916e-007,0.000000e+000,5.280015e-001,0.000000e+000,3,5.737037e-001,1.825000e+000,,,,,,,,,,,,,,,,,,0,5.000000e+000,5.000000e-001,2,1,1.564606e+000,0,1,0,
1432763669.120,,0.000000e+000,2.070135e+002,2.340761e-007,0.000000e+000,5.049273e-001,0.000000e+000,3,4.963757e-001,1.825000e+000,,,,,,,,,,,,,,,,,,0,5.000000e+000,5.000000e-001,2,1,1.711395e+000,0,1,0,
1432763688.836,,0.000000e+000,2.038705e+002,2.952450e-007,0.000000e+000,5.744616e-001,0.000000e+000,3,6.064820e-001,1.825000e+000,,,,,,,,,,,,,,,,,,0,5.000000e+000,5.000000e-001,2,1,1.721588e+000,0,1,0,
1432763700.550,,0.000000e+000,2.020201e+002,3.080890e-007,0.000000e+000,5.565916e-001,0.000000e+000,3,4.668780e-001,1.825000e+000,,,,,,,,,,,,,,,,,,0,5.000000e+000,5.000000e-001,2,1,1.424713e+000,0,1,0,
1432763720.516,,0.000000e+000,1.988280e+002,3.019732e-007,0.000000e+000,5.198027e-001,0.000000e+000,3,5.457379e-001,1.825000e+000,,,,,,,,,,,,,,,,,,0,5.000000e+000,5.000000e-001,2,1,1.629303e+000,0,1,0,
1432763731.002,,0.000000e+000,1.971492e+002,2.448338e-007,0.000000e+000,6.674803e-001,0.000000e+000,3,4.944530e-001,1.825000e+000,,,,,,,,,,,,,,,,,,0,5.000000e+000,5.000000e-001,2,1,1.468903e+000,0,1,0,
1432763752.717,,0.000000e+000,1.939131e+002,2.995028e-007,0.000000e+000,4.865713e-001,0.000000e+000,3,5.843836e-001,1.825000e+000,,,,,,,,,,,,,,,,,,0,5.000000e+000,5.000000e-001,2,1,1.479507e+000,0,1,0,
1432763764.184,,0.000000e+000,1.921467e+002,2.965566e-007,0.000000e+000,6.484724e-001,0.000000e+000,3,5.194660e-001,1.825000e+000,,,,,,,,,,,,,,,,,,0,5.000000e+000,5.000000e-001,2,1,1.550797e+000,0,1,0,
1432763786.399,,0.000000e+000,1.888196e+002,3.012937e-007,0.000000e+000,5.392914e-001,0.000000e+000,3,6.262622e-001,1.825000e+000,,,,,,,,,,,,,,,,,,0,5.000000e+000,5.000000e-001,2,1,1.446594e+000,0,1,0,
1432763797.113,,0.000000e+000,1.872448e+002,2.815948e-007,0.000000e+000,4.942122e-001,0.000000e+000,3,4.965385e-001,1.825000e+000,,,,,,,,,,,,,,,,,,0,5.000000e+000,5.000000e-001,2,1,1.538910e+000,0,1,0,
1432763820.093,,0.000000e+000,1.839093e+002,2.825810e-007,0.000000e+000,5.618990e-001,0.000000e+000,3,6.287178e-001,1.825000e+000,,,,,,,,,,,,,,,,,,0,5.000000e+000,5.000000e-001,2,1,1.544708e+000,0,1,0,
1432763831.058,,0.000000e+000,1.822837e+002,2.485525e-007,0.000000e+000,4.307057e-001,0.000000e+000,3,5.006282e-001,1.825000e+000,,,,,,,,,,,,,,,,,,0,5.000000e+000,5.000000e-001,2,1,1.373001e+000,0,1,0,
1432763855.064,,0.000000e+000,1.789138e+002,3.092937e-007,0.000000e+000,4.395848e-001,0.000000e+000,3,4.073981e-001,1.825000e+000,,,,,,,,,,,,,,,,,,0,5.000000e+000,5.000000e-001,2,1,1.176102e+000,0,1,0,
1432763865.305,,0.000000e+000,1.773203e+002,2.879439e-007,0.000000e+000,5.648271e-001,0.000000e+000,3,4.906951e-001,1.825000e+000,,,,,,,,,,,,,,,,,,0,5.000000e+000,5.000000e-001,2,1,1.322693e+000,0,1,0,
1432763889.286,,0.000000e+000,1.741160e+002,2.595574e-007,0.000000e+000,4.979050e-001,0.000000e+000,3,4.169267e-001,1.825000e+000,,,,,,,,,,,,,,,,,,0,5.000000e+000,5.000000e-001,2,1,1.575104e+000,0,1,0,
1432763900.501,,0.000000e+000,1.724918e+002,2.859326e-007,0.000000e+000,5.221601e-001,0.000000e+000,3,5.336197e-001,1.825000e+000,,,,,,,,,,,,,,,,,,0,5.000000e+000,5.000000e-001,2,1,1.487106e+000,0,1,0,
1432763926.468,,0.000000e+000,1.689347e+002,3.300651e-007,0.000000e+000,4.777305e-001,0.000000e+000,3,6.207532e-001,1.825000e+000,,,,,,,,,,,,,,,,,,0,5.000000e+000,5.000000e-001,2,1,1.383194e+000,0,1,0,
1432763937.183,,0.000000e+000,1.674738e+002,2.345091e-007,0.000000e+000,5.841483e-001,0.000000e+000,3,3.565453e-001,1.825000e+000,,,,,,,,,,,,,,,,,,0,5.000000e+000,5.000000e-001,2,1,1.369095e+000,0,1,0,
1432763962.149,,0.000000e+000,1.640705e+002,2.519388e-007,0.000000e+000,4.929238e-001,0.000000e+000,3,4.377297e-001,1.825000e+000,,,,,,,,,,,,,,,,,,0,5.000000e+000,5.000000e-001,2,1,1.380798e+000,0,1,0,
1432763972.364,,0.000000e+000,1.626346e+002,2.879624e-007,0.000000e+000,4.733425e-001,0.000000e+000,3,6.035795e-001,1.825000e+000,,,,,,,,,,,,,,,,,,0,5.000000e+000,5.000000e-001,2,1,1.313202e+000,0,1,0,
1432763999.331,,0.000000e+000,1.591125e+002,2.510723e-007,0.000000e+000,4.619271e-001,0.000000e+000,3,4.329176e-001,1.825000e+000,,,,,,,,,,,,,,,,,,0,5.000000e+000,5.000000e-001,2,1,1.351089e+000,0,1,0,
1432764010.046,,0.000000e+000,1.576879e+002,2.401889e-007,0.000000e+000,4.145596e-001,0.000000e+000,3,4.510749e-001,1.825000e+000,,,,,,,,,,,,,,,,,,0,5.000000e+000,5.000000e-001,2,1,1.324997e+000,0,1,0,
1432764037.044,,0.000000e+000,1.542132e+002,2.490657e-007,0.000000e+000,4.617893e-001,0.000000e+000,3,4.592948e-001,1.825000e+000,,,,,,,,,,,,,,,,,,0,5.000000e+000,5.000000e-001,2,1,1.181396e+000,0,1,0,
1432764047.819,,0.000000e+000,1.528432e+002,2.630887e-007,0.000000e+000,3.302921e-001,0.000000e+000,3,5.645632e-001,1.825000e+000,,,,,,,,,,,,,,,,,,0,5.000000e+000,5.000000e-001,2,1,1.364105e+000,0,1,0,
1432764077.785,,0.000000e+000,1.490254e+002,2.858961e-007,0.000000e+000,3.803629e-001,0.000000e+000,3,6.231295e-001,1.825000e+000,,,,,,,,,,,,,,,,,,0,5.000000e+000,5.000000e-001,2,1,1.313599e+000,0,1,0,
1432764089.499,,0.000000e+000,1.474871e+002,2.852942e-007,0.000000e+000,3.537342e-001,0.000000e+000,3,5.044659e-001,1.825000e+000,,,,,,,,,,,,,,,,,,0,5.000000e+000,5.000000e-001,2,1,1.321396e+000,0,1,0,
1432764115.716,,0.000000e+000,1.439822e+002,2.731867e-007,0.000000e+000,2.732598e-001,0.000000e+000,3,5.734168e-001,1.825000e+000,,,,,,,,,,,,,,,,,,0,5.000000e+000,5.000000e-001,2,1,1.284195e+000,0,1,0,
1432764126.931,,0.000000e+000,1.424576e+002,2.552405e-007,0.000000e+000,3.221703e-001,0.000000e+000,3,6.147417e-001,1.825000e+000,,,,,,,,,,,,,,,,,,0,5.000000e+000,5.000000e-001,2,1,1.380905e+000,0,1,0,
1432764151.146,,0.000000e+000,1.391720e+002,2.874014e-007,0.000000e+000,3.621529e-001,0.000000e+000,3,6.150633e-001,1.825000e+000,,,,,,,,,,,,,,,,,,0,5.000000e+000,5.000000e-001,2,1,1.305298e+000,0,1,0,
1432764161.692,,0.000000e+000,1.375454e+002,2.752175e-007,0.000000e+000,3.290828e-001,0.000000e+000,3,5.985366e-001,1.825000e+000,,,,,,,,,,,,,,,,,,0,5.000000e+000,5.000000e-001,2,1,1.371002e+000,0,1,0,
1432764185.922,,0.000000e+000,1.339922e+002,2.527636e-007,0.000000e+000,2.237069e-001,0.000000e+000,3,5.074459e-001,1.825000e+000,,,,,,,,,,,,,,,,,,0,5.000000e+000,5.000000e-001,2,1,1.428192e+000,0,1,0,
1432764196.388,,0.000000e+000,1.323117e+002,2.719466e-007,0.000000e+000,2.842905e-001,0.000000e+000,3,6.130430e-001,1.825000e+000,,,,,,,,,,,,,,,,,,0,5.000000e+000,5.000000e-001,2,1,1.411301e+000,0,1,0,
1432764218.604,,0.000000e+000,1.289101e+002,2.896158e-007,0.000000e+000,1.553678e-001,0.000000e+000,3,5.454556e-001,1.825000e+000,,,,,,,,,,,,,,,,,,0,5.000000e+000,5.000000e-001,2,1,1.488998e+000,0,1,0,
1432764229.570,,0.000000e+000,1.272292e+002,2.699478e-007,0.000000e+000,1.664245e-001,0.000000e+000,3,4.497614e-001,1.825000e+000,,,,,,,,,,,,,,,,,,0,5.000000e+000,5.000000e-001,2,1,1.663506e+000,0,1,0,
1432764251.036,,0.000000e+000,1.237529e+002,2.498047e-007,0.000000e+000,2.214745e-001,0.000000e+000,3,6.418099e-001,1.825000e+000,,,,,,,,,,,,,,,,,,0,5.000000e+000,5.000000e-001,2,1,1.517799e+000,0,1,0,
1432764261.763,,0.000000e+000,1.220677e+002,2.650266e-007,0.000000e+000,1.909794e-001,0.000000e+000,3,6.723455e-001,1.825000e+000,,,,,,,,,,,,,,,,,,0,5.000000e+000,5.000000e-001,2,1,1.576401e+000,0,1,0,
1432764280.729,,0.000000e+000,1.189797e+002,2.941478e-007,0.000000e+000,2.781704e-001,0.000000e+000,3,7.227721e-001,1.825000e+000,,,,,,,,,,,,,,,,,,0,5.000000e+000,5.000000e-001,2,1,1.538200e+000,0,1,0,
1432764290.996,,0.000000e+000,1.172955e+002,2.761197e-007,0.000000e+000,2.592078e-001,0.000000e+000,3,6.958832e-001,1.825000e+000,,,,,,,,,,,,,,,,,,0,5.000000e+000,5.000000e-001,2,1,1.581001e+000,0,1,0,
1432764312.738,,0.000000e+000,1.137462e+002,2.824071e-007,0.000000e+000,1.441063e-001,0.000000e+000,3,6.411481e-001,1.825000e+000,,,,,,,,,,,,,,,,,,0,5.000000e+000,5.000000e-001,2,1,1.809105e+000,0,1,0,
1432764324.454,,0.000000e+000,1.115590e+002,2.513568e-007,0.000000e+000,2.914909e-001,0.000000e+000,3,6.192176e-001,1.825000e+000,,,,,,,,,,,,,,,,,,0,5.000000e+000,5.000000e-001,2,1,1.878098e+000,0,1,0,
1432764339.919,,0.000000e+000,1.086004e+002,2.402132e-007,0.000000e+000,1.340478e-001,0.000000e+000,3,5.861160e-001,1.825000e+000,,,,,,,,,,,,,,,,,,0,5.000000e+000,5.000000e-001,2,1,1.938499e+000,0,1,0,
1432764351.883,,0.000000e+000,1.063155e+002,2.676389e-007,0.000000e+000,8.656508e-002,0.000000e+000,3,7.260795e-001,1.825000e+000,,,,,,,,,,,,,,,,,,0,5.000000e+000,5.000000e-001,2,1,1.880600e+000,0,1,0,
1432764366.653,,0.000000e+000,1.036459e+002,2.862049e-007,0.000000e+000,8.249559e-002,0.000000e+000,3,7.161292e-001,1.825000e+000,,,,,,,,,,,,,,,,,,0,5.000000e+000,5.000000e-001,2,1,1.909599e+000,0,1,0,
1432764378.373,,0.000000e+000,1.016721e+002,2.805266e-007,0.000000e+000,1.106356e-001,0.000000e+000,3,6.734783e-001,1.825000e+000,,,,,,,,,,,,,,,,,,0,5.000000e+000,5.000000e-001,2,1,1.647606e+000,0,1,0,
1432765709.961,,0.000000e+000,9.998366e+001,2.636853e-007,0.000000e+000,1.781977e-001,0.000000e+000,3,7.586508e-001,1.825000e+000,,,,,,,,,,,,,,,,,,0,5.000000e+000,5.000000e-001,2,1,4.646301e-003,0,1,0,
1432765720.175,,0.000000e+000,9.998364e+001,2.444833e-007,0.000000e+000,1.530112e-001,0.000000e+000,3,6.935705e-001,1.825000e+000,,,,,,,,,,,,,,,,,,0,5.000000e+000,5.000000e-001,2,1,9.300232e-003,0,1,0,
1432765916.659,,0.000000e+000,9.999760e+001,2.864132e-007,0.000000e+000,1.553973e-001,0.000000e+000,3,6.915647e-001,1.825000e+000,,,,,,,,,,,,,,,,,,0,5.000000e+000,5.000000e-001,2,1,4.631042e-003,0,1,0,
1432765927.411,,0.000000e+000,9.999179e+001,2.480685e-007,0.000000e+000,1.662339e-001,0.000000e+000,3,6.922642e-001,1.825000e+000,,,,,,,,,,,,,,,,,,0,5.000000e+000,5.000000e-001,2,1,2.311707e-003,0,1,0,
1432766000.157,,0.000000e+000,9.884585e+001,2.505019e-007,0.000000e+000,1.192193e-001,0.000000e+000,3,7.632152e-001,1.825000e+000,,,,,,,,,,,,,,,,,,0,5.000000e+000,5.000000e-001,2,1,2.297363e-001,0,1,0,
1432766011.228,,0.000000e+000,9.852846e+001,2.380320e-007,0.000000e+000,1.458488e-001,0.000000e+000,3,6.978130e-001,1.825000e+000,,,,,,,,,,,,,,,,,,0,5.000000e+000,5.000000e-001,2,1,3.006973e-001,0,1,0,
1432766034.138,,0.000000e+000,9.767983e+001,2.637216e-007,0.000000e+000,1.465214e-001,0.000000e+000,3,7.765161e-001,1.825000e+000,,,,,,,,,,,,,,,,,,0,5.000000e+000,5.000000e-001,2,1,3.914490e-001,0,1,0,
1432766044.959,,0.000000e+000,9.722054e+001,2.497977e-007,0.000000e+000,1.215142e-001,0.000000e+000,3,7.533906e-001,1.825000e+000,,,,,,,,,,,,,,,,,,0,5.000000e+000,5.000000e-001,2,1,4.739685e-001,0,1,0,
1432766055.697,,0.000000e+000,9.666469e+001,2.878639e-007,0.000000e+000,2.054784e-001,0.000000e+000,3,7.794504e-001,1.825000e+000,,,,,,,,,,,,,,,,,,0,5.000000e+000,5.000000e-001,2,1,4.492111e-001,0,1,0,
1432766066.841,,0.000000e+000,9.607729e+001,2.831534e-007,0.000000e+000,1.003577e-001,0.000000e+000,3,7.801013e-001,1.825000e+000,,,,,,,,,,,,,,,,,,0,5.000000e+000,5.000000e-001,2,1,5.216751e-001,0,1,0,
1432766079.095,,0.000000e+000,9.541881e+001,2.610520e-007,0.000000e+000,1.457937e-001,0.000000e+000,3,7.819119e-001,1.825000e+000,,,,,,,,,,,,,,,,,,0,5.000000e+000,5.000000e-001,2,1,5.553894e-001,0,1,0,
1432766089.666,,0.000000e+000,9.480870e+001,2.795396e-007,0.000000e+000,1.663925e-001,0.000000e+000,3,7.477905e-001,1.825000e+000,,,,,,,,,,,,,,,,,,0,5.000000e+000,5.000000e-001,2,1,5.802155e-001,0,1,0,
1432766100.880,,0.000000e+000,9.417063e+001,2.662838e-007,0.000000e+000,8.611976e-002,0.000000e+000,3,7.636113e-001,1.825000e+000,,,,,,,,,,,,,,,,,,0,5.000000e+000,5.000000e-001,2,1,6.081696e-001,0,1,0,
1432766112.526,,0.000000e+000,9.344943e+001,2.744097e-007,0.000000e+000,6.346178e-002,0.000000e+000,3,7.365257e-001,1.825000e+000,,,,,,,,,,,,,,,,,,0,5.000000e+000,5.000000e-001,2,1,6.075897e-001,0,1,0,
1432766123.399,,0.000000e+000,9.277397e+001,2.523698e-007,0.000000e+000,1.426734e-001,0.000000e+000,3,7.429730e-001,1.825000e+000,,,,,,,,,,,,,,,,,,0,5.000000e+000,5.000000e-001,2,1,6.376572e-001,0,1,0,
1432766134.864,,0.000000e+000,9.203085e+001,2.862134e-007,0.000000e+000,9.806723e-002,0.000000e+000,3,7.526234e-001,1.825000e+000,,,,,,,,,,,,,,,,,,0,5.000000e+000,5.000000e-001,2,1,5.922928e-001,0,1,0,
1432766146.840,,0.000000e+000,9.122962e+001,2.984201e-007,0.000000e+000,7.025201e-002,0.000000e+000,3,7.727271e-001,1.825000e+000,,,,,,,,,,,,,,,,,,0,5.000000e+000,5.000000e-001,2,1,6.119385e-001,0,1,0,
1432766158.055,,0.000000e+000,9.048375e+001,2.491908e-007,0.000000e+000,5.061310e-002,0.000000e+000,3,6.981230e-001,1.825000e+000,,,,,,,,,,,,,,,,,,0,5.000000e+000,5.000000e-001,2,1,6.237106e-001,0,1,0,
1432766168.771,,0.000000e+000,8.971048e+001,3.133376e-007,0.000000e+000,9.735852e-002,0.000000e+000,3,7.509459e-001,1.825000e+000,,,,,,,,,,,,,,,,,,0,5.000000e+000,5.000000e-001,2,1,6.516266e-001,0,1,0,
1432766180.245,,0.000000e+000,8.889108e+001,2.576870e-007,0.000000e+000,7.420038e-002,0.000000e+000,3,6.981950e-001,1.825000e+000,,,,,,,,,,,,,,,,,,0,5.000000e+000,5.000000e-001,2,1,7.279434e-001,0,1,0,
1432766190.711,,0.000000e+000,8.815323e+001,2.831284e-007,0.000000e+000,9.957906e-002,0.000000e+000,3,7.440616e-001,1.825000e+000,,,,,,,,,,,,,,,,,,0,5.000000e+000,5.000000e-001,2,1,7.477570e-001,0,1,0,
1432766201.466,,0.000000e+000,8.734122e+001,2.725220e-007,0.000000e+000,4.151547e-002,0.000000e+000,3,6.840328e-001,1.825000e+000,,,,,,,,,,,,,,,,,,0,5.000000e+000,5.000000e-001,2,1,7.672272e-001,0,1,0,
1432766212.974,,0.000000e+000,8.648929e+001,2.732621e-007,0.000000e+000,5.134884e-002,0.000000e+000,3,7.493070e-001,1.825000e+000,,,,,,,,,,,,,,,,,,0,5.000000e+000,5.000000e-001,2,1,7.938309e-001,0,1,0,
1432766223.454,,0.000000e+000,8.565016e+001,2.652709e-007,0.000000e+000,1.972449e-002,0.000000e+000,3,6.668837e-001,1.825000e+000,,,,,,,,,,,,,,,,,,0,5.000000e+000,5.000000e-001,2,1,7.758560e-001,0,1,0,
1432766234.191,,0.000000e+000,8.485550e+001,2.478841e-007,0.000000e+000,-1.012142e-002,0.000000e+000,3,6.059449e-001,1.825000e+000,,,,,,,,,,,,,,,,,,0,5.000000e+000,5.000000e-001,2,1,8.134766e-001,0,1,0,
1432766245.906,,0.000000e+000,8.390128e+001,2.951085e-007,0.000000e+000,1.804594e-002,0.000000e+000,3,7.445638e-001,1.825000e+000,,,,,,,,,,,,,,,,,,0,5.000000e+000,5.000000e-001,2,1,7.912750e-001,0,1,0,
1432766256.907,,0.000000e+000,8.304143e+001,3.069626e-007,0.000000e+000,-4.344975e-002,0.000000e+000,3,7.273781e-001,1.825000e+000,,,,,,,,,,,,,,,,,,0,5.000000e+000,5.000000e-001,2,1,7.433090e-001,0,1,0,
1432766267.415,,0.000000e+000,8.221460e+001,2.902250e-007,0.000000e+000,1.124185e-002,0.000000e+000,3,5.969746e-001,1.825000e+000,,,,,,,,,,,,,,,,,,0,5.000000e+000,5.000000e-001,2,1,8.097458e-001,0,1,0,
1432766279.880,,0.000000e+000,8.125152e+001,3.179997e-007,0.000000e+000,-3.876101e-002,0.000000e+000,3,6.514554e-001,1.825000e+000,,,,,,,,,,,,,,,,,,0,5.000000e+000,5.000000e-001,2,1,7.542572e-001,0,1,0,
1432766290.596,,0.000000e+000,8.042152e+001,2.969977e-007,0.000000e+000,-4.741362e-002,0.000000e+000,3,6.449242e-001,1.825000e+000,,,,,,,,,,,,,,,,,,0,5.000000e+000,5.000000e-001,2,1,6.134262e-001,0,1,0,
1432766301.490,,0.000000e+000,7.953972e+001,2.973297e-007,0.000000e+000,-7.208178e-002,0.000000e+000,3,5.413133e-001,1.825000e+000,,,,,,,,,,,,,,,,,,0,5.000000e+000,5.000000e-001,2,1,7.593307e-001,0,1,0,
1432766312.843,,0.000000e+000,7.860426e+001,3.355507e-007,0.000000e+000,-1.249177e-001,0.000000e+000,3,5.835584e-001,1.825000e+000,,,,,,,,,,,,,,,,,,0,5.000000e+000,5.000000e-001,2,1,7.890320e-001,0,1,0,
1432766324.059,,0.000000e+000,7.771564e+001,3.355385e-007,0.000000e+000,-1.230175e-001,0.000000e+000,3,5.568371e-001,1.825000e+000,,,,,,,,,,,,,,,,,,0,5.000000e+000,5.000000e-001,2,1,8.712692e-001,0,1,0,
1432766334.525,,0.000000e+000,7.684108e+001,3.350532e-007,0.000000e+000,-1.377667e-001,0.000000e+000,3,4.891012e-001,1.825000e+000,,,,,,,,,,,,,,,,,,0,5.000000e+000,5.000000e-001,2,1,8.778458e-001,0,1,0,
1432766346.425,,0.000000e+000,7.580071e+001,3.501401e-007,0.000000e+000,-1.620770e-001,0.000000e+000,3,4.796073e-001,1.825000e+000,,,,,,,,,,,,,,,,,,0,5.000000e+000,5.000000e-001,2,1,8.068085e-001,0,1,0,
1432766357.036,,0.000000e+000,7.489590e+001,3.635408e-007,0.000000e+000,-1.696807e-001,0.000000e+000,3,4.720182e-001,1.825000e+000,,,,,,,,,,,,,,,,,,0,5.000000e+000,5.000000e-001,2,1,8.367233e-001,0,1,0,
1432766368.000,,0.000000e+000,7.397429e+001,4.213287e-007,0.000000e+000,-2.105766e-001,0.000000e+000,3,4.792885e-001,1.825000e+000,,,,,,,,,,,,,,,,,,0,5.000000e+000,5.000000e-001,2,1,8.629150e-001,0,1,0,
1432766379.646,,0.000000e+000,7.293213e+001,4.423228e-007,0.000000e+000,-2.278082e-001,0.000000e+000,3,4.245440e-001,1.825000e+000,,,,,,,,,,,,,,,,,,0,5.000000e+000,5.000000e-001,2,1,8.664017e-001,0,1,0,
1432766389.968,,0.000000e+000,7.204237e+001,4.741933e-007,0.000000e+000,-2.831933e-001,0.000000e+000,3,3.910017e-001,1.825000e+000,,,,,,,,,,,,,,,,,,0,5.000000e+000,5.000000e-001,2,1,7.717819e-001,0,1,0,
1432766400.683,,0.000000e+000,7.106467e+001,5.197379e-007,0.000000e+000,-2.749583e-001,0.000000e+000,3,3.832985e-001,1.825000e+000,,,,,,,,,,,,,,,,,,0,5.000000e+000,5.000000e-001,2,1,8.582077e-001,0,1,0,
1432766412.847,,0.000000e+000,6.997984e+001,5.756161e-007,0.000000e+000,-3.335873e-001,0.000000e+000,3,3.155096e-001,1.825000e+000,,,,,,,,,,,,,,,,,,0,5.000000e+000,5.000000e-001,2,1,8.897629e-001,0,1,0,
1432766423.420,,0.000000e+000,6.901596e+001,6.186577e-007,0.000000e+000,-3.425784e-001,0.000000e+000,3,2.204527e-001,1.825000e+000,,,,,,,,,,,,,,,,,,0,5.000000e+000,5.000000e-001,2,1,8.750000e-001,0,1,0,
1432766435.674,,0.000000e+000,6.792346e+001,7.436424e-007,0.000000e+000,-3.849519e-001,0.000000e+000,3,2.251325e-001,1.825000e+000,,,,,,,,,,,,,,,,,,0,5.000000e+000,5.000000e-001,2,1,9.205704e-001,0,1,0,
1432766446.138,,0.000000e+000,6.698692e+001,8.270079e-007,0.000000e+000,-3.890673e-001,0.000000e+000,3,1.858894e-001,1.825000e+000,,,,,,,,,,,,,,,,,,0,5.000000e+000,5.000000e-001,2,1,8.162460e-001,0,1,0,
1432766457.623,,0.000000e+000,6.593954e+001,9.109295e-007,0.000000e+000,-3.945479e-001,0.000000e+000,3,1.397959e-001,1.825000e+000,,,,,,,,,,,,,,,,,,0,5.000000e+000,5.000000e-001,2,1,8.848190e-001,0,1,0,
1432766468.087,,0.000000e+000,6.488072e+001,1.083001e-006,0.000000e+000,-4.439584e-001,0.000000e+000,3,1.145131e-001,1.825000e+000,,,,,,,,,,,,,,,,,,0,5.000000e+000,5.000000e-001,2,1,1.045898e+000,0,1,0,
1432766480.505,,0.000000e+000,6.343450e+001,1.271595e-006,0.000000e+000,-4.539681e-001,0.000000e+000,3,5.543395e-002,1.825000e+000,,,,,,,,,,,,,,,,,,0,5.000000e+000,5.000000e-001,2,1,1.189899e+000,0,1,0,
1432766491.137,,0.000000e+000,6.219515e+001,1.524975e-006,0.000000e+000,-4.771906e-001,0.000000e+000,3,3.784170e-002,1.825000e+000,,,,,,,,,,,,,,,,,,0,5.000000e+000,5.000000e-001,2,1,1.116009e+000,0,1,0,
1432766503.102,,0.000000e+000,6.088667e+001,1.767364e-006,0.000000e+000,-4.873948e-001,0.000000e+000,3,2.853601e-002,1.825000e+000,,,,,,,,,,,,,,,,,,0,5.000000e+000,5.000000e-001,2,1,8.816299e-001,0,1,0,
1432766514.819,,0.000000e+000,5.988409e+001,2.001148e-006,0.000000e+000,-4.880100e-001,0.000000e+000,3,2.837233e-002,1.825000e+000,,,,,,,,,,,,,,,,,,0,5.000000e+000,5.000000e-001,2,1,8.065414e-001,0,1,0,
1432766682.126,,0.000000e+000,6.004408e+001,1.773579e-006,0.000000e+000,-4.832874e-001,0.000000e+000,3,1.613621e-002,1.825000e+000,,,,,,,,,,,,,,,,,,0,5.000000e+000,5.000000e-001,2,1,1.770020e-003,0,1,0,
1432766692.591,,0.000000e+000,6.003967e+001,1.755329e-006,0.000000e+000,-4.838633e-001,0.000000e+000,3,2.728804e-002,1.825000e+000,,,,,,,,,,,,,,,,,,0,5.000000e+000,5.000000e-001,2,1,3.528595e-003,0,1,0,
1432766703.056,,0.000000e+000,6.003350e+001,1.770491e-006,0.000000e+000,-4.904833e-001,0.000000e+000,3,2.533396e-002,1.825000e+000,,,,,,,,,,,,,,,,,,0,5.000000e+000,5.000000e-001,2,1,1.586914e-002,0,1,0,
1432766713.522,,0.000000e+000,6.002117e+001,1.740894e-006,0.000000e+000,-4.758165e-001,0.000000e+000,3,1.936671e-002,1.825000e+000,,,,,,,,,,,,,,,,,,0,5.000000e+000,5.000000e-001,2,1,8.800507e-003,0,1,0,
1432766723.987,,0.000000e+000,6.002998e+001,1.758090e-006,0.000000e+000,-4.875672e-001,0.000000e+000,3,2.001428e-002,1.825000e+000,,,,,,,,,,,,,,,,,,0,5.000000e+000,5.000000e-001,2,1,1.762390e-003,0,1,0,
1432766734.452,,0.000000e+000,6.002206e+001,1.755851e-006,0.000000e+000,-4.856944e-001,0.000000e+000,3,2.646154e-002,1.825000e+000,,,,,,,,,,,,,,,,,,0,5.000000e+000,5.000000e-001,2,1,1.408768e-002,0,1,0,
1432766744.916,,0.000000e+000,6.001236e+001,1.786704e-006,0.000000e+000,-4.780544e-001,0.000000e+000,3,5.056413e-002,1.825000e+000,,,,,,,,,,,,,,,,,,0,5.000000e+000,5.000000e-001,2,1,1.770020e-003,0,1,0,
1432766755.381,,0.000000e+000,6.000972e+001,1.726970e-006,0.000000e+000,-4.857344e-001,0.000000e+000,3,4.962558e-003,1.825000e+000,,,,,,,,,,,,,,,,,,0,5.000000e+000,5.000000e-001,2,1,3.517151e-003,0,1,0,
1432766765.595,,0.000000e+000,6.001060e+001,1.739971e-006,0.000000e+000,-4.774856e-001,0.000000e+000,3,2.188571e-002,1.825000e+000,,,,,,,,,,,,,,,,,,0,5.000000e+000,5.000000e-001,2,1,5.287170e-003,0,1,0,
1432766776.060,,0.000000e+000,6.000796e+001,1.759442e-006,0.000000e+000,-4.859163e-001,0.000000e+000,3,3.280915e-002,1.825000e+000,,,,,,,,,,,,,,,,,,0,5.000000e+000,5.000000e-001,2,1,7.038116e-003,0,1,0,
1432766786.275,,0.000000e+000,6.001060e+001,1.725939e-006,0.000000e+000,-4.885330e-001,0.000000e+000,3,0.000000e+000,1.825000e+000,,,,,,,,,,,,,,,,,,0,5.000000e+000,5.000000e-001,2,1,1.232910e-002,0,1,0,
1432766796.740,,0.000000e+000,6.001060e+001,1.766103e-006,0.000000e+000,-4.863690e-001,0.000000e+000,3,4.586481e-002,1.825000e+000,,,,,,,,,,,,,,,,,,0,5.000000e+000,5.000000e-001,2,1,1.758575e-003,0,1,0,
1432766807.205,,0.000000e+000,6.000444e+001,1.752735e-006,0.000000e+000,-4.832010e-001,0.000000e+000,3,2.340741e-002,1.825000e+000,,,,,,,,,,,,,,,,,,0,5.000000e+000,5.000000e-001,2,1,1.055908e-002,0,1,0,
1432766817.670,,0.000000e+000,6.000533e+001,1.744776e-006,0.000000e+000,-4.835353e-001,0.000000e+000,3,3.141246e-002,1.825000e+000,,,,,,,,,,,,,,,,,,0,5.000000e+000,5.000000e-001,2,1,5.271912e-003,0,1,0,
1432766828.135,,0.000000e+000,6.000356e+001,1.768720e-006,0.000000e+000,-4.865854e-001,0.000000e+000,3,3.303620e-002,1.825000e+000,,,,,,,,,,,,,,,,,,0,5.000000e+000,5.000000e-001,2,1,5.279541e-003,0,1,0,
1432766838.349,,0.000000e+000,6.000180e+001,1.716014e-006,0.000000e+000,-4.850274e-001,0.000000e+000,3,1.714451e-003,1.825000e+000,,,,,,,,,,,,,,,,,,0,5.000000e+000,5.000000e-001,2,1,8.800507e-003,0,1,0,
1432766848.815,,0.000000e+000,5.999740e+001,1.760314e-006,0.000000e+000,-4.819756e-001,0.000000e+000,3,4.052065e-002,1.825000e+000,,,,,,,,,,,,,,,,,,0,5.000000e+000,5.000000e-001,2,1,0.000000e+000,0,1,0,
1432766859.542,,0.000000e+000,6.000092e+001,1.719184e-006,0.000000e+000,-4.836826e-001,0.000000e+000,3,1.493210e-002,1.825000e+000,,,,,,,,,,,,,,,,,,0,5.000000e+000,5.000000e-001,2,1,7.041931e-003,0,1,0,
1432766870.035,,0.000000e+000,6.000092e+001,1.743683e-006,0.000000e+000,-4.830981e-001,0.000000e+000,3,2.947706e-002,1.825000e+000,,,,,,,,,,,,,,,,,,0,5.000000e+000,5.000000e-001,2,1,3.528595e-003,0,1,0,
1432766880.250,,0.000000e+000,6.000180e+001,1.730045e-006,0.000000e+000,-4.817574e-001,0.000000e+000,3,7.618279e-003,1.825000e+000,,,,,,,,,,,,,,,,,,0,5.000000e+000,5.000000e-001,2,1,5.279541e-003,0,1,0,
1432766890.964,,0.000000e+000,6.000444e+001,1.767735e-006,0.000000e+000,-4.802864e-001,0.000000e+000,3,4.961591e-002,1.825000e+000,,,,,,,,,,,,,,,,,,0,5.000000e+000,5.000000e-001,2,1,3.509521e-003,0,1,0,
1432766901.428,,0.000000e+000,6.000356e+001,1.728484e-006,0.000000e+000,-4.851535e-001,0.000000e+000,3,1.886757e-002,1.825000e+000,,,,,,,,,,,,,,,,,,0,5.000000e+000,5.000000e-001,2,1,1.750946e-003,0,1,0,
1432766912.142,,0.000000e+000,5.999916e+001,1.754370e-006,0.000000e+000,-4.876054e-001,0.000000e+000,3,2.890349e-002,1.825000e+000,,,,,,,,,,,,,,,,,,0,5.000000e+000,5.000000e-001,2,1,1.055145e-002,0,1,0,
1432766922.607,,0.000000e+000,5.999477e+001,1.739262e-006,0.000000e+000,-4.877806e-001,0.000000e+000,3,2.967520e-002,1.825000e+000,,,,,,,,,,,,,,,,,,0,5.000000e+000,5.000000e-001,2,1,1.762390e-003,0,1,0,
1432766932.822,,0.000000e+000,5.999652e+001,1.758782e-006,0.000000e+000,-4.805922e-001,0.000000e+000,3,4.369943e-002,1.825000e+000,,,,,,,,,,,,,,,,,,0,5.000000e+000,5.000000e-001,2,1,1.747131e-003,0,1,0,
1432766943.036,,0.000000e+000,5.999564e+001,1.756274e-006,0.000000e+000,-4.824505e-001,0.000000e+000,3,3.977403e-002,1.825000e+000,,,,,,,,,,,,,,,,,,0,5.000000e+000,5.000000e-001,2,1,3.509521e-003,0,1,0,
1432766953.752,,0.000000e+000,6.000180e+001,1.743066e-006,0.000000e+000,-4.846972e-001,0.000000e+000,3,3.699327e-002,1.825000e+000,,,,,,,,,,,,,,,,,,0,5.000000e+000,5.000000e-001,2,1,1.770020e-003,0,1,0,
1432766964.467,,0.000000e+000,6.000092e+001,1.716533e-006,0.000000e+000,-4.881380e-001,0.000000e+000,3,6.499452e-003,1.825000e+000,,,,,,,,,,,,,,,,,,0,5.000000e+000,5.000000e-001,2,1,3.528595e-003,0,1,0,
1432766974.933,,0.000000e+000,5.999916e+001,1.744937e-006,0.000000e+000,-4.800134e-001,0.000000e+000,3,4.015214e-002,1.825000e+000,,,,,,,,,,,,,,,,,,0,5.000000e+000,5.000000e-001,2,1,0.000000e+000,0,1,0,
1432766985.458,,0.000000e+000,5.999652e+001,1.729144e-006,0.000000e+000,-4.827327e-001,0.000000e+000,3,2.187537e-002,1.825000e+000,,,,,,,,,,,,,,,,,,0,5.000000e+000,5.000000e-001,2,1,5.271912e-003,0,1,0,
1432766995.923,,0.000000e+000,6.000005e+001,1.767714e-006,0.000000e+000,-4.802583e-001,0.000000e+000,3,4.843941e-002,1.825000e+000,,,,,,,,,,,,,,,,,,0,5.000000e+000,5.000000e-001,2,1,8.789063e-003,0,1,0,
1432767006.899,,0.000000e+000,6.000532e+001,1.760974e-006,0.000000e+000,-4.836924e-001,0.000000e+000,3,4.831681e-002,1.825000e+000,,,,,,,,,,,,,,,,,,0,5.000000e+000,5.000000e-001,2,1,8.800507e-003,0,1,0,
1432767017.365,,0.000000e+000,6.000269e+001,1.718720e-006,0.000000e+000,-4.850800e-001,0.000000e+000,3,1.298729e-002,1.825000e+000,,,,,,,,,,,,,,,,,,0,5.000000e+000,5.000000e-001,2,1,0.000000e+000,0,1,0,
1432767027.828,,0.000000e+000,5.999916e+001,1.751667e-006,0.000000e+000,-4.789170e-001,0.000000e+000,3,4.165210e-002,1.825000e+000,,,,,,,,,,,,,,,,,,0,5.000000e+000,5.000000e-001,2,1,3.520966e-003,0,1,0,
1432767160.305,,0.000000e+000,5.999477e+001,1.727651e-006,0.000000e+000,-4.852441e-001,0.000000e+000,3,1.955217e-002,1.825000e+000,,,,,,,,,,,,,,,,,,0,5.000000e+000,5.000000e-001,2,1,8.789063e-003,0,1,0,
1432767171.380,,0.000000e+000,5.999653e+001,1.712449e-006,0.000000e+000,-4.825247e-001,0.000000e+000,3,6.704805e-003,1.825000e+000,,,,,,,,,,,,,,,,,,0,5.000000e+000,5.000000e-001,2,1,1.231766e-002,0,1,0,
1432767231.600,,0.000000e+000,5.874355e+001,2.057626e-006,0.000000e+000,-4.942038e-001,0.000000e+000,3,1.099966e-002,1.825000e+000,,,,,,,,,,,,,,,,,,0,5.000000e+000,5.000000e-001,2,1,3.936996e-001,0,1,0,
1432767242.815,,0.000000e+000,5.830244e+001,2.188225e-006,0.000000e+000,-4.989473e-001,0.000000e+000,3,1.494787e-002,1.825000e+000,,,,,,,,,,,,,,,,,,0,5.000000e+000,5.000000e-001,2,1,4.113312e-001,0,1,0,
1432767255.079,,0.000000e+000,5.778635e+001,2.320862e-006,0.000000e+000,-5.056692e-001,0.000000e+000,3,4.299566e-004,1.825000e+000,,,,,,,,,,,,,,,,,,0,5.000000e+000,5.000000e-001,2,1,3.732491e-001,0,1,0,
1432767266.043,,0.000000e+000,5.732671e+001,2.446651e-006,0.000000e+000,-5.054765e-001,0.000000e+000,3,4.600988e-003,1.825000e+000,,,,,,,,,,,,,,,,,,0,5.000000e+000,5.000000e-001,2,1,4.062576e-001,0,1,0,
1432767280.757,,0.000000e+000,5.670373e+001,2.619012e-006,0.000000e+000,-5.093655e-001,0.000000e+000,3,0.000000e+000,1.825000e+000,,,,,,,,,,,,,,,,,,0,5.000000e+000,5.000000e-001,2,1,3.899117e-001,0,1,0,
1432767291.973,,0.000000e+000,5.620924e+001,2.751928e-006,0.000000e+000,-5.145967e-001,0.000000e+000,3,0.000000e+000,1.825000e+000,,,,,,,,,,,,,,,,,,0,5.000000e+000,5.000000e-001,2,1,4.330711e-001,0,1,0,
1432767302.941,,0.000000e+000,5.574183e+001,2.922584e-006,0.000000e+000,-5.178324e-001,0.000000e+000,3,0.000000e+000,1.825000e+000,,,,,,,,,,,,,,,,,,0,5.000000e+000,5.000000e-001,2,1,4.093704e-001,0,1,0,
1432767313.406,,0.000000e+000,5.525935e+001,3.034619e-006,0.000000e+000,-5.220867e-001,0.000000e+000,3,0.000000e+000,1.825000e+000,,,,,,,,,,,,,,,,,,0,5.000000e+000,5.000000e-001,2,1,4.040985e-001,0,1,0,
1432767326.372,,0.000000e+000,5.471965e+001,3.242856e-006,0.000000e+000,-5.254464e-001,0.000000e+000,3,0.000000e+000,1.825000e+000,,,,,,,,,,,,,,,,,,0,5.000000e+000,5.000000e-001,2,1,4.609222e-001,0,1,0,
1432767337.034,,0.000000e+000,5.416813e+001,3.410234e-006,0.000000e+000,-5.248739e-001,0.000000e+000,3,0.000000e+000,1.825000e+000,,,,,,,,,,,,,,,,,,0,5.000000e+000,5.000000e-001,2,1,4.756584e-001,0,1,0,
1432767347.368,,0.000000e+000,5.368863e+001,3.551991e-006,0.000000e+000,-5.305330e-001,0.000000e+000,3,0.000000e+000,1.825000e+000,,,,,,,,,,,,,,,,,,0,5.000000e+000,5.000000e-001,2,1,4.833412e-001,0,1,0,
1432767357.867,,0.000000e+000,5.316125e+001,3.784317e-006,0.000000e+000,-5.270908e-001,0.000000e+000,3,0.000000e+000,1.825000e+000,,,,,,,,,,,,,,,,,,0,5.000000e+000,5.000000e-001,2,1,4.897194e-001,0,1,0,
1432767369.582,,0.000000e+000,5.260394e+001,3.970988e-006,0.000000e+000,-5.310053e-001,0.000000e+000,3,0.000000e+000,1.825000e+000,,,,,,,,,,,,,,,,,,0,5.000000e+000,5.000000e-001,2,1,4.977989e-001,0,1,0,
1432767380.800,,0.000000e+000,5.201788e+001,4.207428e-006,0.000000e+000,-5.314171e-001,0.000000e+000,3,0.000000e+000,1.825000e+000,,,,,,,,,,,,,,,,,,0,5.000000e+000,5.000000e-001,2,1,4.578667e-001,0,1,0,
1432767391.519,,0.000000e+000,5.145409e+001,4.392199e-006,0.000000e+000,-5.374203e-001,0.000000e+000,3,0.000000e+000,1.825000e+000,,,,,,,,,,,,,,,,,,0,5.000000e+000,5.000000e-001,2,1,4.577103e-001,0,1,0,
1432767401.985,,0.000000e+000,5.093460e+001,4.644321e-006,0.000000e+000,-5.371134e-001,0.000000e+000,3,0.000000e+000,1.825000e+000,,,,,,,,,,,,,,,,,,0,5.000000e+000,5.000000e-001,2,1,4.721413e-001,0,1,0,
1432767413.952,,0.000000e+000,5.031816e+001,4.926408e-006,0.000000e+000,-5.415114e-001,0.000000e+000,3,0.000000e+000,1.825000e+000,,,,,,,,,,,,,,,,,,0,5.000000e+000,5.000000e-001,2,1,5.418320e-001,0,1,0,
1432767424.167,,0.000000e+000,4.977091e+001,5.213230e-006,0.000000e+000,-5.407622e-001,0.000000e+000,3,0.000000e+000,1.825000e+000,,,,,,,,,,,,,,,,,,0,5.000000e+000,5.000000e-001,2,1,4.457817e-001,0,1,0,
1432767435.132,,0.000000e+000,4.919453e+001,5.522647e-006,0.000000e+000,-5.451638e-001,0.000000e+000,3,0.000000e+000,1.825000e+000,,,,,,,,,,,,,,,,,,0,5.000000e+000,5.000000e-001,2,1,5.071182e-001,0,1,0,
1432767445.347,,0.000000e+000,4.863630e+001,5.880426e-006,0.000000e+000,-5.472834e-001,0.000000e+000,3,0.000000e+000,1.825000e+000,,,,,,,,,,,,,,,,,,0,5.000000e+000,5.000000e-001,2,1,5.116272e-001,0,1,0,
1432767457.871,,0.000000e+000,4.796685e+001,6.376060e-006,0.000000e+000,-5.491141e-001,0.000000e+000,3,0.000000e+000,1.825000e+000,,,,,,,,,,,,,,,,,,0,5.000000e+000,5.000000e-001,2,1,5.683899e-001,0,1,0,
1432767468.796,,0.000000e+000,4.734943e+001,6.857893e-006,0.000000e+000,-5.514536e-001,0.000000e+000,3,0.000000e+000,1.825000e+000,,,,,,,,,,,,,,,,,,0,5.000000e+000,5.000000e-001,2,1,5.757103e-001,0,1,0,
1432767479.674,,0.000000e+000,4.673527e+001,7.456300e-006,0.000000e+000,-5.525981e-001,0.000000e+000,3,0.000000e+000,1.825000e+000,,,,,,,,,,,,,,,,,,0,5.000000e+000,5.000000e-001,2,1,5.243607e-001,0,1,0,
1432767489.912,,0.000000e+000,4.615519e+001,8.116271e-006,0.000000e+000,-5.528730e-001,0.000000e+000,3,0.000000e+000,1.825000e+000,,,,,,,,,,,,,,,,,,0,5.000000e+000,5.000000e-001,2,1,5.364914e-001,0,1,0,
1432767502.127,,0.000000e+000,4.549255e+001,9.015531e-006,0.000000e+000,-5.562125e-001,0.000000e+000,3,0.000000e+000,1.825000e+000,,,,,,,,,,,,,,,,,,0,5.000000e+000,5.000000e-001,2,1,5.425911e-001,0,1,0,
1432767512.591,,0.000000e+000,4.490247e+001,9.940570e-006,0.000000e+000,-5.584377e-001,0.000000e+000,3,0.000000e+000,1.825000e+000,,,,,,,,,,,,,,,,,,0,5.000000e+000,5.000000e-001,2,1,5.494270e-001,0,1,0,
1432767523.608,,0.000000e+000,4.424105e+001,1.114457e-005,0.000000e+000,-5.592598e-001,0.000000e+000,3,0.000000e+000,1.825000e+000,,,,,,,,,,,,,,,,,,0,5.000000e+000,5.000000e-001,2,1,5.399704e-001,0,1,0,
1432767534.323,,0.000000e+000,4.364068e+001,1.246155e-005,0.000000e+000,-5.630245e-001,0.000000e+000,3,0.000000e+000,1.825000e+000,,,,,,,,,,,,,,,,,,0,5.000000e+000,5.000000e-001,2,1,5.423393e-001,0,1,0,
1432767546.538,,0.000000e+000,4.290841e+001,1.414331e-005,0.000000e+000,-5.635381e-001,0.000000e+000,3,0.000000e+000,1.825000e+000,,,,,,,,,,,,,,,,,,0,5.000000e+000,5.000000e-001,2,1,5.318794e-001,0,1,0,
1432767557.018,,0.000000e+000,4.232892e+001,1.580902e-005,0.000000e+000,-5.650519e-001,0.000000e+000,3,0.000000e+000,1.825000e+000,,,,,,,,,,,,,,,,,,0,5.000000e+000,5.000000e-001,2,1,4.952812e-001,0,1,0,
1432767567.733,,0.000000e+000,4.172057e+001,1.746293e-005,0.000000e+000,-5.674407e-001,0.000000e+000,3,0.000000e+000,1.825000e+000,,,,,,,,,,,,,,,,,,0,5.000000e+000,5.000000e-001,2,1,6.196594e-001,0,1,0,
1432767578.949,,0.000000e+000,4.109485e+001,1.920130e-005,0.000000e+000,-5.671860e-001,0.000000e+000,3,0.000000e+000,1.825000e+000,,,,,,,,,,,,,,,,,,0,5.000000e+000,5.000000e-001,2,1,6.317787e-001,0,1,0,
1432767590.915,,0.000000e+000,4.035490e+001,2.100778e-005,0.000000e+000,-5.691519e-001,0.000000e+000,3,0.000000e+000,1.825000e+000,,,,,,,,,,,,,,,,,,0,5.000000e+000,5.000000e-001,2,1,5.663986e-001,0,1,0,
1432767610.909,,0.000000e+000,3.919736e+001,2.374572e-005,0.000000e+000,-5.708468e-001,0.000000e+000,3,0.000000e+000,1.825000e+000,,,,,,,,,,,,,,,,,,0,5.000000e+000,5.000000e-001,2,1,5.730286e-001,0,1,0,
1432767623.424,,0.000000e+000,3.847580e+001,2.527814e-005,0.000000e+000,-5.720426e-001,0.000000e+000,3,0.000000e+000,1.825000e+000,,,,,,,,,,,,,,,,,,0,5.000000e+000,5.000000e-001,2,1,5.958176e-001,0,1,0,
1432767634.141,,0.000000e+000,3.782417e+001,2.656555e-005,0.000000e+000,-5.724066e-001,0.000000e+000,3,0.000000e+000,1.825000e+000,,,,,,,,,,,,,,,,,,0,5.000000e+000,5.000000e-001,2,1,5.919685e-001,0,1,0,
1432767645.355,,0.000000e+000,3.713042e+001,2.786162e-005,0.000000e+000,-5.728319e-001,0.000000e+000,3,0.000000e+000,1.825000e+000,,,,,,,,,,,,,,,,,,0,5.000000e+000,5.000000e-001,2,1,5.238686e-001,0,1,0,
1432767655.589,,0.000000e+000,3.651011e+001,2.902189e-005,0.000000e+000,-5.730445e-001,0.000000e+000,3,0.000000e+000,1.825000e+000,,,,,,,,,,,,,,,,,,0,5.000000e+000,5.000000e-001,2,1,5.878906e-001,0,1,0,
1432767667.554,,0.000000e+000,3.584113e+001,3.030540e-005,0.000000e+000,-5.733644e-001,0.000000e+000,3,0.000000e+000,1.825000e+000,,,,,,,,,,,,,,,,,,0,5.000000e+000,5.000000e-001,2,1,5.987206e-001,0,1,0,
1432767678.770,,0.000000e+000,3.516997e+001,3.148414e-005,0.000000e+000,-5.736776e-001,0.000000e+000,3,0.000000e+000,1.825000e+000,,,,,,,,,,,,,,,,,,0,5.000000e+000,5.000000e-001,2,1,5.988007e-001,0,1,0,
1432767688.985,,0.000000e+000,3.453529e+001,3.255731e-005,0.000000e+000,-5.749521e-001,0.000000e+000,3,0.000000e+000,1.825000e+000,,,,,,,,,,,,,,,,,,0,5.000000e+000,5.000000e-001,2,1,5.283585e-001,0,1,0,
1432767700.389,,0.000000e+000,3.384504e+001,3.364436e-005,0.000000e+000,-5.748323e-001,0.000000e+000,3,0.000000e+000,1.825000e+000,,,,,,,,,,,,,,,,,,0,5.000000e+000,5.000000e-001,2,1,5.569191e-001,0,1,0,
1432767711.462,,0.000000e+000,3.321549e+001,3.469813e-005,0.000000e+000,-5.755191e-001,0.000000e+000,3,0.000000e+000,1.825000e+000,,,,,,,,,,,,,,,,,,0,5.000000e+000,5.000000e-001,2,1,5.715370e-001,0,1,0,
1432767721.934,,0.000000e+000,3.257668e+001,3.569835e-005,0.000000e+000,-5.755979e-001,0.000000e+000,3,0.000000e+000,1.825000e+000,,,,,,,,,,,,,,,,,,0,5.000000e+000,5.000000e-001,2,1,4.463120e-001,0,1,0,
1432767732.648,,0.000000e+000,3.198145e+001,3.663463e-005,0.000000e+000,-5.758326e-001,0.000000e+000,3,0.000000e+000,1.825000e+000,,,,,,,,,,,,,,,,,,0,5.000000e+000,5.000000e-001,2,1,5.037384e-001,0,1,0,
1432767744.304,,0.000000e+000,3.130533e+001,3.763269e-005,0.000000e+000,-5.760194e-001,0.000000e+000,3,0.000000e+000,1.825000e+000,,,,,,,,,,,,,,,,,,0,5.000000e+000,5.000000e-001,2,1,4.822998e-001,0,1,0,
1432767755.127,,0.000000e+000,3.078443e+001,3.853071e-005,0.000000e+000,-5.770526e-001,0.000000e+000,3,0.000000e+000,1.825000e+000,,,,,,,,,,,,,,,,,,0,5.000000e+000,5.000000e-001,2,1,5.594997e-001,0,1,0,
1432767766.172,,0.000000e+000,3.013297e+001,3.945773e-005,0.000000e+000,-5.770825e-001,0.000000e+000,3,0.000000e+000,1.825000e+000,,,,,,,,,,,,,,,,,,0,5.000000e+000,5.000000e-001,2,1,4.972916e-001,0,1,0,
1432767776.637,,0.000000e+000,2.952417e+001,4.025456e-005,0.000000e+000,-5.775918e-001,0.000000e+000,3,0.000000e+000,1.825000e+000,,,,,,,,,,,,,,,,,,0,5.000000e+000,5.000000e-001,2,1,4.790001e-001,0,1,0,
1432767789.103,,0.000000e+000,2.892741e+001,4.113786e-005,0.000000e+000,-5.779113e-001,0.000000e+000,3,0.000000e+000,1.825000e+000,,,,,,,,,,,,,,,,,,0,5.000000e+000,5.000000e-001,2,1,4.890690e-001,0,1,0,
1432767800.089,,0.000000e+000,2.838582e+001,4.192769e-005,0.000000e+000,-5.784135e-001,0.000000e+000,3,0.000000e+000,1.825000e+000,,,,,,,,,,,,,,,,,,0,5.000000e+000,5.000000e-001,2,1,4.759197e-001,0,1,0,
1432767810.608,,0.000000e+000,2.781723e+001,4.269736e-005,0.000000e+000,-5.782248e-001,0.000000e+000,3,0.000000e+000,1.825000e+000,,,,,,,,,,,,,,,,,,0,5.000000e+000,5.000000e-001,2,1,5.431309e-001,0,1,0,
1432767830.375,,0.000000e+000,2.677300e+001,4.410136e-005,0.000000e+000,-5.793746e-001,0.000000e+000,3,0.000000e+000,1.825000e+000,,,,,,,,,,,,,,,,,,0,5.000000e+000,5.000000e-001,2,1,4.409103e-001,0,1,0,
1432767841.841,,0.000000e+000,2.614779e+001,4.496820e-005,0.000000e+000,-5.792614e-001,0.000000e+000,3,0.000000e+000,1.825000e+000,,,,,,,,,,,,,,,,,,0,5.000000e+000,5.000000e-001,2,1,4.385300e-001,0,1,0,
1432767852.806,,0.000000e+000,2.557549e+001,4.566036e-005,0.000000e+000,-5.794790e-001,0.000000e+000,3,0.000000e+000,1.825000e+000,,,,,,,,,,,,,,,,,,0,5.000000e+000,5.000000e-001,2,1,4.672985e-001,0,1,0,
1432767864.022,,0.000000e+000,2.502859e+001,4.644347e-005,0.000000e+000,-5.801960e-001,0.000000e+000,3,0.000000e+000,1.825000e+000,,,,,,,,,,,,,,,,,,0,5.000000e+000,5.000000e-001,2,1,5.042915e-001,0,1,0,
1432767875.416,,0.000000e+000,2.426941e+001,4.736277e-005,0.000000e+000,-5.803505e-001,0.000000e+000,3,0.000000e+000,1.825000e+000,,,,,,,,,,,,,,,,,,0,5.000000e+000,5.000000e-001,2,1,7.383900e-001,0,1,0,
1432767886.987,,0.000000e+000,2.340267e+001,4.854229e-005,0.000000e+000,-5.806117e-001,0.000000e+000,3,0.000000e+000,1.825000e+000,,,,,,,,,,,,,,,,,,0,5.000000e+000,5.000000e-001,2,1,8.068810e-001,0,1,0,
1432767897.901,,0.000000e+000,2.281135e+001,4.922201e-005,0.000000e+000,-5.800620e-001,0.000000e+000,3,0.000000e+000,1.825000e+000,,,,,,,,,,,,,,,,,,0,5.000000e+000,5.000000e-001,2,1,2.980614e-001,0,1,0,
1432767908.473,,0.000000e+000,2.265785e+001,4.927732e-005,0.000000e+000,-5.803854e-001,0.000000e+000,3,0.000000e+000,1.825000e+000,,,,,,,,,,,,,,,,,,0,5.000000e+000,5.000000e-001,2,1,3.440857e-003,0,1,0,
1432767918.939,,0.000000e+000,2.262119e+001,4.931989e-005,0.000000e+000,-5.800659e-001,0.000000e+000,3,0.000000e+000,1.825000e+000,,,,,,,,,,,,,,,,,,0,5.000000e+000,5.000000e-001,2,1,6.853104e-002,0,1,0,
1432767929.432,,0.000000e+000,2.200970e+001,5.020646e-005,0.000000e+000,-5.807189e-001,0.000000e+000,3,0.000000e+000,1.825000e+000,,,,,,,,,,,,,,,,,,0,5.000000e+000,5.000000e-001,2,1,1.026329e+000,0,1,0,
1432767941.666,,0.000000e+000,2.079593e+001,5.164774e-005,0.000000e+000,-5.808422e-001,0.000000e+000,3,0.000000e+000,1.825000e+000,,,,,,,,,,,,,,,,,,0,5.000000e+000,5.000000e-001,2,1,7.755184e-001,0,1,0,
1432767952.631,,0.000000e+000,2.001122e+001,5.241600e-005,0.000000e+000,-5.813689e-001,0.000000e+000,3,0.000000e+000,1.825000e+000,,,,,,,,,,,,,,,,,,0,5.000000e+000,5.000000e-001,2,1,4.873505e-001,0,1,0,
1432767963.101,,0.000000e+000,1.973127e+001,5.278701e-005,0.000000e+000,-5.807582e-001,0.000000e+000,3,0.000000e+000,1.825000e+000,,,,,,,,,,,,,,,,,,0,5.000000e+000,5.000000e-001,2,1,7.255936e-002,0,1,0,
1432767973.567,,0.000000e+000,1.970259e+001,5.274035e-005,0.000000e+000,-5.811117e-001,0.000000e+000,3,0.000000e+000,1.825000e+000,,,,,,,,,,,,,,,,,,0,5.000000e+000,5.000000e-001,2,1,7.869720e-003,0,1,0,
1432767985.032,,0.000000e+000,1.930523e+001,5.303451e-005,0.000000e+000,-5.811872e-001,0.000000e+000,3,0.000000e+000,1.825000e+000,,,,,,,,,,,,,,,,,,0,5.000000e+000,5.000000e-001,2,1,7.721996e-001,0,1,0,
1432767997.246,,0.000000e+000,1.816008e+001,5.463336e-005,0.000000e+000,-5.814716e-001,0.000000e+000,3,0.000000e+000,1.825000e+000,,,,,,,,,,,,,,,,,,0,5.000000e+000,5.000000e-001,2,1,8.942795e-001,0,1,0,
1432768008.734,,0.000000e+000,1.731234e+001,5.555309e-005,0.000000e+000,-5.816976e-001,0.000000e+000,3,0.000000e+000,1.825000e+000,,,,,,,,,,,,,,,,,,0,5.000000e+000,5.000000e-001,2,1,6.605091e-001,0,1,0,
1432768019.450,,0.000000e+000,1.670761e+001,5.607843e-005,0.000000e+000,-5.816559e-001,0.000000e+000,3,0.000000e+000,1.825000e+000,,,,,,,,,,,,,,,,,,0,5.000000e+000,5.000000e-001,2,1,3.288498e-001,0,1,0,
1432768030.964,,0.000000e+000,1.649410e+001,5.629826e-005,0.000000e+000,-5.812023e-001,0.000000e+000,3,0.000000e+000,1.825000e+000,,,,,,,,,,,,,,,,,,0,5.000000e+000,5.000000e-001,2,1,2.400970e-002,0,1,0,
1432768041.628,,0.000000e+000,1.649209e+001,5.620289e-005,0.000000e+000,-5.811587e-001,0.000000e+000,3,0.000000e+000,1.825000e+000,,,,,,,,,,,,,,,,,,0,5.000000e+000,5.000000e-001,2,1,3.765869e-002,0,1,0,
1432768052.474,,0.000000e+000,1.590571e+001,5.689794e-005,0.000000e+000,-5.813451e-001,0.000000e+000,3,0.000000e+000,1.825000e+000,,,,,,,,,,,,,,,,,,0,5.000000e+000,5.000000e-001,2,1,1.101979e+000,0,1,0,
1432768062.939,,0.000000e+000,1.476217e+001,5.822955e-005,0.000000e+000,-5.812353e-001,0.000000e+000,3,0.000000e+000,1.825000e+000,,,,,,,,,,,,,,,,,,0,5.000000e+000,5.000000e-001,2,1,1.185101e+000,0,1,0,
1432768075.195,,0.000000e+000,1.376669e+001,5.909026e-005,0.000000e+000,-5.814438e-001,0.000000e+000,3,0.000000e+000,1.825000e+000,,,,,,,,,,,,,,,,,,0,5.000000e+000,5.000000e-001,2,1,4.372797e-001,0,1,0,
1432768085.660,,0.000000e+000,1.338460e+001,5.940593e-005,0.000000e+000,-5.817034e-001,0.000000e+000,3,0.000000e+000,1.825000e+000,,,,,,,,,,,,,,,,,,0,5.000000e+000,5.000000e-001,2,1,2.523203e-001,0,1,0,
1432768096.126,,0.000000e+000,1.331031e+001,5.955665e-005,0.000000e+000,-5.815336e-001,0.000000e+000,3,0.000000e+000,1.825000e+000,,,,,,,,,,,,,,,,,,0,5.000000e+000,5.000000e-001,2,1,1.119394e-001,0,1,0,
1432768107.092,,0.000000e+000,1.363235e+001,5.911328e-005,0.000000e+000,-5.812677e-001,0.000000e+000,3,0.000000e+000,1.825000e+000,,,,,,,,,,,,,,,,,,0,5.000000e+000,5.000000e-001,2,1,4.464703e-001,0,1,0,
1432768117.868,,0.000000e+000,1.424246e+001,5.845267e-005,0.000000e+000,-5.816607e-001,0.000000e+000,3,0.000000e+000,1.825000e+000,,,,,,,,,,,,,,,,,,0,5.000000e+000,5.000000e-001,2,1,5.224600e-001,0,1,0,
1432768132.366,,0.000000e+000,1.497766e+001,5.759546e-005,0.000000e+000,-5.813678e-001,0.000000e+000,3,0.000000e+000,1.825000e+000,,,,,,,,,,,,,,,,,,0,5.000000e+000,5.000000e-001,2,1,6.838894e-001,0,1,0,
1432768143.331,,0.000000e+000,1.534566e+001,5.740451e-005,0.000000e+000,-5.814193e-001,0.000000e+000,3,0.000000e+000,1.825000e+000,,,,,,,,,,,,,,,,,,0,5.000000e+000,5.000000e-001,2,1,5.209064e-002,0,1,0,
1432768153.823,,0.000000e+000,1.526260e+001,5.756904e-005,0.000000e+000,-5.811593e-001,0.000000e+000,3,0.000000e+000,1.825000e+000,,,,,,,,,,,,,,,,,,0,5.000000e+000,5.000000e-001,2,1,1.855297e-001,0,1,0,
1432768164.788,,0.000000e+000,1.503433e+001,5.783989e-005,0.000000e+000,-5.810974e-001,0.000000e+000,3,0.000000e+000,1.825000e+000,,,,,,,,,,,,,,,,,,0,5.000000e+000,5.000000e-001,2,1,2.186403e-001,0,1,0,
1432768175.253,,0.000000e+000,1.491888e+001,5.790116e-005,0.000000e+000,-5.812898e-001,0.000000e+000,3,0.000000e+000,1.825000e+000,,,,,,,,,,,,,,,,,,0,5.000000e+000,5.000000e-001,2,1,1.225948e-002,0,1,0,
1432768242.006,,0.000000e+000,1.499911e+001,5.783867e-005,0.000000e+000,-5.810426e-001,0.000000e+000,3,0.000000e+000,1.825000e+000,,,,,,,,,,,,,,,,,,0,5.000000e+000,5.000000e-001,2,1,2.439499e-003,0,1,0,
1432768252.721,,0.000000e+000,1.500125e+001,5.780369e-005,0.000000e+000,-5.817276e-001,0.000000e+000,3,0.000000e+000,1.825000e+000,,,,,,,,,,,,,,,,,,0,5.000000e+000,5.000000e-001,2,1,0.000000e+000,0,1,0,
1432768263.688,,0.000000e+000,1.500095e+001,5.780557e-005,0.000000e+000,-5.814470e-001,0.000000e+000,3,0.000000e+000,1.825000e+000,,,,,,,,,,,,,,,,,,0,5.000000e+000,5.000000e-001,2,1,6.103516e-004,0,1,0,
1432768274.404,,0.000000e+000,1.500095e+001,5.780203e-005,0.000000e+000,-5.818486e-001,0.000000e+000,3,0.000000e+000,1.825000e+000,,,,,,,,,,,,,,,,,,0,5.000000e+000,5.000000e-001,2,1,6.103516e-004,0,1,0,
1432768285.370,,0.000000e+000,1.500018e+001,5.783093e-005,0.000000e+000,-5.809610e-001,0.000000e+000,3,0.000000e+000,1.825000e+000,,,,,,,,,,,,,,,,,,0,5.000000e+000,5.000000e-001,2,1,3.004074e-004,0,1,0,
1432768296.335,,0.000000e+000,1.499973e+001,5.783553e-005,0.000000e+000,-5.807866e-001,0.000000e+000,3,0.000000e+000,1.825000e+000,,,,,,,,,,,,,,,,,,0,5.000000e+000,5.000000e-001,2,1,6.093979e-004,0,1,0,
1432768364.147,,0.000000e+000,1.500171e+001,5.787439e-005,0.000000e+000,-5.807155e-001,0.000000e+000,3,0.000000e+000,1.825000e+000,,,,,,,,,,,,,,,,,,0,5.000000e+000,5.000000e-001,2,1,2.750397e-003,0,1,0,
1432768374.362,,0.000000e+000,1.500247e+001,5.771774e-005,0.000000e+000,-5.814839e-001,0.000000e+000,3,0.000000e+000,1.825000e+000,,,,,,,,,,,,,,,,,,0,5.000000e+000,5.000000e-001,2,1,6.103516e-004,0,1,0,
1432768486.838,,0.000000e+000,1.291484e+001,5.987814e-005,0.000000e+000,-5.807058e-001,0.000000e+000,3,0.000000e+000,1.825000e+000,,,,,,,,,,,,,,,,,,0,5.000000e+000,5.000000e-001,2,1,1.527996e-001,0,1,0,
1432768497.302,,0.000000e+000,1.275115e+001,6.006182e-005,0.000000e+000,-5.803444e-001,0.000000e+000,3,0.000000e+000,1.825000e+000,,,,,,,,,,,,,,,,,,0,5.000000e+000,5.000000e-001,2,1,1.626301e-001,0,0,0,
1432768612.036,,0.000000e+000,1.091193e+001,6.173144e-005,0.000000e+000,-5.810112e-001,0.000000e+000,3,0.000000e+000,1.825000e+000,,,,,,,,,,,,,,,,,,0,5.000000e+000,5.000000e-001,2,1,1.241398e-001,0,0,0,
1432768622.501,,0.000000e+000,1.075757e+001,6.184946e-005,0.000000e+000,-5.810773e-001,0.000000e+000,3,0.000000e+000,1.825000e+000,,,,,,,,,,,,,,,,,,0,5.000000e+000,5.000000e-001,2,1,1.274996e-001,0,0,0,
1432768739.255,,0.000000e+000,8.904657e+000,6.340776e-005,0.000000e+000,-5.808783e-001,0.000000e+000,3,0.000000e+000,1.825000e+000,,,,,,,,,,,,,,,,,,0,5.000000e+000,5.000000e-001,2,1,1.044235e-001,0,0,0,
1432768749.476,,0.000000e+000,8.759064e+000,6.350527e-005,0.000000e+000,-5.810101e-001,0.000000e+000,3,0.000000e+000,1.825000e+000,,,,,,,,,,,,,,,,,,0,5.000000e+000,5.000000e-001,2,1,1.529493e-001,0,0,0,
1432768858.249,,0.000000e+000,6.932283e+000,6.493359e-005,0.000000e+000,-5.809780e-001,0.000000e+000,3,0.000000e+000,1.825000e+000,,,,,,,,,,,,,,,,,,0,5.000000e+000,5.000000e-001,2,1,1.245317e-001,0,1,0,
1432768870.499,,0.000000e+000,6.753113e+000,6.504716e-005,0.000000e+000,-5.804712e-001,0.000000e+000,3,0.000000e+000,1.825000e+000,,,,,,,,,,,,,,,,,,0,5.000000e+000,5.000000e-001,2,1,1.516318e-001,0,1,0,
1432769133.842,,0.000000e+000,5.002624e+000,6.620801e-005,0.000000e+000,-5.809505e-001,0.000000e+000,3,0.000000e+000,1.825000e+000,,,,,,,,,,,,,,,,,,0,5.000000e+000,5.000000e-001,2,1,4.333019e-003,0,1,0,
1432769144.057,,0.000000e+000,5.004356e+000,6.621373e-005,0.000000e+000,-5.807113e-001,0.000000e+000,3,0.000000e+000,1.825000e+000,,,,,,,,,,,,,,,,,,0,5.000000e+000,5.000000e-001,2,1,8.678436e-004,0,1,0,
